# Studied params: width/Lf=3 afr= =0.01
01.00000000     473.00000000    01.00000000     00.00000000     -0.00000000     -0.00000000     
01.00000000     473.00000000    01.00000000     00.00000000     -0.00000000     -0.00000000     
01.00000000     473.00000000    01.00000000     00.00000000     -0.00000000     -0.00000000     
01.00000000     473.00000000    01.00000000     00.00000000     -0.00000000     -0.00000000     
01.00000000     473.00000000    01.00000000     00.00000000     -0.00000000     -0.00000000     
01.00000000     473.00000000    01.00000000     00.00000000     -0.00000000     -0.00000000     
01.00000000     473.00000000    01.00000000     00.00000000     -0.00000000     -0.00000000     
01.00000000     473.00000000    01.00000000     00.00000000     -0.00000000     -0.00000000     
01.00000000     473.00000000    01.00000000     00.00000000     -0.00000000     -0.00000000     
01.00000000     473.00000000    01.00000000     00.00000000     -0.00000000     -0.00000000     
01.00000000     473.00000000    01.00000000     00.00000000     -0.00000000     -0.00000000     
01.00000000     473.00000000    01.00000000     00.00000000     -0.00000000     -0.00000000     
01.00000000     473.00000000    01.00000000     00.00000000     -0.00000000     -0.00000000     
01.00000000     473.00000000    01.00000000     00.00000000     -0.00000000     -0.00000000     
01.00000000     473.00000000    01.00000000     00.00000000     -0.00000000     -0.00000000     
01.00000000     473.00000000    01.00000000     00.00000000     -0.00000000     -0.00000000     
01.00000000     473.00000000    01.00000000     00.00000000     -0.00000000     -0.00000000     
01.00000000     473.00000000    01.00000000     00.00000000     -0.00000000     -0.00000000     
01.00000000     473.00000000    01.00000000     00.00000000     -0.00000000     -0.00000000     
01.00000000     473.00000000    01.00000000     00.00000000     -0.00000000     -0.00000000     
01.00000000     473.00000000    01.00000000     00.00000000     -0.00000000     -0.00000000     
01.00000000     473.00000000    01.00000000     00.00000000     -0.00000000     -0.00000000     
01.00000000     473.00000000    01.00000000     00.00000000     -0.00000000     -0.00000000     
01.00000000     473.00000000    01.00000000     00.00000000     -0.00000000     -0.00000000     
01.00000000     473.00000000    01.00000000     00.00000000     -0.00000000     -0.00000000     
01.00000000     473.00000000    01.00000000     00.00000000     -0.00000000     -0.00000000     
01.00000000     473.00000000    01.00000000     00.00000000     -0.00000000     -0.00000000     
01.00000000     473.00000000    01.00000000     00.00000000     -0.00000000     -0.00000000     
01.00000000     473.00000000    01.00000000     00.00000000     -0.00000000     -0.00000000     
01.00000000     473.00000000    01.00000000     00.00000000     -0.00000000     -0.00000000     
01.00000000     473.00000000    01.00000000     00.00000000     -0.00000000     -0.00000000     
01.00000000     472.99999999    01.00000000     00.00000000     -0.00000000     -0.00000000     
01.00000000     472.99999996    01.00000000     00.00000000     -0.00000000     -0.00000000     
01.00000000     472.99999989    01.00000000     00.00000000     -0.00000000     -0.00000000     
01.00000000     472.99999979    01.00000000     00.00000000     -0.00000000     -0.00000000     
01.00000000     472.99999965    01.00000000     00.00000000     -0.00000000     -0.00000000     
01.00000000     472.99999951    01.00000000     00.00000000     -0.00000000     -0.00000000     
01.00000000     472.99999934    01.00000000     00.00000000     -0.00000000     -0.00000000     
01.00000000     472.99999842    01.00000000     00.00000000     -0.00000000     00.00000000     
00.99999994     472.99998480    00.99999997     00.00000001     -0.00000000     00.00000000     
00.99999899     472.99978280    00.99999949     00.00000013     00.00000000     00.00000000     
00.99998550     472.99713210    00.99999261     00.00000182     00.00000000     00.00000000     
00.99981973     472.96716504    00.99990805     00.00002254     00.00000000     00.00000000     
00.99812112     472.68414274    00.99904165     00.00023345     00.00000000     00.00000000     
00.98425401     470.54368277    00.99196855     00.00194344     00.00000000     00.00000000     
00.90030335     458.27960251    00.94914840     00.01219469     00.00000000     00.00000000     
00.57117886     408.82392062    00.78127408     00.05146808     00.00000001     00.00000000     
00.00000000     300.00000000    00.48993672     00.11649524     00.00000000     00.00000000     
