# Studied params: width/Lf=3 afr= =10.0
01.00000000     473.00000000    01.00000000     -0.00000000     00.00000000     00.00000000     
01.00000000     473.00000004    01.00000000     00.00000000     00.00000000     00.00000000     
00.99999996     473.00000204    00.99999996     00.00000000     00.00000000     00.00000000     
00.99999931     473.00009578    00.99999930     00.00000000     00.00000000     00.00000002     
00.99998749     473.00386316    00.99998725     00.00000000     00.00000008     00.00000098     
00.99990730     473.04770495    00.99990391     00.00000000     00.00000135     00.00001208     
00.99910519     473.61521685    00.99905377     00.00000000     00.00002363     00.00015541     
00.99630568     475.74670215    00.99604167     00.00000000     00.00013526     00.00069334     
00.99124454     479.56421225    00.99053957     00.00000000     00.00039111     00.00165609     
00.97840796     488.97414249    00.97647121     00.00000000     00.00116524     00.00401275     
00.94954545     509.57342468    00.94460454     00.00000000     00.00319104     00.00904719     
00.89435655     548.73936273    00.88328016     00.00000000     00.00758656     00.01805088     
00.80754020     612.61936811    00.78635092     00.00000000     00.01520637     00.03106559     
00.69592371     702.85073855    00.66141795     00.00000000     00.02565274     00.04619855     
00.57565518     816.32931596    00.52676863     00.00000000     00.03727752     00.06086601     
00.46222468     947.12666017    00.39992989     00.00000000     00.04832620     00.07347779     
00.36441736     1088.13419875   00.29071311     00.00000000     00.05780376     00.08373526     
00.28372634     1232.37539017   00.20064945     00.00000000     00.06558425     00.09205793     
00.21857777     1372.91146940   00.12789773     00.00000000     00.07185897     00.09891792     
00.19050600     1440.41781355   00.09663991     00.00000000     00.07454444     00.10199356     
00.17754805     1473.66775475   00.08231934     00.00000000     00.07576770     00.10345471     
00.16537805     1506.78815532   00.06899984     00.00000000     00.07689839     00.10485881     
00.15394011     1540.15476400   00.05669454     00.00000000     00.07793480     00.10621278     
00.14317771     1574.33478194   00.04544227     00.00000000     00.07887472     00.10752453     
00.13303435     1610.10292085   00.03530840     00.00000000     00.07971715     00.10880383     
00.12345511     1648.42586668   00.02638150     00.00000000     00.08046557     00.11006375     
00.11438947     1690.39203901   00.01876316     00.00000001     00.08113378     00.11132354     
00.10579692     1737.04996846   00.01254658     00.00000001     00.08175589     00.11261387     
00.09765683     1789.11838239   00.00777890     00.00000003     00.08240109     00.11398648     
00.09372903     1817.22599535   00.00591225     00.00000004     00.08278145     00.11474475     
00.08992613     1846.59847796   00.00438309     00.00000007     00.08321827     00.11556274     
00.08625724     1877.07041078   00.00316219     00.00000013     00.08373382     00.11646014     
00.08273350     1908.42188740   00.00221253     00.00000023     00.08435061     00.11745955     
00.07936659     1940.39074107   00.00149227     00.00000043     00.08508911     00.11858461     
00.07616676     1972.67474496   00.00095902     00.00000083     00.08596620     00.11985618     
00.07314063     2004.91171245   00.00057464     00.00000167     00.08699533     00.12128711     
00.07028957     2036.64556795   00.00030902     00.00000347     00.08818892     00.12287622     
00.06760892     2067.33176961   00.00014049     00.00000750     00.08956020     00.12460186     
00.06632390     2082.09125551   00.00008607     00.00001141     00.09032079     00.12550172     
00.06507745     2096.42193357   00.00004871     00.00001731     00.09112895     00.12641355     
00.06386707     2110.31036633   00.00002502     00.00002623     00.09198354     00.12732529     
00.06269005     2123.76856752   00.00001125     00.00003969     00.09288245     00.12822327     
00.06043473     2149.48364509   00.00000186     00.00008660     00.09479524     00.12992781     
00.05828427     2173.68663941   00.00000020     00.00018343     00.09685754     00.13143402     
00.05622761     2196.16444789   00.00000001     00.00037491     00.09903667     00.13267698     
00.05425367     2216.40898272   00.00000000     00.00074010     00.10125659     00.13359927     
00.05234811     2233.68005121   00.00000000     00.00140401     00.10338239     00.13414160     
00.05049302     2247.05073547   00.00000000     00.00253401     00.10522658     00.13424907     
00.04866926     2255.49132974   00.00000000     00.00431045     00.10658368     00.13388513     
00.04686006     2258.01663194   00.00000000     00.00688238     00.10727833     00.13304039     
00.04505367     2253.86102329   00.00000000     00.01033466     00.10719874     00.13173080     
00.04324420     2242.61271656   00.00000000     00.01467813     00.10630552     00.12999059     
00.04143110     2224.25600450   00.00000000     00.01985761     00.10462456     00.12786490     
00.03961809     2199.12317271   00.00000000     00.02576905     00.10223220     00.12540388     
00.03781167     2167.79782761   00.00000000     00.03227935     00.09923770     00.12265822     
00.03601978     2131.01389189   00.00000000     00.03924459     00.09576603     00.11967648     
00.03425061     2089.57380904   00.00000000     00.04652438     00.09194361     00.11650373     
00.03251182     2044.28968573   00.00000000     00.05399173     00.08788800     00.11318116     
00.03081006     1995.94213406   00.00000000     00.06153790     00.08370236     00.10974599     
00.02749355     1892.11760467   00.00000000     00.07675236     00.07510662     00.10254429     
00.02436832     1783.22611255   00.00000000     00.09152994     00.06673115     00.09521404     
00.02144575     1672.18185963   -0.00000000     00.10567422     00.05878697     00.08789117     
00.01872890     1560.85894934   -0.00000000     00.11911566     00.05136057     00.08066281     
00.01621718     1450.46683121   -0.00000000     00.13183368     00.04448018     00.07358353     
00.01390874     1341.85703891   -0.00000000     00.14381861     00.03815138     00.06668916     
00.01284976     1288.46405229   -0.00000000     00.14942878     00.03524737     00.06338201     
00.01184068     1235.79262635   -0.00000000     00.15485255     00.03247989     00.06012986     
00.01088115     1183.92688288   -0.00000000     00.16008814     00.02984813     00.05693566     
00.00997083     1132.95152557   -0.00000000     00.16513358     00.02735120     00.05380234     
00.00910933     1082.95283796   -0.00000000     00.16998674     00.02498813     00.05073290     
00.00829625     1034.01934202   -0.00000000     00.17464533     00.02275781     00.04773049     
00.00753114     986.24220519    -0.00000000     00.17910699     00.02065905     00.04479843     
00.00681351     939.71496707    -0.00000000     00.18336930     00.01869051     00.04194027     
00.00614280     894.53091464    -0.00000000     00.18742990     00.01685067     00.03915977     
00.00551839     850.78360334    -0.00000000     00.19128654     00.01513782     00.03646097     
00.00437923     767.89828815    -0.00000000     00.19854515     00.01201294     00.03120766     
00.00341464     691.59987808    -0.00000000     00.20496220     00.00936690     00.02634421     
00.00261550     622.57349542    -0.00000000     00.21053472     00.00717472     00.02190909     
00.00197021     561.42625814    -0.00000000     00.21527205     00.00540458     00.01793993     
00.00103591     463.16093766    -0.00000000     00.22269685     00.00284164     00.01123444     
00.00050075     394.69098696    -0.00000000     00.22742960     00.00137362     00.00654333     
00.00022810     351.91536346    00.00000000     00.23014372     00.00062569     00.00360305     
00.00010345     327.85250132    00.00000000     00.23155386     00.00028377     00.00194381     
00.00002262     308.01807738    00.00000000     00.23262678     00.00006206     00.00055959     
00.00000456     302.13383034    00.00000000     00.23291469     00.00001252     00.00015009     
00.00000099     300.59496828    00.00000000     00.23298356     00.00000271     00.00004226     
00.00000008     300.06727831    00.00000000     00.23300505     00.00000022     00.00000484     
00.00000001     300.00815722    00.00000000     00.23300723     00.00000002     00.00000059     
00.00000000     300.00031708    00.00000000     00.23300749     00.00000000     00.00000002     
00.00000000     300.00001011    00.00000000     00.23300750     00.00000000     00.00000000     
00.00000000     300.00000028    00.00000000     00.23300750     00.00000000     00.00000000     
00.00000000     300.00000001    00.00000000     00.23300750     00.00000000     00.00000000     
00.00000000     300.00000000    -0.00000000     00.23300750     00.00000000     00.00000000     
00.00000000     300.00000000    -0.00000000     00.23300750     00.00000000     00.00000000     
00.00000000     300.00000000    -0.00000000     00.23300750     00.00000000     00.00000000     
00.00000000     300.00000000    -0.00000000     00.23300750     00.00000000     00.00000000     
00.00000000     300.00000000    -0.00000000     00.23300750     00.00000000     00.00000000     
00.00000000     300.00000000    -0.00000000     00.23300750     00.00000000     00.00000000     
00.00000000     300.00000000    -0.00000000     00.23300750     00.00000000     00.00000000     
00.00000000     300.00000000    -0.00000000     00.23300750     00.00000000     00.00000000     
00.00000000     300.00000000    -0.00000000     00.23300750     00.00000000     00.00000000     
00.00000000     300.00000000    -0.00000000     00.23300750     00.00000000     -0.00000000     
00.00000000     300.00000000    -0.00000000     00.23300750     00.00000000     -0.00000000     
00.00000000     300.00000000    -0.00000000     00.23300750     00.00000000     -0.00000000     
