# Studied params: width/Lf=3 afr= =4
01.00000000     473.00000000    01.00000000     -0.00000000     00.00000000     00.00000000     
01.00000000     473.00000000    01.00000000     -0.00000000     00.00000000     00.00000000     
01.00000000     473.00000000    01.00000000     -0.00000000     00.00000000     00.00000000     
00.99999999     473.00000013    00.99999999     00.00000000     00.00000000     00.00000000     
00.99999985     473.00001063    00.99999985     00.00000000     00.00000000     00.00000000     
00.99999845     473.00025778    00.99999844     00.00000000     00.00000000     00.00000006     
00.99998052     473.00689290    00.99998007     00.00000000     00.00000016     00.00000172     
00.99974168     473.14863765    00.99973014     00.00000000     00.00000461     00.00003706     
00.99860120     473.97872594    00.99851341     00.00000000     00.00003983     00.00024365     
00.99580358     476.10370515    00.99548831     00.00000000     00.00015806     00.00077253     
00.98645745     483.09709344    00.98528098     00.00000000     00.00065194     00.00250858     
00.95956057     502.66217285    00.95564964     00.00000000     00.00236257     00.00728030     
00.93192830     522.17480031    00.92500382     00.00000000     00.00437778     00.01191464     
00.88952977     551.97243485    00.87776232     00.00000000     00.00777368     00.01863993     
00.83105908     593.85789208    00.81237863     00.00000000     00.01282060     00.02733602     
00.75862593     648.38219181    00.73119556     00.00000000     00.01942621     00.03736008     
00.67731353     714.85859309    00.63997354     00.00000000     00.02711187     00.04778538     
00.59331209     791.73256189    00.54575163     00.00000000     00.03520479     00.05777441     
00.51201323     876.95838878    00.45464291     00.00000000     00.04308808     00.06681224     
00.43705070     968.25004098    00.37072898     00.00000000     00.05034659     00.07471791     
00.37023078     1063.60994009   00.29599627     00.00000000     00.05678656     00.08153605     
00.31181836     1160.47738983   00.23069034     00.00000000     00.06239416     00.08742153     
00.26137918     1256.59608010   00.17428760     00.00000000     00.06722669     00.09253692     
00.21816108     1350.06470811   00.12594341     00.00000000     00.07136155     00.09702507     
00.19868634     1395.45435944   00.10420504     00.00000000     00.07321146     00.09910828     
00.18078118     1440.04564279   00.08431281     00.00000000     00.07489087     00.10107449     
00.16431487     1484.31164324   00.06623562     00.00000000     00.07639419     00.10294040     
00.14915349     1529.27087079   00.05001756     00.00000000     00.07770823     00.10472541     
00.13516054     1576.62952073   00.03579413     00.00000000     00.07881491     00.10645472     
00.12220080     1628.79578447   00.02378991     00.00000000     00.07970118     00.10816543     
00.11015170     1688.61655802   00.01427850     00.00000000     00.08038399     00.10992049     
00.10437850     1722.39985838   00.01051457     00.00000000     00.08068988     00.11087278     
00.09881609     1758.86458345   00.00744623     00.00000001     00.08099779     00.11189451     
00.09347329     1797.94102083   00.00504785     00.00000002     00.08134907     00.11302330     
00.08836999     1839.31769423   00.00326015     00.00000004     00.08179647     00.11431089     
00.08353533     1882.46962541   00.00199259     00.00000010     00.08239655     00.11582274     
00.07900072     1926.75406798   00.00113654     00.00000024     00.08319699     00.11762852     
00.07684219     1949.07116962   00.00082333     00.00000039     00.08368790     00.11866813     
00.07476717     1971.39999837   00.00057600     00.00000063     00.08423898     00.11979573     
00.07277507     1993.62447949   00.00038454     00.00000103     00.08485183     00.12100778     
00.07086364     2015.61177179   00.00024094     00.00000170     00.08552847     00.12229520     
00.06902917     2037.21931420   00.00013861     00.00000284     00.08627172     00.12364306     
00.06726682     2058.31741170   00.00007129     00.00000482     00.08708481     00.12503062     
00.06557105     2078.82139481   00.00003183     00.00000823     00.08797068     00.12643210     
00.06393621     2098.70996872   00.00001199     00.00001401     00.08893137     00.12781876     
00.06235720     2118.00877274   00.00000369     00.00002363     00.08996885     00.12916261     
00.06082992     2136.74750303   00.00000080     00.00003944     00.09108573     00.13044000     
00.05793309     2172.55304064   00.00000004     00.00010260     00.09354819     00.13272719     
00.05521000     2205.55633560   00.00000000     00.00025960     00.09632159     00.13458815     
00.05264095     2234.62082723   00.00000000     00.00064177     00.09929335     00.13591591     
00.05019464     2257.93394795   00.00000000     00.00152243     00.10217770     00.13656618     
00.04899970     2266.45406873   00.00000000     00.00229756     00.10342754     00.13657964     
00.04781811     2272.50924534   00.00000000     00.00337566     00.10445720     00.13636687     
00.04664342     2275.73286782   00.00000000     00.00481803     00.10519487     00.13591969     
00.04547035     2275.80863437   00.00000000     00.00667044     00.10558430     00.13523768     
00.04311557     2265.90639901   00.00000000     00.01168052     00.10521199     00.13320653     
00.04074058     2242.13476622   00.00000000     00.01838887     00.10327207     00.13037553     
00.03835550     2205.58815956   00.00000000     00.02652200     00.09996225     00.12689473     
00.03598098     2158.19076012   00.00000000     00.03569657     00.09560449     00.12291345     
00.03363983     2102.08556955   00.00000000     00.04552673     00.09054068     00.11856118     
00.03135223     2039.32526076   00.00000000     00.05568062     00.08507368     00.11394557     
00.02913384     1971.73675929   00.00000000     00.06590235     00.07944265     00.10915529     
00.02699545     1900.85107060   00.00000000     00.07601395     00.07381866     00.10426208     
00.02494359     1827.88016077   -0.00000000     00.08590460     00.06831283     00.09932214     
00.02298164     1753.74270134   -0.00000000     00.09551323     00.06299088     00.09437814     
00.02111102     1679.12281125   -0.00000000     00.10481057     00.05788842     00.08946193     
00.01757041     1530.00418461   -0.00000000     00.12279902     00.04819388     00.07958161     
00.01439120     1383.36342608   -0.00000000     00.13946849     00.03947686     00.07001893     
00.01296957     1311.56725708   -0.00000000     00.14712006     00.03557781     00.06548897     
00.01163608     1241.05161798   -0.00000000     00.15443583     00.03192013     00.06106097     
00.01038986     1172.01151940   -0.00000000     00.16141176     00.02850165     00.05674181     
00.00922998     1104.64400218   -0.00000000     00.16804312     00.02531995     00.05253843     
00.00815544     1039.15199595   -0.00000000     00.17432474     00.02237228     00.04845806     
00.00716510     975.74626910    -0.00000000     00.18025120     00.01965557     00.04450850     
00.00625767     914.64422804    -0.00000000     00.18581711     00.01716629     00.04069823     
00.00543165     856.06230101    -0.00000000     00.19101742     00.01490033     00.03703647     
00.00397273     747.14002543    -0.00000000     00.20058581     00.01089816     00.02999579     
00.00281174     650.15605663    -0.00000000     00.20864694     00.00771329     00.02369386     
00.00192391     566.53524610    -0.00000000     00.21521586     00.00527776     00.01821515     
00.00127677     497.29032871    -0.00000000     00.22035502     00.00350249     00.01362854     
00.00083046     442.65195196    -0.00000000     00.22418818     00.00227814     00.00996289     
00.00033053     370.79746345    -0.00000000     00.22899565     00.00090671     00.00493144     
00.00012878     333.58193816    -0.00000000     00.23123260     00.00035326     00.00234387     
00.00002135     307.51050865    00.00000000     00.23265114     00.00005856     00.00052127     
00.00000306     301.44616733    00.00000000     00.23294508     00.00000840     00.00010115     
00.00000040     300.25479204    00.00000000     00.23299750     00.00000109     00.00001803     
00.00000006     300.04853317    00.00000000     00.23300576     00.00000016     00.00000348     
00.00000000     300.00339627    00.00000000     00.23300739     00.00000001     00.00000025     
00.00000000     300.00025898    00.00000000     00.23300749     00.00000000     00.00000002     
00.00000000     300.00000611    00.00000000     00.23300750     00.00000000     00.00000000     
00.00000000     300.00000016    00.00000000     00.23300750     00.00000000     00.00000000     
00.00000000     300.00000000    00.00000000     00.23300750     00.00000000     00.00000000     
00.00000000     300.00000000    -0.00000000     00.23300750     00.00000000     00.00000000     
00.00000000     300.00000000    -0.00000000     00.23300750     00.00000000     00.00000000     
00.00000000     300.00000000    -0.00000000     00.23300750     00.00000000     00.00000000     
00.00000000     300.00000000    -0.00000000     00.23300750     00.00000000     00.00000000     
00.00000000     300.00000000    -0.00000000     00.23300750     00.00000000     00.00000000     
00.00000000     300.00000000    -0.00000000     00.23300750     00.00000000     00.00000000     
00.00000000     300.00000000    -0.00000000     00.23300750     00.00000000     00.00000000     
00.00000000     300.00000000    -0.00000000     00.23300750     00.00000000     00.00000000     
00.00000000     300.00000000    -0.00000000     00.23300750     00.00000000     00.00000000     
-0.00000000     300.00000000    -0.00000000     00.23300750     00.00000000     00.00000000     
-0.00000000     300.00000000    -0.00000000     00.23300750     00.00000000     00.00000000     
00.00000000     300.00000000    -0.00000000     00.23300750     00.00000000     00.00000000     
