# Studied params: width/Lf=3 afr= =5
01.00000000     473.00000000    01.00000000     -0.00000000     -0.00000000     00.00000000     
01.00000000     473.00000000    01.00000000     -0.00000000     00.00000000     00.00000000     
01.00000000     473.00000002    01.00000000     00.00000000     00.00000000     00.00000000     
00.99999993     473.00000217    00.99999993     00.00000000     00.00000000     00.00000000     
00.99999929     473.00005980    00.99999929     00.00000000     00.00000000     00.00000002     
00.99999121     473.00180319    00.99999111     00.00000000     00.00000003     00.00000045     
00.99995409     473.01736965    00.99995295     00.00000000     00.00000040     00.00000435     
00.99969393     473.17873575    00.99968027     00.00000000     00.00000547     00.00004463     
00.99897450     473.70575574    00.99891331     00.00000000     00.00002743     00.00017600     
00.99610364     475.89423392    00.99581430     00.00000000     00.00014538     00.00072130     
00.98570291     483.72553156    00.98447062     00.00000000     00.00068481     00.00266645     
00.97227228     493.50813456    00.96970306     00.00000000     00.00151480     00.00507955     
00.94709431     511.39675541    00.94184656     00.00000000     00.00328325     00.00939792     
00.90489695     541.07172297    00.89490668     00.00000000     00.00658630     00.01623602     
00.84269075     585.52156919    00.82541359     00.00000000     00.01189664     00.02565620     
00.76239852     645.95388522    00.73546825     00.00000000     00.01919924     00.03690255     
00.67077532     721.58936089    00.63271420     00.00000000     00.02787384     00.04869740     
00.57643934     810.23451842    00.52694539     00.00000000     00.03698487     00.05987117     
00.48664685     908.92996720    00.42637881     00.00000000     00.04570127     00.06976348     
00.40584180     1014.37642820   00.33598735     00.00000000     00.05351927     00.07821284     
00.33560302     1123.56111753   00.25747400     00.00000000     00.06028035     00.08536457     
00.27570434     1232.97429530   00.19052149     00.00000000     00.06602834     00.09145275     
00.22520140     1339.68892809   00.13404590     00.00000000     00.07086913     00.09669261     
00.20271138     1391.37368175   00.10893204     00.00000000     00.07301356     00.09909775     
00.18224765     1441.98471868   00.08617669     00.00000000     00.07494339     00.10134822     
00.16362525     1492.09290567   00.06572176     00.00000000     00.07665406     00.10346709     
00.14665468     1543.10695452   00.04762547     00.00000000     00.07813012     00.10548102     
00.13864950     1569.92659885   00.03948060     00.00000000     00.07877655     00.10647121     
00.13099453     1598.03383579   00.03203517     00.00000000     00.07935508     00.10745032     
00.12366440     1627.91625233   00.02533533     00.00000000     00.07986609     00.10842678     
00.11663586     1660.09276698   00.01943054     00.00000000     00.08031425     00.10941215     
00.10988959     1695.06183133   00.01436656     00.00000000     00.08071182     00.11042304     
00.10341330     1733.21821072   00.01017447     00.00000001     00.08108320     00.11148397     
00.09720585     1774.73987085   00.00685571     00.00000001     00.08147008     00.11263180     
00.09128158     1819.47451293   00.00436664     00.00000003     00.08193445     00.11392127     
00.08567179     1866.89287009   00.00261069     00.00000008     00.08255413     00.11542942     
00.08041921     1916.17516438   00.00144781     00.00000020     00.08340653     00.11725131     
00.07792586     1941.17009039   00.00103139     00.00000035     00.08394667     00.11832216     
00.07553716     1966.25466522   00.00070827     00.00000059     00.08456424     00.11950037     
00.07325390     1991.26856831   00.00046244     00.00000102     00.08526230     00.12078571     
00.07107430     2016.02441260   00.00028121     00.00000178     00.08604400     00.12217007     
00.06899414     2040.31153688   00.00015473     00.00000319     00.08691340     00.12363643     
00.06700713     2063.92979025   00.00007422     00.00000581     00.08787518     00.12515819     
00.06510559     2086.74728708   00.00002977     00.00001068     00.08893308     00.12669969     
00.06328129     2108.73832878   00.00000961     00.00001957     00.09008895     00.12821935     
00.06152684     2129.94941780   00.00000240     00.00003535     00.09134410     00.12967642     
00.05983654     2150.41473143   00.00000038     00.00006302     00.09270067     00.13103759     
00.05664903     2189.01855053   00.00000001     00.00018394     00.09569485     00.13337968     
00.05366883     2223.31387129   00.00000000     00.00051822     00.09900199     00.13509966     
00.05085686     2251.07456671   00.00000000     00.00138461     00.10229971     00.13600925     
00.04949036     2261.21362998   00.00000000     00.00220889     00.10373954     00.13608075     
00.04814245     2268.34143061   00.00000000     00.00340493     00.10491196     00.13586952     
00.04680407     2271.94906257   00.00000000     00.00505803     00.10571705     00.13536446     
00.04546807     2271.60460838   00.00000000     00.00722937     00.10607993     00.13456603     
00.04412969     2267.01134610   00.00000000     00.00994995     00.10595582     00.13348503     
00.04278667     2258.04146642   00.00000000     00.01321887     00.10533133     00.13214013     
00.04143901     2244.73761271   00.00000000     00.01700729     00.10422106     00.13055528     
00.04008858     2227.28680127   00.00000000     00.02126451     00.10266216     00.12875708     
00.03737708     2180.80258787   00.00000000     00.03099842     00.09836077     00.12459040     
00.03469336     2121.75864331   00.00000000     00.04182022     00.09292986     00.11986637     
00.03338235     2088.65457560   00.00000000     00.04742494     00.08997323     00.11737554     
00.03209005     2053.50617870   00.00000000     00.05311521     00.08690336     00.11480637     
00.02954911     1978.09716256   00.00000000     00.06468304     00.08052007     00.10943475     
00.02710937     1898.24796576   -0.00000000     00.07613755     00.07412056     00.10391997     
00.02478067     1815.72611171   -0.00000000     00.08731292     00.06787005     00.09834428     
00.02256783     1731.83589580   -0.00000000     00.09812292     00.06186155     00.09276836     
00.02047260     1647.51148371   -0.00000000     00.10853013     00.05614135     00.08723578     
00.01654108     1479.63916207   -0.00000000     00.12855829     00.04537130     00.07613609     
00.01479446     1397.12167952   -0.00000000     00.13770345     00.04058244     00.07088233     
00.01316261     1315.94403092   -0.00000000     00.14642228     00.03610703     00.06574830     
00.01164435     1236.39555108   -0.00000000     00.15471005     00.03194263     00.06074471     
00.01023841     1158.75732428   -0.00000000     00.16256083     00.02808610     00.05588159     
00.00894343     1083.31420091   -0.00000000     00.16996772     00.02453379     00.05116914     
00.00775787     1010.36081009   -0.00000000     00.17692319     00.02128158     00.04661812     
00.00667996     940.20410511    -0.00000000     00.18341949     00.01832466     00.04224026     
00.00570765     873.15464186    -0.00000000     00.18944920     00.01565739     00.03804842     
00.00483846     809.52105442    -0.00000000     00.19500579     00.01327301     00.03405663     
00.00406942     749.61150805    -0.00000000     00.20008430     00.01116336     00.03028008     
00.00277168     641.81717719    -0.00000000     00.20910182     00.00760336     00.02320698     
00.00181648     550.97942025    -0.00000000     00.21622605     00.00498302     00.01720193     
00.00115471     478.27450450    -0.00000000     00.22156923     00.00316764     00.01234697     
00.00041597     382.03440462    -0.00000000     00.22826959     00.00114110     00.00561944     
00.00013086     333.15943031    00.00000000     00.23126679     00.00035898     00.00225905     
00.00003814     312.39885928    00.00000000     00.23240924     00.00010464     00.00084628     
00.00001158     304.69632462    00.00000000     00.23279614     00.00003176     00.00032255     
00.00000148     300.81224627    00.00000000     00.23297432     00.00000405     00.00005633     
00.00000020     300.14816454    00.00000000     00.23300196     00.00000055     00.00001040     
00.00000001     300.00931941    00.00000000     00.23300719     00.00000003     00.00000066     
00.00000000     300.00048799    00.00000000     00.23300749     00.00000000     00.00000004     
00.00000000     300.00002218    00.00000000     00.23300750     00.00000000     00.00000000     
00.00000000     300.00000114    00.00000000     00.23300750     00.00000000     00.00000000     
00.00000000     300.00000002    00.00000000     00.23300750     00.00000000     00.00000000     
00.00000000     300.00000000    -0.00000000     00.23300750     00.00000000     00.00000000     
00.00000000     300.00000000    -0.00000000     00.23300750     00.00000000     00.00000000     
00.00000000     300.00000000    -0.00000000     00.23300750     00.00000000     00.00000000     
00.00000000     300.00000000    -0.00000000     00.23300750     00.00000000     00.00000000     
00.00000000     300.00000000    -0.00000000     00.23300750     00.00000000     00.00000000     
00.00000000     300.00000000    -0.00000000     00.23300750     00.00000000     00.00000000     
00.00000000     300.00000000    -0.00000000     00.23300750     00.00000000     00.00000000     
00.00000000     300.00000000    -0.00000000     00.23300750     00.00000000     00.00000000     
00.00000000     300.00000000    -0.00000000     00.23300750     00.00000000     00.00000000     
