# Studied params: width/Lf=3 afr= =8
01.00000000     473.00000000    01.00000000     -0.00000000     00.00000000     00.00000000     
01.00000000     473.00000000    01.00000000     -0.00000000     00.00000000     00.00000000     
01.00000000     473.00000001    01.00000000     -0.00000000     00.00000000     00.00000000     
00.99999999     473.00000043    00.99999999     -0.00000000     00.00000000     00.00000000     
00.99999978     473.00001844    00.99999978     -0.00000000     00.00000000     00.00000000     
00.99999667     473.00068551    00.99999663     00.00000000     00.00000001     00.00000018     
00.99997880     473.00819123    00.99997825     00.00000000     00.00000020     00.00000209     
00.99981987     473.10711016    00.99981148     00.00000000     00.00000358     00.00002718     
00.99836736     474.17453260    00.99825918     00.00000000     00.00005274     00.00029743     
00.99385978     477.58157737    00.99337651     00.00000000     00.00026062     00.00115885     
00.97618010     490.65189833    00.97402865     00.00000000     00.00128116     00.00443243     
00.95278181     507.37396608    00.94821278     00.00000000     00.00288172     00.00854110     
00.90976882     537.71870477    00.90046568     00.00000000     00.00620525     00.01565792     
00.84197254     586.36802258    00.82484197     00.00000000     00.01198009     00.02608450     
00.75128416     655.50899738    00.72336912     00.00000000     00.02026707     00.03887666     
00.64717181     744.15538020    00.60674324     00.00000000     00.03019433     00.05223555     
00.54170671     849.02812714    00.48865891     00.00000000     00.04043927     00.06457812     
00.44425657     965.65653985    00.37968827     00.00000000     00.04992595     00.07515792     
00.35966837     1089.99943278   00.28520879     00.00000000     00.05811575     00.08393525     
00.28847060     1216.38110946   00.20571259     00.00000000     00.06497934     00.09123045     
00.22955466     1340.15144048   00.13990117     00.00000000     00.07065150     00.09737012     
00.20368545     1399.94128218   00.11103439     00.00000000     00.07313261     00.10015289     
00.18043919     1458.31276238   00.08520422     00.00000000     00.07534041     00.10273114     
00.15954829     1516.05314108   00.06232325     00.00000000     00.07727323     00.10513718     
00.14979743     1545.53273512   00.05194696     00.00000000     00.07813747     00.10630090     
00.14054899     1575.85408720   00.04239881     00.00000000     00.07892387     00.10743627     
00.13176451     1607.59193569   00.03372930     00.00000000     00.07963133     00.10855093     
00.12340678     1641.42933648   00.02600198     00.00000000     00.08026191     00.10965504     
00.11544157     1678.11323023   00.01928722     00.00000001     00.08082434     00.11076302     
00.10784082     1718.36447776   00.01365023     00.00000001     00.08133953     00.11189656     
00.10058800     1762.72563836   00.00913120     00.00000002     00.08184864     00.11308975     
00.09368537     1811.35494618   00.00571826     00.00000003     00.08242167     00.11439699     
00.08716070     1863.84702291   00.00332219     00.00000009     00.08315974     00.11590267     
00.08403678     1891.20198867   00.00244016     00.00000015     00.08364046     00.11678343     
00.08103137     1919.11216473   00.00174575     00.00000025     00.08420699     00.11776152     
00.07815221     1947.38484892   00.00120928     00.00000045     00.08487095     00.11885256     
00.07540518     1975.80622041   00.00080251     00.00000081     00.08564139     00.12006830     
00.07279319     2004.12544042   00.00050110     00.00000151     00.08652550     00.12141323     
00.07031548     2032.03741614   00.00028602     00.00000288     00.08753029     00.12288134     
00.06796749     2059.19350527   00.00014308     00.00000564     00.08866365     00.12445305     
00.06683544     2072.36691732   00.00009416     00.00000810     00.08928428     00.12526767     
00.06573291     2085.24292422   00.00005848     00.00001161     00.08993949     00.12609275     
00.06465830     2097.80761430   00.00003388     00.00001666     00.09062911     00.12692067     
00.06360990     2110.06160895   00.00001796     00.00002390     00.09135248     00.12774287     
00.06159226     2133.67721620   00.00000423     00.00004763     00.09289069     00.12933712     
00.05965997     2156.19431983   00.00000071     00.00009326     00.09455464     00.13081211     
00.05780514     2177.58208326   00.00000007     00.00017905     00.09633605     00.13212076     
00.05432125     2216.38838279   00.00000000     00.00058551     00.10014070     00.13410302     
00.05265684     2232.60976728   00.00000000     00.00104607     00.10204372     00.13469917     
00.05103727     2246.10382735   00.00000000     00.00180105     00.10380672     00.13497884     
00.04944925     2256.17753793   00.00000000     00.00297710     00.10528561     00.13490767     
00.04787980     2262.11161870   00.00000000     00.00469640     00.10633991     00.13446589     
00.04631807     2263.25443156   00.00000000     00.00705378     00.10685631     00.13365097     
00.04475654     2259.12057029   00.00000000     00.01010104     00.10676403     00.13247589     
00.04319141     2249.45946527   00.00000000     00.01384292     00.10603839     00.13096520     
00.04162231     2234.27284274   00.00000000     00.01824223     00.10469630     00.12915074     
00.04005156     2213.78473740   00.00000000     00.02322980     00.10278774     00.12706803     
00.03848351     2188.38487470   00.00000000     00.02871514     00.10038624     00.12475341     
00.03535201     2124.27336042   00.00000000     00.04090682     00.09435459     00.11950289     
00.03382433     2087.22564325   00.00000000     00.04730286     00.09098072     00.11669265     
00.03232053     2047.35668726   00.00000000     00.05382674     00.08744303     00.11377354     
00.02936950     1960.68747460   00.00000000     00.06713492     00.08003123     00.10761979     
00.02655347     1868.33341820   00.00000000     00.08027569     00.07261814     00.10128435     
00.02388605     1772.84625824   -0.00000000     00.09302228     00.06543338     00.09488569     
00.02137306     1676.00603855   -0.00000000     00.10526995     00.05859368     00.08850659     
00.01901601     1579.00688070   -0.00000000     00.11697992     00.05214942     00.08220239     
00.01681439     1482.66107452   -0.00000000     00.12814000     00.04611869     00.07600971     
00.01476695     1387.55907978   -0.00000000     00.13874463     00.04050579     00.06995361     
00.01287215     1294.17891403   -0.00000000     00.14878773     00.03530955     00.06405290     
00.01112832     1202.95421424   -0.00000000     00.15826127     00.03052658     00.05832364     
00.00953363     1114.31168518   -0.00000000     00.16715538     00.02615236     00.05278124     
00.00880488     1071.11139179   -0.00000000     00.17130623     00.02415333     00.05013323     
00.00811259     1028.74703218   -0.00000000     00.17530898     00.02225432     00.04753700     
00.00745648     987.27948209    -0.00000000     00.17916205     00.02045450     00.04499475     
00.00683619     946.77095150    -0.00000000     00.18286387     00.01875296     00.04250884     
00.00625136     907.28341054    -0.00000000     00.18641290     00.01714868     00.04008174     
00.00570159     868.87890436    -0.00000000     00.18980766     00.01564055     00.03771608     
00.00468492     795.51823862    -0.00000000     00.19625686     00.01285165     00.03308934     
00.00380182     727.05405678    -0.00000000     00.20207065     00.01042914     00.02874931     
00.00304677     663.95121558    -0.00000000     00.20724490     00.00835787     00.02472108     
00.00241288     606.64454463    -0.00000000     00.21178149     00.00661898     00.02103015     
00.00143274     510.06406301    -0.00000000     00.21928491     00.00393028     00.01451059     
00.00080655     437.04570365    -0.00000000     00.22454113     00.00221250     00.00954169     
00.00044160     386.24483694    -0.00000000     00.22793492     00.00121137     00.00605484     
00.00012510     331.90605151    00.00000000     00.23131713     00.00034316     00.00221853     
00.00003223     310.69555109    00.00000000     00.23248967     00.00008840     00.00074419     
00.00000865     303.62757366    00.00000000     00.23284434     00.00002374     00.00025402     
00.00000091     300.51622298    00.00000000     00.23298644     00.00000248     00.00003652     
00.00000008     300.06508657    00.00000000     00.23300510     00.00000023     00.00000467     
00.00000001     300.00892013    00.00000000     00.23300720     00.00000002     00.00000065     
00.00000000     300.00041401    00.00000000     00.23300749     00.00000000     00.00000003     
00.00000000     300.00002079    00.00000000     00.23300750     00.00000000     00.00000000     
00.00000000     300.00000031    00.00000000     00.23300750     00.00000000     00.00000000     
00.00000000     300.00000000    00.00000000     00.23300750     00.00000000     00.00000000     
00.00000000     300.00000000    -0.00000000     00.23300750     00.00000000     00.00000000     
00.00000000     300.00000000    -0.00000000     00.23300750     00.00000000     00.00000000     
00.00000000     300.00000000    -0.00000000     00.23300750     00.00000000     00.00000000     
00.00000000     300.00000000    -0.00000000     00.23300750     00.00000000     00.00000000     
00.00000000     300.00000000    -0.00000000     00.23300750     00.00000000     00.00000000     
00.00000000     300.00000000    -0.00000000     00.23300750     00.00000000     00.00000000     
00.00000000     300.00000000    -0.00000000     00.23300750     00.00000000     00.00000000     
00.00000000     300.00000000    -0.00000000     00.23300750     00.00000000     00.00000000     
00.00000000     300.00000000    -0.00000000     00.23300750     00.00000000     00.00000000     
00.00000000     300.00000000    -0.00000000     00.23300750     00.00000000     00.00000000     
-0.00000000     300.00000000    -0.00000000     00.23300750     00.00000000     00.00000000     
-0.00000000     300.00000000    -0.00000000     00.23300750     00.00000000     00.00000000     
-0.00000000     300.00000000    -0.00000000     00.23300750     00.00000000     00.00000000     
-0.00000000     300.00000000    -0.00000000     00.23300750     00.00000000     00.00000000     
-0.00000000     300.00000000    -0.00000000     00.23300750     -0.00000000     00.00000000     
-0.00000000     300.00000000    -0.00000000     00.23300750     -0.00000000     -0.00000000     
00.00000000     300.00000000    -0.00000000     00.23300750     -0.00000000     -0.00000000     
