# Studied params: width/Lf=3 afr= =9
01.00000000     473.00000000    01.00000000     00.00000000     00.00000000     00.00000000     
01.00000000     473.00000003    01.00000000     00.00000000     00.00000000     00.00000000     
00.99999997     473.00000146    00.99999997     00.00000000     00.00000000     00.00000000     
00.99999945     473.00007537    00.99999944     00.00000000     00.00000000     00.00000002     
00.99998915     473.00332107    00.99998894     00.00000000     00.00000007     00.00000085     
00.99991363     473.04429145    00.99991042     00.00000000     00.00000129     00.00001123     
00.99910205     473.61474414    00.99904954     00.00000000     00.00002423     00.00015542     
00.99609668     475.88587688    00.99581262     00.00000000     00.00014632     00.00072899     
00.99043250     480.12045679    00.98964739     00.00000000     00.00043856     00.00179730     
00.97566466     490.84247130    00.97344002     00.00000000     00.00134898     00.00447912     
00.94201024     514.67545489    00.93622783     00.00000000     00.00376475     00.01026591     
00.87803132     560.05055439    00.86503626     00.00000000     00.00896864     00.02050200     
00.77994334     633.24704230    00.75540446     00.00000000     00.01772517     00.03482162     
00.65868851     734.84388197    00.61961480     00.00000000     00.02919254     00.05072038     
00.53354999     860.21755268    00.47952486     00.00000000     00.04132443     00.06543950     
00.42014147     1001.96185361   00.35275600     00.00000000     00.05234109     00.07767396     
00.32530834     1152.86160999   00.24687059     00.00000000     00.06149387     00.08747107     
00.24870432     1303.51222277   00.16133319     00.00000000     00.06886386     00.09539245     
00.21573504     1376.30429104   00.12452026     00.00000000     00.07202991     00.09890137     
00.18668280     1446.99135716   00.09216331     00.00000000     00.07480182     00.10209432     
00.17332475     1481.86457638   00.07742917     00.00000000     00.07605457     00.10360912     
00.16081551     1516.72340562   00.06380467     00.00000000     00.07720362     00.10506380     
00.14908995     1552.09340346   00.05131720     00.00000000     00.07824600     00.10646694     
00.13808236     1588.74847335   00.04002678     00.00000000     00.07917865     00.10782882     
00.12772772     1627.71617799   00.03002516     00.00000000     00.08000138     00.10916280     
00.11796431     1670.22714283   00.02142764     00.00000001     00.08072253     00.11048806     
00.10873916     1717.56549042   00.01435267     00.00000001     00.08136943     00.11183496     
00.10001850     1770.76045542   00.00888161     00.00000002     00.08200556     00.11325515     
00.09180440     1830.11023836   00.00499649     00.00000005     00.08275122     00.11483936     
00.08787309     1861.82179298   00.00357910     00.00000009     00.08324044     00.11576175     
00.08409790     1894.63232684   00.00248207     00.00000017     00.08383087     00.11679116     
00.08049292     1928.24610677   00.00165703     00.00000032     00.08454759     00.11795597     
00.07707116     1962.32454607   00.00105321     00.00000064     00.08541143     00.11928264     
00.07384163     1996.47179113   00.00062360     00.00000132     00.08643828     00.12078900     
00.07080690     2030.19248404   00.00033043     00.00000283     00.08764164     00.12247615     
00.06796185     2062.87875927   00.00014673     00.00000632     00.08903596     00.12432031     
00.06660066     2078.61173384   00.00008818     00.00000981     00.08981441     00.12528497     
00.06528220     2093.88956219   00.00004860     00.00001519     00.09064478     00.12626339     
00.06400360     2108.69476788   00.00002406     00.00002350     00.09152620     00.12724164     
00.06276177     2123.03999267   00.00001026     00.00003629     00.09245677     00.12820402     
00.06038685     2150.44975400   00.00000151     00.00008213     00.09444695     00.13002415     
00.05812757     2176.22243024   00.00000014     00.00017995     00.09660938     00.13162161     
00.05597201     2200.07311463   00.00000001     00.00038012     00.09890873     00.13292598     
00.05390751     2221.38271907   00.00000000     00.00077503     00.10125556     00.13387206     
00.05191705     2239.25668177   00.00000000     00.00151461     00.10348728     00.13439015     
00.04997919     2252.57265810   00.00000000     00.00280078     00.10537712     00.13441623     
00.04807136     2260.09947669   00.00000000     00.00484595     00.10668205     00.13391068     
00.04617471     2260.70833451   00.00000000     00.00781447     00.10720582     00.13286826     
00.04427714     2253.60687364   00.00000000     00.01178372     00.10683789     00.13131443     
00.04237400     2238.48786644   00.00000000     00.01673792     00.10555924     00.12929546     
00.04046702     2215.53495540   00.00000000     00.02258422     00.10342818     00.12686886     
00.03856251     2185.31700120   00.00000000     00.02917893     00.10055756     00.12409574     
00.03666938     2148.64531012   00.00000000     00.03635425     00.09709007     00.12103563     
00.03479742     2106.44901816   00.00000000     00.04394026     00.09317682     00.11774383     
00.03295600     2059.68554376   00.00000000     00.05178031     00.08896137     00.11427053     
00.03115330     2009.28058370   00.00000000     00.05974037     00.08456969     00.11066066     
00.02939596     1956.08883116   00.00000000     00.06771243     00.08010598     00.10695398     
00.02598644     1843.52846738   00.00000000     00.08362788     00.07109723     00.09924471     
00.02279574     1727.07583147   -0.00000000     00.09893074     00.06246821     00.09147305     
00.01983142     1609.43440739   -0.00000000     00.11348112     00.05437865     00.08376583     
00.01709425     1492.29737453   -0.00000000     00.12723776     00.04688442     00.07620125     
00.01458252     1376.78022610   -0.00000000     00.14018745     00.03999929     00.06882796     
00.01343263     1319.92731173   -0.00000000     00.14623990     00.03684615     00.06529282     
00.01233809     1263.80911261   -0.00000000     00.15208722     00.03384439     00.06181654     
00.01129855     1208.52336671   -0.00000000     00.15772748     00.03099319     00.05840253     
00.01031360     1154.16776725   -0.00000000     00.16315845     00.02829157     00.05505417     
00.00938283     1100.84156645   -0.00000000     00.16837767     00.02573849     00.05177491     
00.00850580     1048.64662544   -0.00000000     00.17338248     00.02333274     00.04856831     
00.00768201     997.68809397    -0.00000000     00.17817010     00.02107303     00.04543815     
00.00691094     948.07470585    -0.00000000     00.18273763     00.01895788     00.04238849     
00.00619198     899.91561629    -0.00000000     00.18708222     00.01698566     00.03942366     
00.00552443     853.32043316    -0.00000000     00.19120110     00.01515447     00.03654834     
00.00431072     765.17601806    -0.00000000     00.19893782     00.01182505     00.03095351     
00.00329080     684.28567826    -0.00000000     00.20573955     00.00902724     00.02579062     
00.00245428     611.46496281    -0.00000000     00.21160159     00.00673250     00.02110556     
00.00178766     547.43805284    -0.00000000     00.21653430     00.00490385     00.01694338     
00.00127399     492.71588784    -0.00000000     00.22056938     00.00349477     00.01334157     
00.00089293     447.45499384    -0.00000000     00.22376510     00.00244945     00.01032065     
00.00041143     382.36100526    -0.00000000     00.22821094     00.00112862     00.00577893     
00.00017853     343.42960414    00.00000000     00.23064538     00.00048973     00.00305864     
00.00007775     322.55555684    00.00000000     00.23184918     00.00021328     00.00159708     
00.00001647     306.32113119    00.00000000     00.23271203     00.00004518     00.00044842     
00.00000366     301.80762519    00.00000000     00.23292938     00.00001005     00.00012924     
00.00000030     300.20137593    00.00000000     00.23299962     00.00000082     00.00001457     
00.00000002     300.01944204    00.00000000     00.23300681     00.00000006     00.00000143     
00.00000000     300.00204728    00.00000000     00.23300744     00.00000000     00.00000015     
00.00000000     300.00006972    00.00000000     00.23300750     00.00000000     00.00000001     
00.00000000     300.00000256    00.00000000     00.23300750     00.00000000     00.00000000     
00.00000000     300.00000003    00.00000000     00.23300750     00.00000000     00.00000000     
00.00000000     300.00000000    -0.00000000     00.23300750     00.00000000     00.00000000     
00.00000000     300.00000000    -0.00000000     00.23300750     00.00000000     00.00000000     
00.00000000     300.00000000    -0.00000000     00.23300750     00.00000000     00.00000000     
00.00000000     300.00000000    -0.00000000     00.23300750     00.00000000     00.00000000     
00.00000000     300.00000000    -0.00000000     00.23300750     00.00000000     00.00000000     
00.00000000     300.00000000    -0.00000000     00.23300750     00.00000000     00.00000000     
00.00000000     300.00000000    -0.00000000     00.23300750     -0.00000000     00.00000000     
00.00000000     300.00000000    -0.00000000     00.23300750     -0.00000000     -0.00000000     
00.00000000     300.00000000    -0.00000000     00.23300750     -0.00000000     -0.00000000     
00.00000000     300.00000000    -0.00000000     00.23300750     -0.00000000     -0.00000000     
00.00000000     300.00000000    -0.00000000     00.23300750     -0.00000000     -0.00000000     
