# Studied params: m= =0.01
01.00000000     473.00000000    00.93964994     00.00000000     00.00306170     00.00828845     
00.96854883     495.06763995    00.90611614     00.00000000     00.00527531     00.01256523     
00.92287559     526.54304631    00.85721337     00.00000000     00.00878068     00.01845772     
00.86085942     569.43057279    00.79059148     00.00000000     00.01390100     00.02595681     
00.78337683     624.87477796    00.70717816     00.00000000     00.02067203     00.03463854     
00.69480784     692.88974126    00.61175679     00.00000000     00.02872189     00.04375916     
00.60176364     772.40665960    00.51155874     00.00000000     00.03737240     00.05254998     
00.51087118     861.47126817    00.41379616     00.00000000     00.04590178     00.06048936     
00.42707248     957.46106417    00.32378427     00.00000000     00.05377141     00.06738046     
00.38780406     1007.03189371   00.28163596     00.00000000     00.05745164     00.07052106     
00.36893548     1032.02348856   00.26138807     00.00000000     00.05921861     00.07201775     
00.35076806     1057.07884589   00.24189420     00.00000000     00.06091894     00.07345494     
00.33330219     1082.11549037   00.22315366     00.00000000     00.06255261     00.07483580     
00.31653322     1107.04204135   00.20516047     00.00000000     00.06411980     00.07616366     
00.30045226     1131.75965956   00.18790429     00.00000000     00.06562070     00.07744195     
00.28504687     1156.16693928   00.17137139     00.00000000     00.06705516     00.07867421     
00.27030164     1180.16924002   00.15554576     00.00000000     00.06842245     00.07986409     
00.25619871     1203.69253486   00.14041060     00.00000000     00.06972091     00.08101537     
00.23009161     1249.18747889   00.11241146     00.00000000     00.07208229     00.08319487     
00.20621611     1293.08060384   00.08693432     00.00000000     00.07412246     00.08527304     
00.18440099     1337.11811354   00.06402554     00.00000000     00.07575180     00.08729244     
00.16445928     1384.25808100   00.04390806     00.00000000     00.07682150     00.08931867     
00.15502032     1410.61031882   00.03499626     00.00000000     00.07706370     00.09038921     
00.14597520     1439.50722265   00.02699906     00.00000000     00.07707832     00.09151321     
00.13729293     1471.76191604   00.02001077     00.00000000     00.07684077     00.09272197     
00.12894801     1508.22622592   00.01412629     00.00000000     00.07634343     00.09406048     
00.12092940     1549.62475540   00.00941571     00.00000000     00.07561469     00.09559624     
00.11325464     1596.26752653   00.00588254     00.00000000     00.07473938     00.09743411     
00.10598257     1647.74457646   00.00342111     00.00000000     00.07385759     00.09973414     
00.10250304     1674.90397263   00.00251062     00.00000000     00.07346654     00.10115230     
00.09916198     1702.79460807   00.00178599     00.00000000     00.07312209     00.10276723     
00.09596778     1731.22687839   00.00121624     00.00000000     00.07282922     00.10459722     
00.09292252     1760.04282885   00.00077715     00.00000000     00.07258746     00.10664567     
00.09002071     1789.11801123   00.00045233     00.00000001     00.07239345     00.10889475     
00.08725022     1818.33437425   00.00023002     00.00000002     00.07224468     00.11130276     
00.08459576     1847.52406312   00.00009660     00.00000003     00.07214335     00.11380818     
00.08204351     1876.43510507   00.00003119     00.00000006     00.07209746     00.11634182     
00.07958400     1904.82952681   00.00000722     00.00000012     00.07211573     00.11884348     
00.07721162     1932.60267925   00.00000115     00.00000023     00.07220206     00.12127431     
00.07492265     1959.71364411   00.00000012     00.00000041     00.07235873     00.12361694     
00.07271393     1986.12801806   00.00000001     00.00000071     00.07258845     00.12586646     
00.06855347     2036.82060452   00.00000000     00.00000202     00.07326221     00.13005919     
00.06467120     2084.68461446   00.00000000     00.00000543     00.07424925     00.13388665     
00.06104841     2129.78393271   00.00000000     00.00001399     00.07556466     00.13734290     
00.05766834     2172.12973276   00.00000000     00.00003496     00.07722525     00.14041055     
00.05451527     2211.59411770   00.00000000     00.00008572     00.07924312     00.14305544     
00.05157298     2247.75349238   00.00000000     00.00020854     00.08160873     00.14521693     
00.04882127     2279.58060856   00.00000000     00.00050692     00.08425071     00.14679041     
00.04622915     2304.92878760   00.00000000     00.00122507     00.08695158     00.14760301     
00.04497484     2314.01307152   00.00000000     00.00188884     00.08818835     00.14764677     
00.04374090     2319.95060743   00.00000000     00.00286932     00.08923689     00.14740379     
00.04251835     2322.14633549   00.00000000     00.00426392     00.09000218     00.14684812     
00.04129928     2320.16499539   00.00000000     00.00615685     00.09040111     00.14596986     
00.04007826     2313.81010846   00.00000000     00.00860136     00.09037956     00.14477750     
00.03885286     2303.12357799   00.00000000     00.01161162     00.08991966     00.14329484     
00.03762327     2288.31432885   00.00000000     00.01516806     00.08903424     00.14155343     
00.03639153     2269.67862786   00.00000000     00.01922651     00.08775742     00.13958656     
00.03516058     2247.53405828   00.00000000     00.02372894     00.08613410     00.13742507     
00.03393393     2222.20423897   00.00000000     00.02860848     00.08421486     00.13509682     
00.03149207     2163.07195972   00.00000000     00.03929791     00.07965521     00.12999525     
00.03029914     2130.00096509   00.00000000     00.04489203     00.07714699     00.12730372     
00.02912387     2094.95145030   00.00000000     00.05059463     00.07453504     00.12452990     
00.02681652     2019.94271059   00.00000000     00.06222369     00.06909708     00.11874557     
00.02460382     1940.29950496   00.00000000     00.07376193     00.06362592     00.11280973     
00.02249535     1857.78625326   00.00000000     00.08501348     00.05827782     00.10681366     
00.02049559     1773.74597341   00.00000000     00.09587884     00.05314077     00.10082443     
00.01860585     1689.14824447   -0.00000000     00.10631642     00.04825781     00.09488926     
00.01682569     1604.68876261   -0.00000000     00.11631381     00.04364652     00.08904106     
00.01350957     1437.99107136   -0.00000000     00.13544361     00.03504658     00.07741183     
00.01204801     1356.51488373   -0.00000000     00.14412293     00.03125515     00.07194629     
00.01136570     1316.39475761   -0.00000000     00.14824101     00.02948511     00.06930610     
00.01070909     1276.73875525   -0.00000000     00.15224986     00.02778174     00.06670415     
00.01007797     1237.58256294   -0.00000000     00.15614924     00.02614447     00.06414163     
00.00947210     1198.96155942   -0.00000000     00.15993871     00.02457272     00.06161970     
00.00889126     1160.91143990   -0.00000000     00.16361770     00.02306590     00.05913950     
00.00833521     1123.46829194   -0.00000000     00.16718555     00.02162339     00.05670222     
00.00728031     1050.52684488   -0.00000000     00.17409070     00.01888674     00.05188778     
00.00632137     980.38307674    -0.00000000     00.18054049     00.01639905     00.04726334     
00.00462895     849.44057598    -0.00000000     00.19241947     00.01200853     00.03836289     
00.00328509     732.23459006    -0.00000000     00.20242782     00.00852226     00.03039159     
00.00225981     630.62044237    -0.00000000     00.21058465     00.00586247     00.02345092     
00.00151481     546.03390722    -0.00000000     00.21696400     00.00392979     00.01762876     
00.00061265     426.10817661    -0.00000000     00.22558703     00.00158937     00.00895324     
00.00022412     358.58629329    -0.00000000     00.22986517     00.00058144     00.00413981     
00.00008222     326.50369026    -0.00000000     00.23168502     00.00021332     00.00187643     
00.00001356     305.93943196    -0.00000000     00.23274063     00.00003521     00.00042043     
00.00000244     301.39863420    -0.00000000     00.23294942     00.00000636     00.00010051     
00.00000016     300.12307173    00.00000000     00.23300246     00.00000044     00.00000979     
00.00000000     300.00000000    00.00000000     00.23300708     00.00000003     00.00000092     
