# Studied params: m= =0.001
01.00000000     473.00000000    00.38386340     00.00000000     00.07322859     00.08592557     
00.94381620     515.15052541    00.35868350     00.00000000     00.07685768     00.08835753     
00.88947540     556.77994623    00.33432293     00.00000000     00.08039130     00.09061416     
00.83692368     598.07258494    00.31075800     00.00000000     00.08383033     00.09271480     
00.78618822     639.11699246    00.28800144     00.00000000     00.08717005     00.09467479     
00.69330636     720.60780879    00.24632466     00.00000000     00.09333120     00.09811601     
00.60786370     800.83841607    00.20796658     00.00000000     00.09904608     00.10116569     
00.53019013     879.08965403    00.17307819     00.00000000     00.10427592     00.10389456     
00.46024136     954.62491820    00.14164299     00.00000000     00.10901041     00.10636197     
00.42748367     991.04211677    00.12691622     00.00000000     00.11123409     00.10753520     
00.39664876     1026.46630467   00.11305115     00.00000000     00.11332919     00.10865725     
00.36766615     1060.75108945   00.10001722     00.00000000     00.11529772     00.10973315     
00.34045832     1093.74040253   00.08778111     00.00000000     00.11714071     00.11076782     
00.31494288     1125.30346066   00.07630869     00.00000000     00.11885713     00.11176632     
00.29103420     1155.39164910   00.06556801     00.00000000     00.12044289     00.11273401     
00.26864436     1184.10154888   00.05553364     00.00000000     00.12188964     00.11367694     
00.24768325     1211.72195540   00.04619227     00.00000000     00.12318350     00.11460260     
00.22805735     1238.73966072   00.03754876     00.00000000     00.12430497     00.11552105     
00.20966762     1265.80680757   00.02963193     00.00000000     00.12523187     00.11644614     
00.19240916     1293.73454089   00.02249899     00.00000000     00.12594678     00.11739691     
00.17617611     1323.54791512   00.01623673     00.00000000     00.12645008     00.11839981     
00.16087486     1356.51608835   00.01095469     00.00000000     00.12677782     00.11949510     
00.15350097     1374.72866345   00.00871258     00.00000000     00.12690843     00.12011037     
00.14634896     1394.23518967   00.00675809     00.00000000     00.12703273     00.12078260     
00.13942580     1415.14108230   00.00509470     00.00000000     00.12716919     00.12153236     
00.13274671     1437.47823799   00.00371672     00.00000000     00.12733512     00.12238707     
00.12633440     1461.18501051   00.00260743     00.00000000     00.12754341     00.12338006     
00.12021495     1486.10857582   00.00174012     00.00000000     00.12780151     00.12454546     
00.11441011     1512.04057020   00.00108308     00.00000000     00.12811650     00.12590702     
00.11161693     1525.31085342   00.00082195     00.00000000     00.12830356     00.12666503     
00.10890550     1538.75841797   00.00060341     00.00000000     00.12851496     00.12746815     
00.10627432     1552.36100983   00.00042461     00.00000000     00.12875821     00.12830964     
00.10372112     1566.09617878   00.00028281     00.00000001     00.12904319     00.12917999     
00.10124326     1579.93714036   00.00017492     00.00000001     00.12938162     00.13006736     
00.09883817     1593.84681692   00.00009692     00.00000004     00.12978595     00.13095822     
00.09650356     1607.76473238   00.00004349     00.00000015     00.13026702     00.13183849     
00.09535932     1614.67517950   00.00002406     00.00000040     00.13053987     00.13227055     
00.09423222     1621.50511992   00.00000993     00.00000105     00.13083640     00.13269401     
00.09312215     1628.18239546   00.00000232     00.00000315     00.13115995     00.13310496     
00.09257260     1631.43157191   00.00000077     00.00000619     00.13133102     00.13330364     
00.09202678     1634.60456215   00.00000019     00.00001203     00.13150596     00.13349602     
00.09148413     1637.67040394   00.00000003     00.00002346     00.13168135     00.13367971     
00.09094366     1640.57218141   00.00000000     00.00004567     00.13185170     00.13385091     
00.09040356     1643.21652871   00.00000000     00.00008817     00.13200748     00.13400364     
00.08986093     1645.46081383   00.00000000     00.00016679     00.13213343     00.13412902     
00.08931161     1647.10205030   00.00000000     00.00030505     00.13220758     00.13421486     
00.08875047     1647.88261009   00.00000000     00.00053223     00.13220336     00.13424657     
00.08817240     1647.52967418   00.00000000     00.00087819     00.13209439     00.13420962     
00.08757369     1645.83169189   00.00000000     00.00136434     00.13186202     00.13409365     
00.08695323     1642.71394043   00.00000000     00.00199628     00.13150152     00.13389620     
00.08631278     1638.26606273   00.00000000     00.00276191     00.13102340     00.13362364     
00.08565620     1632.70178050   00.00000000     00.00363648     00.13044902     00.13328870     
00.08498803     1626.28308303   00.00000000     00.00459127     00.12980326     00.13290638     
00.08431244     1619.25611373   00.00000000     00.00560015     00.12910887     00.13249052     
00.08363270     1611.81939014   00.00000000     00.00664292     00.12838368     00.13205221     
00.08226478     1596.15076808   00.00000000     00.00878945     00.12687700     00.13113033     
00.07952206     1563.51872915   00.00000000     00.01316547     00.12379049     00.12920976     
00.07680327     1530.37805827   00.00000000     00.01754178     00.12071332     00.12726782     
00.07411119     1496.95916107   00.00000000     00.02190363     00.11766183     00.12531778     
00.06875099     1429.41265227   00.00000000     00.03066864     00.11158138     00.12135792     
00.06349799     1360.94626146   00.00000000     00.03936184     00.10562044     00.11737627     
00.05835024     1291.52069779   00.00000000     00.04798542     00.09977833     00.11337119     
00.04810039     1149.49597539   00.00000000     00.06549161     00.08814550     00.10506105     
00.03822063     1002.50976302   00.00000000     00.08282885     00.07693265     00.09657239     
00.03356086     926.68996332    00.00000000     00.09118301     00.07164412     00.09237652     
00.02897235     848.92978277    00.00000000     00.09953735     00.06643648     00.08809950     
00.02444084     768.81385166    00.00000000     00.10792339     00.06129351     00.08371486     
00.01994530     685.75958940    00.00000000     00.11638830     00.05619138     00.07918338     
00.01038519     507.28190359    00.00000000     00.13494083     00.04534130     00.06880907     
00.00000000     300.00000000    00.00000000     00.15612918     00.03355481     00.05595051     
