# Studied params: m= =0.1
01.00000000     473.00000000    00.99998682     00.00000000     00.00000006     00.00000064     
00.99992836     473.03112823    00.99991255     00.00000000     00.00000094     00.00000790     
00.99934475     473.39545025    00.99929322     00.00000000     00.00001491     00.00009264     
00.99738899     474.80051189    00.99717679     00.00000000     00.00008692     00.00041968     
00.98823394     481.50173932    00.98713076     00.00000000     00.00053676     00.00198148     
00.97319614     492.19650993    00.97045856     00.00000000     00.00144869     00.00446800     
00.93943844     515.52859976    00.93274334     00.00000000     00.00383654     00.00977112     
00.87537401     559.55127688    00.86071659     00.00000000     00.00897595     00.01914726     
00.77656200     630.39444276    00.74915186     00.00000000     00.01768081     00.03234016     
00.71492388     676.53268392    00.67944938     00.00000000     00.02338768     00.03990898     
00.64878179     729.86808572    00.60463837     00.00000000     00.02965872     00.04752662     
00.58136500     789.58609656    00.52842152     00.00000000     00.03613675     00.05482528     
00.51549546     854.66302919    00.45401964     00.00000000     00.04250063     00.06156925     
00.39961498     996.94359650    00.32330640     00.00000000     00.05370245     00.07268621     
00.34752561     1070.92940083   00.26460502     00.00000000     00.05870973     00.07752832     
00.30097453     1145.47286634   00.21215020     00.00000000     00.06317448     00.08183492     
00.27936824     1182.47795610   00.18779943     00.00000000     00.06524446     00.08384488     
00.25910796     1219.13242932   00.16496176     00.00000000     00.06718341     00.08574592     
00.24013664     1255.27334675   00.14357637     00.00000000     00.06899504     00.08754781     
00.22239171     1290.77442655   00.12358322     00.00000000     00.07068110     00.08926026     
00.20580659     1325.60112215   00.10493049     00.00000000     00.07223967     00.09089320     
00.19031164     1359.89183521   00.08758423     00.00000000     00.07366310     00.09245740     
00.17583469     1394.04490937   00.07153926     00.00000000     00.07493585     00.09396536     
00.16230098     1428.77905716   00.05683020     00.00000000     00.07603283     00.09543269     
00.14963280     1465.15600909   00.04354039     00.00000000     00.07691887     00.09688047     
00.13774952     1504.58797715   00.03180658     00.00000000     00.07755066     00.09833888     
00.12657004     1548.82947372   00.02181431     00.00000000     00.07788481     00.09985343     
00.11602171     1599.84092187   00.01377014     00.00000000     00.07789985     00.10149696     
00.10606328     1659.28347758   00.00782490     00.00000000     00.07764426     00.10339438     
00.10126789     1692.37732736   00.00561299     00.00000000     00.07748107     00.10453920     
00.09664754     1727.49476891   00.00388771     00.00000000     00.07733369     00.10585028     
00.09222554     1764.29397738   00.00258817     00.00000001     00.07724408     00.10738152     
00.08802783     1802.33443538   00.00163969     00.00000001     00.07724836     00.10919229     
00.08407550     1841.16536286   00.00096757     00.00000003     00.07736799     00.11133322     
00.08037590     1880.40007389   00.00051070     00.00000007     00.07760836     00.11382118     
00.07860749     1900.04186110   00.00034679     00.00000011     00.07777586     00.11518763     
00.07689733     1919.63845939   00.00022197     00.00000017     00.07797344     00.11661818     
00.07524145     1939.11744031   00.00013176     00.00000026     00.07820184     00.11809650     
00.07363570     1958.40018208   00.00007113     00.00000041     00.07846306     00.11960367     
00.07207620     1977.41846275   00.00003419     00.00000063     00.07875969     00.12111992     
00.07055962     1996.13103548   00.00001432     00.00000098     00.07909407     00.12262664     
00.06908332     2014.52474419   00.00000509     00.00000150     00.07946811     00.12410809     
00.06764532     2032.60031251   00.00000137     00.00000227     00.07988347     00.12555265     
00.06489182     2067.80736687   00.00000010     00.00000489     00.08083654     00.12829556     
00.06227445     2101.67256347   00.00000000     00.00001010     00.08197671     00.13083955     
00.05746024     2165.12207551   00.00000000     00.00003969     00.08482996     00.13525688     
00.05309832     2222.05562845   00.00000000     00.00015269     00.08852195     00.13873613     
00.04913478     2270.25811296   00.00000000     00.00059132     00.09291276     00.14102938     
00.04726517     2288.92310962   00.00000000     00.00117481     00.09516762     00.14156795     
00.04545207     2302.15445321   00.00000000     00.00228109     00.09716776     00.14157009     
00.04366619     2307.92735381   00.00000000     00.00422587     00.09858273     00.14093635     
00.04188005     2304.58132272   00.00000000     00.00729529     00.09910168     00.13962246     
00.04007824     2291.51367697   00.00000000     00.01161434     00.09856649     00.13766575     
00.03826003     2269.22499638   00.00000000     00.01711577     00.09700485     00.13516164     
00.03643416     2238.78466107   00.00000000     00.02361176     00.09456178     00.13221858     
00.03461277     2201.35408870   00.00000000     00.03087438     00.09142190     00.12893081     
00.03280810     2158.01704079   00.00000000     00.03868002     00.08776775     00.12537380     
00.03103119     2109.78005676   00.00000000     00.04682757     00.08376444     00.12160899     
00.02929140     2057.59263094   00.00000000     00.05514673     00.07955371     00.11768858     
00.02759617     2002.33750355   00.00000000     00.06350206     00.07525078     00.11365780     
00.02595097     1944.80232334   00.00000000     00.07179326     00.07094356     00.10955539     
00.02435944     1885.65633735   00.00000000     00.07995155     00.06669473     00.10541358     
00.02282382     1825.44519052   -0.00000000     00.08793358     00.06254604     00.10125837     
00.02134523     1764.60707304   -0.00000000     00.09571456     00.05852360     00.09711055     
00.01851434     1642.18572928   -0.00000000     00.11087356     00.05078243     00.08875484     
00.01591139     1520.39165991   -0.00000000     00.12514970     00.04364741     00.08057668     
00.01353343     1400.45873711   -0.00000000     00.13854009     00.03712517     00.07263110     
00.01244898     1341.51765693   -0.00000000     00.14478043     00.03415043     00.06883286     
00.01141940     1283.40839112   -0.00000000     00.15079866     00.03132613     00.06510502     
00.01044421     1226.23708805   -0.00000000     00.15659317     00.02865098     00.06145125     
00.00952289     1170.10866995   -0.00000000     00.16216182     00.02612359     00.05787508     
00.00865490     1115.12945608   -0.00000000     00.16750212     00.02374249     00.05438009     
00.00783967     1061.40869263   -0.00000000     00.17261140     00.02150612     00.05097003     
00.00633061     958.12339201    -0.00000000     00.18234576     00.01736641     00.04427043     
00.00502411     861.00828926    -0.00000000     00.19111603     00.01378237     00.03797183     
00.00391297     770.93945220    -0.00000000     00.19890536     00.01073423     00.03211501     
00.00298799     688.78719148    -0.00000000     00.20570419     00.00819679     00.02674510     
00.00223745     615.37797220    -0.00000000     00.21151491     00.00613786     00.02190918     
00.00164656     551.40302642    -0.00000000     00.21635778     00.00451691     00.01765121     
00.00082627     451.67978905    -0.00000000     00.22369158     00.00226667     00.01067257     
00.00038563     385.53927160    -0.00000000     00.22811493     00.00105788     00.00603835     
00.00017699     346.65862674    -0.00000000     00.23049319     00.00048554     00.00331049     
00.00003929     313.80710780    -0.00000000     00.23233720     00.00010779     00.00097381     
00.00000903     304.08422063    00.00000000     00.23282467     00.00002478     00.00028953     
00.00000076     300.47238503    00.00000000     00.23298839     00.00000209     00.00003383     
00.00000006     300.04757489    00.00000000     00.23300576     00.00000015     00.00000345     
00.00000000     300.00525872    00.00000000     00.23300733     00.00000001     00.00000039     
00.00000000     300.00019384    00.00000000     00.23300749     00.00000000     00.00000001     
00.00000000     300.00000793    00.00000000     00.23300750     00.00000000     00.00000000     
00.00000000     300.00000010    00.00000000     00.23300750     00.00000000     00.00000000     
00.00000000     300.00000000    00.00000000     00.23300750     00.00000000     00.00000000     
00.00000000     300.00000000    00.00000000     00.23300750     00.00000000     00.00000000     
00.00000000     300.00000000    00.00000000     00.23300750     00.00000000     00.00000000     
