# Studied params: m= =11.0
01.00000000     473.00000000    01.00000000     00.00000000     00.00000000     -0.00000000     
01.00000000     473.00000000    01.00000000     00.00000000     00.00000000     -0.00000000     
01.00000000     473.00000000    01.00000000     00.00000000     00.00000000     -0.00000000     
01.00000000     473.00000000    01.00000000     00.00000000     00.00000000     -0.00000000     
01.00000000     473.00000000    01.00000000     00.00000000     00.00000000     -0.00000000     
01.00000000     473.00000000    01.00000000     00.00000000     00.00000000     -0.00000000     
01.00000000     473.00000000    01.00000000     00.00000000     -0.00000000     -0.00000000     
01.00000000     473.00000000    01.00000000     00.00000000     -0.00000000     00.00000000     
01.00000000     472.99999986    01.00000000     00.00000000     -0.00000000     00.00000000     
00.99999969     472.99995852    00.99999969     00.00000008     -0.00000000     00.00000000     
00.99992377     472.99061694    00.99992377     00.00001920     -0.00000000     00.00000000     
00.98708302     471.53965502    00.98708302     00.00322767     -0.00000000     00.00000000     
00.02401028     307.36445711    00.02401029     00.22699060     -0.00000002     -0.00000001     
00.00015032     300.04630910    00.00015033     00.23297453     -0.00000001     -0.00000001     
00.00000053     300.00015903    00.00000053     00.23300741     -0.00000000     -0.00000000     
00.00000000     300.00000026    00.00000000     00.23300750     -0.00000000     -0.00000000     
00.00000000     300.00000000    00.00000000     00.23300750     -0.00000000     -0.00000000     
00.00000000     300.00000000    00.00000000     00.23300750     -0.00000000     -0.00000000     
00.00000000     300.00000000    00.00000000     00.23300750     -0.00000000     -0.00000000     
00.00000000     300.00000000    00.00000000     00.23300750     -0.00000000     -0.00000000     
00.00000000     300.00000000    00.00000000     00.23300750     -0.00000000     -0.00000000     
00.00000000     300.00000000    00.00000000     00.23300750     -0.00000000     -0.00000000     
00.00000000     300.00000000    00.00000000     00.23300750     -0.00000000     -0.00000000     
00.00000000     300.00000000    00.00000000     00.23300750     -0.00000000     -0.00000000     
00.00000000     300.00000000    00.00000000     00.23300750     -0.00000000     -0.00000000     
00.00000000     300.00000000    00.00000000     00.23300750     -0.00000000     -0.00000000     
00.00000000     300.00000000    00.00000000     00.23300750     -0.00000000     -0.00000000     
00.00000000     300.00000000    00.00000000     00.23300750     -0.00000000     -0.00000000     
00.00000000     300.00000000    00.00000000     00.23300750     -0.00000000     -0.00000000     
00.00000000     300.00000000    00.00000000     00.23300750     -0.00000000     -0.00000000     
00.00000000     300.00000000    00.00000000     00.23300750     -0.00000000     -0.00000000     
00.00000000     300.00000000    00.00000000     00.23300750     -0.00000000     -0.00000000     
00.00000000     300.00000000    00.00000000     00.23300750     -0.00000000     -0.00000000     
00.00000000     300.00000000    00.00000000     00.23300750     -0.00000000     -0.00000000     
00.00000000     300.00000000    00.00000000     00.23300750     -0.00000000     -0.00000000     
00.00000000     300.00000000    00.00000000     00.23300750     -0.00000000     -0.00000000     
00.00000000     300.00000000    00.00000000     00.23300750     -0.00000000     -0.00000000     
00.00000000     300.00000000    00.00000000     00.23300750     -0.00000000     -0.00000000     
00.00000000     300.00000000    00.00000000     00.23300750     -0.00000000     -0.00000000     
00.00000000     300.00000000    00.00000000     00.23300750     -0.00000000     -0.00000000     
00.00000000     300.00000000    00.00000000     00.23300750     -0.00000000     00.00000000     
00.00000000     300.00000000    00.00000000     00.23300750     -0.00000000     00.00000000     
00.00000000     300.00000000    00.00000000     00.23300750     -0.00000000     00.00000000     
00.00000000     300.00000000    00.00000000     00.23300750     -0.00000000     00.00000000     
00.00000000     300.00000000    00.00000000     00.23300750     -0.00000000     00.00000000     
00.00000000     300.00000000    00.00000000     00.23300750     -0.00000000     -0.00000000     
00.00000000     300.00000000    00.00000000     00.23300750     -0.00000000     -0.00000000     
00.00000000     300.00000000    00.00000000     00.23300750     -0.00000000     -0.00000000     
