# Studied params: m= =5.0
01.00000000     473.00000000    01.00000000     00.00000000     -0.00000000     00.00000000     
01.00000000     473.00000000    01.00000000     00.00000000     -0.00000000     00.00000000     
01.00000000     473.00000000    01.00000000     00.00000000     00.00000000     00.00000000     
01.00000000     473.00000000    01.00000000     00.00000000     00.00000000     00.00000000     
01.00000000     473.00000000    01.00000000     00.00000000     00.00000000     00.00000000     
01.00000000     473.00000013    01.00000000     00.00000000     00.00000000     00.00000000     
00.99999983     473.00001524    00.99999983     00.00000000     00.00000000     00.00000000     
00.99999772     473.00048532    00.99999769     00.00000000     00.00000001     00.00000013     
00.99998467     473.00615058    00.99998430     00.00000000     00.00000015     00.00000162     
00.99986229     473.08429335    00.99985633     00.00000000     00.00000275     00.00002206     
00.99870506     473.95128152    00.99862564     00.00000000     00.00004167     00.00024822     
00.99504882     476.76226409    00.99468773     00.00000000     00.00020881     00.00097987     
00.98047685     487.71374249    00.97883747     00.00000000     00.00104254     00.00380448     
00.96083062     501.98407334    00.95729418     00.00000000     00.00237700     00.00742197     
00.92387671     528.40015927    00.91651818     00.00000000     00.00522136     00.01385199     
00.86386044     571.73754005    00.84994827     00.00000001     00.01033782     00.02360002     
00.78076564     634.77107736    00.75744033     00.00000001     00.01798390     00.03603877     
00.68199439     717.25550101    00.64727997     00.00000002     00.02753243     00.04953843     
00.57872711     816.53492387    00.53209204     00.00000002     00.03776697     00.06241628     
00.48071055     928.65056370    00.42286507     00.00000003     00.04754574     00.07370070     
00.39371291     1049.11275456   00.32603179     00.00000003     00.05619466     00.08317431     
00.26313119     1301.22868644   00.18078708     00.00000004     00.06910677     00.09696474     
00.21080600     1421.31189238   00.12257145     00.00000004     00.07426840     00.10266787     
00.18780842     1479.25763265   00.09706746     00.00000005     00.07652753     00.10526791     
00.16707910     1536.03804121   00.07426200     00.00000005     00.07854576     00.10768736     
00.14837503     1592.71858640   00.05412940     00.00000006     00.08033365     00.10995098     
00.13961730     1621.91004408   00.04505290     00.00000006     00.08115352     00.11104437     
00.13128869     1652.07835898   00.03673973     00.00000007     00.08192152     00.11210887     
00.12335736     1683.73167283   00.02923341     00.00000009     00.08264509     00.11314946     
00.11579386     1717.43437628   00.02258306     00.00000011     00.08333699     00.11417269     
00.10857284     1753.75464893   00.01683641     00.00000015     00.08401848     00.11518793     
00.10167576     1793.17849954   00.01202902     00.00000021     00.08472365     00.11620929     
00.09509444     1835.98976688   00.00816937     00.00000034     00.08550435     00.11725881     
00.08883495     1882.13590666   00.00522241     00.00000061     00.08643392     00.11837051     
00.08291954     1931.12209040   00.00309883     00.00000122     00.08760594     00.11959443     
00.07738328     1981.95022113   00.00166136     00.00000277     00.08912568     00.12099695     
00.07475583     2007.45336724   00.00114152     00.00000464     00.09006664     00.12180091     
00.07224061     2032.69265901   00.00074020     00.00000791     00.09113986     00.12267848     
00.06984185     2057.27271723   00.00044265     00.00001394     00.09236255     00.12363730     
00.06868398     2069.14113897   00.00032806     00.00001906     00.09303923     00.12415057     
00.06755675     2080.66696065   00.00023500     00.00002619     00.09375944     00.12468442     
00.06646012     2091.79261978   00.00016173     00.00003625     00.09452394     00.12523716     
00.06539368     2102.47008355   00.00010621     00.00005050     00.09533214     00.12580555     
00.06435653     2112.66683918   00.00006608     00.00007067     00.09618164     00.12638438     
00.06334718     2122.37097273   00.00003864     00.00009914     00.09706795     00.12696627     
00.06236364     2131.59262189   00.00002108     00.00013899     00.09798449     00.12754177     
00.06140353     2140.36008290   00.00001064     00.00019420     00.09892309     00.12810005     
00.06046433     2148.71036127   00.00000490     00.00026975     00.09987461     00.12862977     
00.05954363     2156.67745791   00.00000197     00.00037181     00.10082950     00.12912005     
00.05775459     2171.53141944   00.00000030     00.00067685     00.10271523     00.12995112     
00.05601794     2184.84023383   00.00000004     00.00118288     00.10450190     00.13053535     
00.05432353     2196.27795695   00.00000000     00.00197175     00.10610176     00.13083876     
00.05266177     2205.40876938   00.00000000     00.00312954     00.10742043     00.13084213     
00.05102402     2211.76132447   00.00000000     00.00473221     00.10837260     00.13053999     
00.04940331     2214.87711352   00.00000000     00.00683518     00.10889414     00.12993814     
00.04779462     2214.35062038   00.00000000     00.00946963     00.10894572     00.12904956     
00.04619477     2209.86280811   00.00000000     00.01264396     00.10851040     00.12789101     
00.04460217     2201.20365230   00.00000000     00.01634678     00.10758978     00.12648098     
00.04301656     2188.28082462   00.00000000     00.02054911     00.10620106     00.12483911     
00.03985700     2149.74457917   00.00000000     00.03033211     00.10211643     00.12091750     
00.03674160     2095.76250944   00.00000000     00.04151956     00.09662309     00.11630280     
00.03369682     2028.80570920   00.00000000     00.05360330     00.09015993     00.11115476     
00.03075012     1951.84161784   00.00000000     00.06610134     00.08316497     00.10562566     
00.02792403     1867.80488997   00.00000000     00.07862933     00.07600034     00.09985225     
00.02523381     1779.23210200   00.00000000     00.09092529     00.06892198     00.09394872     
00.02268805     1688.10517841   00.00000000     00.10283543     00.06208763     00.08800361     
00.02029060     1595.87275804   -0.00000000     00.11428111     00.05558354     00.08208140     
00.01804256     1503.56651984   -0.00000000     00.12522624     00.04945205     00.07622754     
00.01594358     1411.93549082   -0.00000000     00.13565454     00.04371162     00.07047415     
00.01399264     1321.55732428   -0.00000000     00.14555696     00.03836878     00.06484494     
00.01218841     1232.91652670   -0.00000000     00.15492604     00.03342428     00.05935884     
00.01052935     1146.45421068   -0.00000000     00.16375380     00.02887598     00.05403251     
00.00976697     1104.18980974   -0.00000000     00.16789033     00.02678562     00.05147865     
00.00904018     1062.65021847   -0.00000000     00.17188900     00.02479272     00.04896987     
00.00834873     1021.89185658   -0.00000000     00.17574852     00.02289660     00.04650819     
00.00769233     981.97193089    -0.00000000     00.17946753     00.02109653     00.04409575     
00.00707068     942.94811747    -0.00000000     00.18304466     00.01939170     00.04173473     
00.00648342     904.87742587    -0.00000000     00.18647855     00.01778118     00.03942742     
00.00538964     831.77958363    -0.00000000     00.19303588     00.01478143     00.03489822     
00.00442811     763.02257926    -0.00000000     00.19900169     00.01214437     00.03061937     
00.00359432     699.03475483    -0.00000000     00.20436983     00.00985760     00.02661287     
00.00288263     640.23146237    -0.00000000     00.20913840     00.00790571     00.02290174     
00.00228609     586.98924417    -0.00000000     00.21331161     00.00626965     00.01950876     
00.00136632     497.60953358    00.00000000     00.22019007     00.00374708     00.01354180     
00.00077843     430.27695614    00.00000000     00.22500502     00.00213477     00.00900490     
00.00043418     383.42859366    00.00000000     00.22812360     00.00119065     00.00581748     
00.00013199     332.95154535    00.00000000     00.23126225     00.00036193     00.00228325     
00.00004102     312.88496376    00.00000000     00.23237589     00.00011247     00.00089506     
00.00000614     302.57332809    00.00000000     00.23289279     00.00001684     00.00017952     
00.00000028     300.16470082    00.00000000     00.23300090     00.00000077     00.00001163     
00.00000001     300.00842788    00.00000000     00.23300720     00.00000003     00.00000060     
00.00000000     300.00046107    00.00000000     00.23300749     00.00000000     00.00000003     
00.00000000     300.00000732    00.00000000     00.23300750     00.00000000     00.00000000     
00.00000000     300.00000009    00.00000000     00.23300750     00.00000000     00.00000000     
00.00000000     300.00000000    00.00000000     00.23300750     00.00000000     00.00000000     
00.00000000     300.00000000    00.00000000     00.23300750     00.00000000     00.00000000     
00.00000000     300.00000000    00.00000000     00.23300750     00.00000000     00.00000000     
00.00000000     300.00000000    -0.00000000     00.23300750     00.00000000     00.00000000     
00.00000000     300.00000000    -0.00000000     00.23300750     00.00000000     00.00000000     
00.00000000     300.00000000    -0.00000000     00.23300750     00.00000000     00.00000000     
00.00000000     300.00000000    -0.00000000     00.23300750     00.00000000     00.00000000     
00.00000000     300.00000000    -0.00000000     00.23300750     00.00000000     00.00000000     
00.00000000     300.00000000    -0.00000000     00.23300750     00.00000000     00.00000000     
00.00000000     300.00000000    -0.00000000     00.23300750     00.00000000     -0.00000000     
00.00000000     300.00000000    -0.00000000     00.23300750     00.00000000     -0.00000000     
00.00000000     300.00000000    -0.00000000     00.23300750     00.00000000     -0.00000000     
00.00000000     300.00000000    -0.00000000     00.23300750     00.00000000     -0.00000000     
