# Studied params: m= =5.5
01.00000000     473.00000000    01.00000000     -0.00000000     -0.00000000     -0.00000000     
01.00000000     473.00000000    01.00000000     -0.00000000     -0.00000000     -0.00000000     
01.00000000     473.00000000    01.00000000     -0.00000000     00.00000000     -0.00000000     
01.00000000     473.00000000    01.00000000     -0.00000000     00.00000000     00.00000000     
01.00000000     473.00000000    01.00000000     -0.00000000     00.00000000     00.00000000     
00.99999999     473.00000038    00.99999999     00.00000000     00.00000000     00.00000000     
00.99999968     473.00005021    00.99999968     00.00000000     00.00000000     00.00000001     
00.99999481     473.00175850    00.99999471     00.00000000     00.00000004     00.00000046     
00.99989225     473.06161014    00.99988810     00.00000000     00.00000186     00.00001617     
00.99916415     473.59456276    00.99911712     00.00000000     00.00002393     00.00015561     
00.99669821     475.49235887    00.99647053     00.00000000     00.00012840     00.00065118     
00.98602724     483.57892640    00.98489891     00.00000000     00.00070321     00.00275021     
00.97040645     495.01772259    00.96781587     00.00000000     00.00171404     00.00568330     
00.93878347     517.67664624    00.93300083     00.00000001     00.00405826     00.01130939     
00.88367854     557.21623457    00.87198276     00.00000001     00.00863127     00.02048071     
00.80267620     617.70060909    00.78190285     00.00000002     00.01596023     00.03291626     
00.70211768     699.78041453    00.66981129     00.00000002     00.02559917     00.04698905     
00.59423163     800.94988719    00.54949860     00.00000003     00.03626075     00.06070444     
00.49067853     916.88810108    00.43411741     00.00000004     00.04659055     00.07278434     
00.39866735     1042.50421284   00.33172325     00.00000005     00.05574261     00.08287959     
00.26200230     1307.04124366   00.17975387     00.00000006     00.06925956     00.09736391     
00.20774986     1432.56751834   00.11941338     00.00000006     00.07461138     00.10330787     
00.18405267     1493.03186653   00.09316429     00.00000007     00.07693777     00.10600754     
00.16279327     1552.33226703   00.06985217     00.00000007     00.07900365     00.10851307     
00.14369367     1611.91475364   00.04948062     00.00000008     00.08082239     00.11085237     
00.13477132     1642.96644274   00.04040951     00.00000009     00.08165510     00.11198220     
00.12630058     1675.37376612   00.03219913     00.00000011     00.08243646     00.11308241     
00.11824647     1709.75508447   00.02490274     00.00000013     00.08317863     00.11415937     
00.11057805     1746.76063872   00.01857548     00.00000018     00.08390228     00.11522195     
00.10327119     1786.98213129   00.01326282     00.00000025     00.08464133     00.11628357     
00.09631263     1830.81732476   00.00898382     00.00000039     00.08544888     00.11736548     
00.08970462     1878.30548765   00.00571113     00.00000069     00.08640239     00.11850130     
00.08346796     1928.98127056   00.00335563     00.00000138     00.08760408     00.11974216     
00.07763944     1981.77946213   00.00176988     00.00000315     00.08917282     00.12115843     
00.07487693     2008.30160190   00.00120065     00.00000531     00.09015308     00.12197162     
00.07223607     2034.53422776   00.00076487     00.00000915     00.09127819     00.12286130     
00.06972198     2060.01725996   00.00044589     00.00001637     00.09256883     00.12383687     
00.06851042     2072.27296063   00.00032481     00.00002262     00.09328705     00.12436097     
00.06733246     2084.13249118   00.00022782     00.00003146     00.09405387     00.12490714     
00.06618810     2095.52904755   00.00015279     00.00004408     00.09486996     00.12547338     
00.06507682     2106.40856123   00.00009721     00.00006221     00.09573409     00.12605572     
00.06399749     2116.73759596   00.00005817     00.00008824     00.09664263     00.12664765     
00.06294823     2126.50937696   00.00003242     00.00012543     00.09758916     00.12723990     
00.06192650     2135.74458780   00.00001661     00.00017809     00.09856464     00.12782076     
00.06092935     2144.48469092   00.00000758     00.00025179     00.09955809     00.12837693     
00.05900318     2160.63188412   00.00000139     00.00048231     00.10155646     00.12937104     
00.05714314     2175.15683298   00.00000018     00.00088866     00.10349207     00.13013179     
00.05533564     2187.87658546   00.00000002     00.00155645     00.10527052     00.13060491     
00.05356920     2198.37679411   00.00000000     00.00258289     00.10678703     00.13075890     
00.05183346     2206.14837435   00.00000000     00.00406022     00.10793988     00.13058094     
00.05011979     2210.66880779   00.00000000     00.00606012     00.10864780     00.13007368     
00.04842186     2211.45604076   00.00000000     00.00862642     00.10885842     00.12925016     
00.04673556     2208.11236096   00.00000000     00.01177553     00.10854676     00.12812878     
00.04505863     2200.35674364   00.00000000     00.01550030     00.10771022     00.12673015     
00.04339041     2188.04156774   00.00000000     00.01977381     00.10636426     00.12507580     
00.04173162     2171.15306595   00.00000000     00.02455171     00.10453979     00.12318800     
00.03843202     2123.99607793   00.00000000     00.03546783     00.09958555     00.11876834     
00.03519590     2061.19667267   00.00000000     00.04766151     00.09331939     00.11367468     
00.03205377     1985.79872361   00.00000000     00.06056878     00.08623820     00.10808159     
00.02903399     1901.15275589   00.00000000     00.07369636     00.07879635     00.10215196     
00.02615753     1810.35691501   00.00000000     00.08668297     00.07133859     00.09602715     
00.02343708     1715.93546365   00.00000000     00.09930393     00.06408844     00.08982013     
00.02087884     1619.76963858   -0.00000000     00.11143937     00.05717234     00.08361474     
00.01848493     1523.19765622   -0.00000000     00.12303314     00.05065369     00.07747014     
00.01625532     1427.17379426   -0.00000000     00.13406062     00.04456073     00.07142762     
00.01418899     1332.41382811   -0.00000000     00.14450961     00.03890395     00.06551694     
00.01228440     1239.50122549   -0.00000000     00.15437124     00.03368538     00.05976124     
00.01140739     1193.92120717   -0.00000000     00.15899924     00.03128158     00.05699592     
00.01057010     1149.01405028   -0.00000000     00.16347790     00.02898627     00.05427585     
00.00977226     1104.84437550   -0.00000000     00.16780593     00.02679885     00.05160333     
00.00901358     1061.47687963   -0.00000000     00.17198197     00.02471862     00.04898071     
00.00829376     1018.97676488   -0.00000000     00.17600456     00.02274480     00.04641036     
00.00761245     977.41002779    -0.00000000     00.17987219     00.02087652     00.04389475     
00.00696928     936.84293649    -0.00000000     00.18358333     00.01911278     00.04143644     
00.00636385     897.34084244    -0.00000000     00.18713645     00.01745247     00.03903809     
00.00524187     821.74087059    -0.00000000     00.19389669     00.01437555     00.03434037     
00.00426421     750.99684775    -0.00000000     00.20000512     00.01169433     00.02992364     
00.00342528     685.59029804    -0.00000000     00.20545627     00.00939357     00.02581320     
00.00271810     625.97819692    -0.00000000     00.21025044     00.00745413     00.02203502     
00.00213407     572.55691733    -0.00000000     00.21439602     00.00585243     00.01861399     
00.00125547     484.50793344    00.00000000     00.22108958     00.00344290     00.01270392     
00.00071443     420.08511681    00.00000000     00.22562578     00.00195913     00.00834260     
00.00021172     346.67600841    00.00000000     00.23044360     00.00058054     00.00319935     
00.00005642     316.27045929    00.00000000     00.23219578     00.00015468     00.00111248     
00.00001576     305.76378172    00.00000000     00.23274115     00.00004320     00.00039616     
00.00000211     301.03093863    00.00000000     00.23296407     00.00000578     00.00007146     
00.00000009     300.05880347    00.00000000     00.23300527     00.00000024     00.00000413     
00.00000000     300.00269335    00.00000000     00.23300741     00.00000001     00.00000019     
00.00000000     300.00013266    00.00000000     00.23300750     00.00000000     00.00000001     
00.00000000     300.00000190    00.00000000     00.23300750     00.00000000     00.00000000     
00.00000000     300.00000002    00.00000000     00.23300750     00.00000000     00.00000000     
00.00000000     300.00000000    00.00000000     00.23300750     00.00000000     00.00000000     
00.00000000     300.00000000    00.00000000     00.23300750     00.00000000     00.00000000     
00.00000000     300.00000000    00.00000000     00.23300750     00.00000000     00.00000000     
00.00000000     300.00000000    00.00000000     00.23300750     00.00000000     00.00000000     
00.00000000     300.00000000    00.00000000     00.23300750     00.00000000     00.00000000     
00.00000000     300.00000000    00.00000000     00.23300750     00.00000000     00.00000000     
00.00000000     300.00000000    -0.00000000     00.23300750     00.00000000     00.00000000     
00.00000000     300.00000000    -0.00000000     00.23300750     00.00000000     00.00000000     
00.00000000     300.00000000    -0.00000000     00.23300750     00.00000000     00.00000000     
00.00000000     300.00000000    -0.00000000     00.23300750     00.00000000     -0.00000000     
00.00000000     300.00000000    -0.00000000     00.23300750     00.00000000     -0.00000000     
00.00000000     300.00000000    -0.00000000     00.23300750     00.00000000     -0.00000000     
00.00000000     300.00000000    -0.00000000     00.23300750     00.00000000     -0.00000000     
