# Studied params: m= =5.7
01.00000000     473.00000000    01.00000000     -0.00000000     00.00000000     00.00000000     
01.00000000     473.00000000    01.00000000     -0.00000000     00.00000000     00.00000000     
01.00000000     473.00000000    01.00000000     -0.00000000     00.00000000     00.00000000     
01.00000000     473.00000000    01.00000000     -0.00000000     00.00000000     00.00000000     
01.00000000     473.00000000    01.00000000     -0.00000000     00.00000000     00.00000000     
01.00000000     473.00000027    01.00000000     -0.00000000     00.00000000     00.00000000     
00.99999975     473.00003662    00.99999975     00.00000000     00.00000000     00.00000001     
00.99999592     473.00132975    00.99999584     00.00000000     00.00000003     00.00000035     
00.99991405     473.04835884    00.99991091     00.00000000     00.00000141     00.00001253     
00.99932143     473.48345577    00.99928468     00.00000000     00.00001883     00.00012486     
00.99725772     475.09143181    00.99707396     00.00000000     00.00010451     00.00053911     
00.98802871     482.19432726    00.98708407     00.00000000     00.00059455     00.00235937     
00.97405709     492.58756017    00.97183114     00.00000000     00.00148970     00.00499425     
00.94488820     513.77555426    00.93977000     00.00000001     00.00363957     00.01021108     
00.89248621     551.75703001    00.88182850     00.00000001     00.00798186     00.01898586     
00.81333986     611.19132352    00.79391830     00.00000002     00.01516289     00.03121664     
00.71301433     693.21278609    00.68219325     00.00000003     00.02484314     00.04534350     
00.60390801     795.45388505    00.56061353     00.00000004     00.03572750     00.05927644     
00.49842738     913.47286578    00.44316550     00.00000005     00.04636654     00.07160325     
00.40445451     1041.94337170   00.33866046     00.00000006     00.05582308     00.08190107     
00.32466340     1175.92836082   00.24999600     00.00000006     00.06380807     00.09038303     
00.25846653     1309.65583324   00.17643480     00.00000007     00.07041443     00.09743391     
00.22933254     1374.84319712   00.14405177     00.00000007     00.07332076     00.10060525     
00.20318144     1438.48807998   00.11499829     00.00000008     00.07592672     00.10352033     
00.17973545     1500.46816672   00.08903479     00.00000008     00.07825365     00.10621183     
00.15871505     1561.29247009   00.06602382     00.00000009     00.08031728     00.10870934     
00.14892331     1591.92899341   00.05555625     00.00000010     00.08126371     00.10990756     
00.13965069     1623.07072208   00.04589059     00.00000010     00.08214800     00.11106750     
00.13085834     1655.20475190   00.03706565     00.00000012     00.08297538     00.11219371     
00.12250875     1688.92695665   00.02913282     00.00000014     00.08375501     00.11329164     
00.11456730     1724.90840459   00.02215084     00.00000018     00.08450291     00.11436849     
00.10700454     1763.82566281   00.01617658     00.00000024     00.08524614     00.11543467     
00.09979980     1806.24361835   00.01125031     00.00000036     00.08602861     00.11650640     
00.09294598     1852.45168199   00.00737563     00.00000058     00.08691749     00.11760971     
00.08645416     1902.28611693   00.00449845     00.00000108     00.08800699     00.11878572     
00.08333379     1928.30351185   00.00338507     00.00000161     00.08867879     00.11942967     
00.08031946     1954.87375812   00.00247406     00.00000245     00.08944876     00.12011714     
00.07741726     1981.76916638   00.00174256     00.00000387     00.09033468     00.12085868     
00.07463340     2008.69089958   00.00116824     00.00000637     00.09135560     00.12166546     
00.07197387     2035.24726153   00.00073128     00.00001094     00.09253274     00.12254872     
00.06944434     2060.93722357   00.00041522     00.00001970     00.09388953     00.12351825     
00.06822649     2073.23359471   00.00029709     00.00002740     00.09464718     00.12403952     
00.06704326     2085.08623892   00.00020386     00.00003837     00.09545752     00.12458269     
00.06589462     2096.42496449   00.00013314     00.00005417     00.09632077     00.12514525     
00.06477991     2107.19620068   00.00008206     00.00007700     00.09723472     00.12572229     
00.06369771     2117.37180530   00.00004731     00.00010993     00.09819411     00.12630599     
00.06264577     2126.95461892   00.00002528     00.00015709     00.09919043     00.12688548     
00.06162116     2135.97609240   00.00001242     00.00022381     00.10021236     00.12744755     
00.06062061     2144.48456875   00.00000556     00.00031683     00.10124688     00.12797795     
00.05964093     2152.52727744   00.00000223     00.00044437     00.10228032     00.12846293     
00.05867932     2160.13424214   00.00000075     00.00061638     00.10329891     00.12889040     
00.05680643     2174.06521599   00.00000009     00.00112714     00.10524586     00.12954217     
00.05498183     2185.99074777   00.00000001     00.00195514     00.10697456     00.12988012     
00.05319387     2195.42462256   00.00000000     00.00320162     00.10837392     00.12988063     
00.05143245     2201.81767240   00.00000000     00.00495419     00.10934566     00.12953899     
00.04968974     2204.63274530   00.00000000     00.00727316     00.10981997     00.12886464     
00.04796040     2203.39862322   00.00000000     00.01018844     00.10975844     00.12787507     
00.04624127     2197.75245407   00.00000000     00.01370303     00.10914920     00.12659115     
00.04453099     2187.46670821   00.00000000     00.01779742     00.10800122     00.12503493     
00.04282975     2172.45774621   00.00000000     00.02243250     00.10634073     00.12322925     
00.03944361     2128.45953166   00.00000000     00.03317520     00.10160797     00.11893247     
00.03611610     2067.77495640   00.00000000     00.04535298     00.09541220     00.11390589     
00.03287886     1993.44394757   00.00000000     00.05837548     00.08827279     00.10833200     
00.02976272     1908.96324701   00.00000000     00.07170886     00.08068213     00.10238308     
00.02679127     1817.64480780   00.00000000     00.08495184     00.07302384     00.09621037     
00.02397925     1722.22485164   00.00000000     00.09784959     00.06555140     00.08993595     
00.02133415     1624.75485413   -0.00000000     00.11026377     00.05841017     00.08365093     
00.01885877     1526.69259359   -0.00000000     00.12212873     00.05167385     00.07741969     
00.01655345     1429.07049776   -0.00000000     00.13341551     00.04537574     00.07128698     
00.01441734     1332.65509803   -0.00000000     00.14410991     00.03952871     00.06528480     
00.01244905     1238.06500936   -0.00000000     00.15420189     00.03413594     00.05943777     
00.01154329     1191.64779409   -0.00000000     00.15893573     00.03165344     00.05662893     
00.01067879     1145.90838303   -0.00000000     00.16351614     00.02928361     00.05386577     
00.00985529     1100.91468321   -0.00000000     00.16794169     00.02702591     00.05115071     
00.00907251     1056.73468907   -0.00000000     00.17221087     00.02487966     00.04848620     
00.00833016     1013.43699999   -0.00000000     00.17632208     00.02284411     00.04587476     
00.00762789     971.09115754    -0.00000000     00.18027364     00.02091840     00.04331897     
00.00696535     929.76684599    -0.00000000     00.18406383     00.01910155     00.04082153     
00.00634212     889.53297652    -0.00000000     00.18769096     00.01739247     00.03838526     
00.00518803     812.55872168    -0.00000000     00.19458964     00.01422755     00.03361208     
00.00418453     740.58217742    -0.00000000     00.20081378     00.01147552     00.02912730     
00.00332585     674.11984464    -0.00000000     00.20635670     00.00912064     00.02495809     
00.00260473     613.66511659    -0.00000000     00.21121784     00.00714301     00.02113257     
00.00201209     559.64727905    -0.00000000     00.21540541     00.00551775     00.01767781     
00.00153690     512.37376182    00.00000000     00.21893924     00.00421458     00.01461662     
00.00085597     437.46919499    00.00000000     00.22441131     00.00234722     00.00953444     
00.00046310     385.71415050    00.00000000     00.22791222     00.00126984     00.00599388     
00.00012811     331.10077894    00.00000000     00.23134615     00.00035125     00.00215306     
00.00003224     310.24387982    00.00000000     00.23250855     00.00008839     00.00070980     
00.00000860     303.47611481    00.00000000     00.23285055     00.00002358     00.00024250     
00.00000110     300.59352351    00.00000000     00.23298305     00.00000301     00.00004182     
00.00000004     300.03229063    00.00000000     00.23300630     00.00000012     00.00000231     
00.00000000     300.00141408    00.00000000     00.23300745     00.00000000     00.00000010     
00.00000000     300.00006678    00.00000000     00.23300750     00.00000000     00.00000000     
00.00000000     300.00000092    00.00000000     00.23300750     00.00000000     00.00000000     
00.00000000     300.00000001    00.00000000     00.23300750     00.00000000     00.00000000     
00.00000000     300.00000000    00.00000000     00.23300750     00.00000000     00.00000000     
00.00000000     300.00000000    00.00000000     00.23300750     00.00000000     00.00000000     
00.00000000     300.00000000    00.00000000     00.23300750     00.00000000     00.00000000     
00.00000000     300.00000000    00.00000000     00.23300750     00.00000000     00.00000000     
00.00000000     300.00000000    00.00000000     00.23300750     00.00000000     00.00000000     
00.00000000     300.00000000    -0.00000000     00.23300750     00.00000000     00.00000000     
00.00000000     300.00000000    -0.00000000     00.23300750     00.00000000     00.00000000     
00.00000000     300.00000000    -0.00000000     00.23300750     00.00000000     00.00000000     
00.00000000     300.00000000    -0.00000000     00.23300750     00.00000000     00.00000000     
00.00000000     300.00000000    -0.00000000     00.23300750     00.00000000     00.00000000     
00.00000000     300.00000000    -0.00000000     00.23300750     00.00000000     00.00000000     
00.00000000     300.00000000    -0.00000000     00.23300750     00.00000000     -0.00000000     
00.00000000     300.00000000    -0.00000000     00.23300750     00.00000000     00.00000000     
