# Studied params: m= =5.8
01.00000000     473.00000000    01.00000000     -0.00000000     00.00000000     00.00000000     
01.00000000     473.00000000    01.00000000     -0.00000000     00.00000000     00.00000000     
01.00000000     473.00000000    01.00000000     -0.00000000     00.00000000     00.00000000     
01.00000000     473.00000000    01.00000000     -0.00000000     00.00000000     00.00000000     
01.00000000     473.00000000    01.00000000     00.00000000     00.00000000     00.00000000     
01.00000000     473.00000023    01.00000000     00.00000000     00.00000000     00.00000000     
00.99999978     473.00003155    00.99999978     00.00000000     00.00000000     00.00000001     
00.99999630     473.00116559    00.99999624     00.00000000     00.00000002     00.00000030     
00.99992193     473.04315093    00.99991915     00.00000000     00.00000124     00.00001117     
00.99938003     473.43865583    00.99934699     00.00000000     00.00001680     00.00011325     
00.99747119     474.92584136    00.99730347     00.00000000     00.00009476     00.00049627     
00.98881015     481.60514302    00.98793337     00.00000000     00.00054867     00.00220811     
00.97549915     491.53058577    00.97340838     00.00000000     00.00139240     00.00472649     
00.94731885     512.03199243    00.94244582     00.00000001     00.00345152     00.00978568     
00.89598549     549.23794811    00.88570237     00.00000001     00.00767715     00.01841851     
00.81749032     608.06922572    00.79853069     00.00000002     00.01476599     00.03060464     
00.71705198     689.88821830    00.68668732     00.00000003     00.02442862     00.04481086     
00.60717863     792.39797712    00.56425184     00.00000004     00.03537069     00.05889475     
00.50065740     911.10021566    00.44564116     00.00000005     00.04610319     00.07137580     
00.40569732     1040.55180787   00.34003574     00.00000006     00.05565058     00.08179673     
00.32513180     1175.70671927   00.25051020     00.00000007     00.06370540     00.09036698     
00.25837796     1310.62983070   00.17633008     00.00000007     00.07036071     00.09748060     
00.22902775     1376.38404003   00.14370682     00.00000008     00.07328567     00.10067753     
00.20270517     1440.56637348   00.11446368     00.00000008     00.07590602     00.10361428     
00.17912569     1503.05933898   00.08835664     00.00000009     00.07824355     00.10632430     
00.15800297     1564.40826370   00.06524881     00.00000009     00.08031430     00.10883783     
00.14816824     1595.34769702   00.05475309     00.00000010     00.08126329     00.11004353     
00.13885810     1626.83745791   00.04507560     00.00000011     00.08214962     00.11121062     
00.13003279     1659.38712430   00.03625739     00.00000013     00.08297893     00.11234378     
00.12165409     1693.61658650   00.02835214     00.00000015     00.08376119     00.11344872     
00.11368694     1730.21789582   00.02142036     00.00000019     00.08451379     00.11453301     
00.10610198     1769.87784211   00.01551919     00.00000026     00.08526612     00.11560781     
00.09887943     1813.14986043   00.01068641     00.00000039     00.08606571     00.11669063     
00.09201416     1860.27902417   00.00691912     00.00000066     00.08698476     00.11780970     
00.08552022     1911.01928210   00.00415250     00.00000125     00.08812348     00.11900951     
00.08240340     1937.43877587   00.00309142     00.00000188     00.08882959     00.11967026     
00.07939620     1964.35519153   00.00222936     00.00000291     00.08964090     00.12037821     
00.07650492     1991.51232254   00.00154290     00.00000467     00.09057605     00.12114444     
00.07373589     2018.57326490   00.00100985     00.00000781     00.09165535     00.12198053     
00.07109522     2045.09756248   00.00061108     00.00001368     00.09290157     00.12289785     
00.06858857     2070.53164227   00.00033057     00.00002514     00.09433920     00.12390534     
00.06738356     2082.60446857   00.00022909     00.00003535     00.09514096     00.12444567     
00.06621382     2094.17210328   00.00015135     00.00004998     00.09599672     00.12500670     
00.06507887     2105.17343833   00.00009453     00.00007112     00.09690497     00.12558415     
00.06397750     2115.57144466   00.00005531     00.00010170     00.09786116     00.12617086     
00.06290761     2125.36029727   00.00003004     00.00014567     00.09885738     00.12675649     
00.06186635     2134.56551691   00.00001502     00.00020820     00.09988262     00.12732799     
00.06085041     2143.23408479   00.00000685     00.00029584     00.10092377     00.12787084     
00.05985646     2151.41663517   00.00000283     00.00041662     00.10196685     00.12837071     
00.05888152     2159.14892787   00.00000105     00.00058018     00.10299781     00.12881485     
00.05792309     2166.44079993   00.00000032     00.00079795     00.10400255     00.12919268     
00.05605261     2179.66352497   00.00000003     00.00143327     00.10588692     00.12972467     
00.05422610     2190.66581185   00.00000000     00.00243564     00.10750048     00.12992450     
00.05243230     2198.91333658   00.00000000     00.00390428     00.10873345     00.12977706     
00.05066183     2203.84431341   00.00000000     00.00591742     00.10949728     00.12928473     
00.04890784     2204.93429120   00.00000000     00.00852265     00.10973541     00.12846169     
00.04716594     2201.74669797   00.00000000     00.01173752     00.10942183     00.12732795     
00.04543379     2193.97019739   00.00000000     00.01555411     00.10855485     00.12590561     
00.04371074     2181.43837892   00.00000000     00.01994346     00.10715198     00.12421750     
00.04199758     2164.13095760   00.00000000     00.02485815     00.10524707     00.12228708     
00.03858999     2115.54236522   00.00000000     00.03610049     00.10007168     00.11775822     
00.03524963     2050.67244089   00.00000000     00.04865846     00.09353427     00.11253310     
00.03363044     2013.38761594   00.00000000     00.05517058     00.08997436     00.10975220     
00.03204128     1973.27307520   00.00000000     00.06178838     00.08627393     00.10686728     
00.02893138     1885.86056117   00.00000000     00.07526899     00.07855952     00.10078232     
00.02597370     1792.29816790   00.00000000     00.08857388     00.07086054     00.09450561     
00.02318080     1695.18010165   00.00000000     00.10148070     00.06339964     00.08815299     
00.02055872     1596.41948595   -0.00000000     00.11387232     00.05630138     00.08180945     
00.01810945     1497.36906227   -0.00000000     00.12569478     00.04962703     00.07553452     
00.01583289     1398.99497582   -0.00000000     00.13692423     00.04340325     00.06936965     
00.01372796     1302.02935394   -0.00000000     00.14754802     00.03763961     00.06334496     
00.01275617     1254.29073809   -0.00000000     00.15254378     00.03497712     00.06044338     
00.01182666     1207.14240670   -0.00000000     00.15738523     00.03242976     00.05758475     
00.01093919     1160.65524585   -0.00000000     00.16207105     00.02999714     00.05477162     
00.01009352     1114.89921308   -0.00000000     00.16659981     00.02767875     00.05200649     
00.00928936     1069.94418403   -0.00000000     00.17096997     00.02547397     00.04929188     
00.00852643     1025.86055905   -0.00000000     00.17517989     00.02338205     00.04663034     
00.00780439     982.71967657    -0.00000000     00.17922784     00.02140218     00.04402451     
00.00712290     940.59358000    -0.00000000     00.18311203     00.01953342     00.04147712     
00.00648156     899.55350138    -0.00000000     00.18683066     00.01777469     00.03899106     
00.00587991     859.67049192    -0.00000000     00.19038200     00.01612479     00.03656936     
00.00477034     783.60361712    -0.00000000     00.19711606     00.01308192     00.03183454     
00.00381211     712.81370984    -0.00000000     00.20315907     00.01045407     00.02740396     
00.00299884     647.83174496    -0.00000000     00.20850578     00.00822377     00.02330644     
00.00232247     589.15255463    -0.00000000     00.21315822     00.00636888     00.01957125     
00.00177294     537.18391209    -0.00000000     00.21712872     00.00486183     00.01622551     
00.00133811     492.18071672    00.00000000     00.22044286     00.00366936     00.01329031     
00.00072819     422.08379948    00.00000000     00.22548085     00.00199678     00.00850368     
00.00038584     374.79925013    00.00000000     00.22862641     00.00105798     00.00525025     
00.00010383     326.40963473    00.00000000     00.23161485     00.00028468     00.00183729     
00.00002552     308.50165142    00.00000000     00.23259828     00.00006997     00.00059260     
00.00000668     302.83329586    00.00000000     00.23288108     00.00001830     00.00019893     
00.00000083     300.47414521    00.00000000     00.23298820     00.00000229     00.00003364     
00.00000003     300.02525724    00.00000000     00.23300658     00.00000009     00.00000182     
00.00000000     300.00108372    00.00000000     00.23300746     00.00000000     00.00000008     
00.00000000     300.00005019    00.00000000     00.23300750     00.00000000     00.00000000     
00.00000000     300.00000067    00.00000000     00.23300750     00.00000000     00.00000000     
00.00000000     300.00000001    00.00000000     00.23300750     00.00000000     00.00000000     
00.00000000     300.00000000    00.00000000     00.23300750     00.00000000     00.00000000     
00.00000000     300.00000000    00.00000000     00.23300750     00.00000000     00.00000000     
00.00000000     300.00000000    00.00000000     00.23300750     00.00000000     00.00000000     
00.00000000     300.00000000    00.00000000     00.23300750     00.00000000     00.00000000     
00.00000000     300.00000000    00.00000000     00.23300750     00.00000000     00.00000000     
00.00000000     300.00000000    00.00000000     00.23300750     00.00000000     00.00000000     
00.00000000     300.00000000    00.00000000     00.23300750     00.00000000     00.00000000     
00.00000000     300.00000000    -0.00000000     00.23300750     00.00000000     00.00000000     
00.00000000     300.00000000    -0.00000000     00.23300750     00.00000000     -0.00000000     
00.00000000     300.00000000    -0.00000000     00.23300750     00.00000000     -0.00000000     
00.00000000     300.00000000    -0.00000000     00.23300750     00.00000000     -0.00000000     
00.00000000     300.00000000    -0.00000000     00.23300750     00.00000000     -0.00000000     
00.00000000     300.00000000    -0.00000000     00.23300750     00.00000000     -0.00000000     
