# Studied params: m= =6.0
01.00000000     473.00000000    01.00000000     00.00000000     -0.00000000     -0.00000000     
01.00000000     473.00000000    01.00000000     00.00000000     -0.00000000     -0.00000000     
01.00000000     473.00000000    01.00000000     00.00000000     -0.00000000     -0.00000000     
01.00000000     473.00000000    01.00000000     00.00000000     -0.00000000     -0.00000000     
01.00000000     473.00000000    01.00000000     00.00000000     -0.00000000     -0.00000000     
01.00000000     473.00000000    01.00000000     00.00000000     -0.00000000     -0.00000000     
01.00000000     473.00000000    01.00000000     00.00000000     -0.00000000     -0.00000000     
01.00000000     472.99999999    01.00000000     00.00000000     -0.00000000     -0.00000000     
00.99999999     472.99999845    00.99999999     00.00000000     -0.00000000     -0.00000000     
00.99999816     472.99975420    00.99999816     00.00000046     00.00000000     00.00000000     
00.99975119     472.96956730    00.99975119     00.00006255     00.00000000     00.00000000     
00.97691768     470.39457808    00.97691768     00.00575402     00.00000000     00.00000000     
00.04266509     312.88096601    00.04266510     00.22232970     00.00000001     -0.00000000     
00.00049406     300.15119610    00.00049406     00.23289527     -0.00000000     -0.00000000     
00.00000320     300.00097141    00.00000320     00.23300690     00.00000000     00.00000000     
00.00000001     300.00000210    00.00000001     00.23300750     00.00000000     00.00000000     
00.00000000     299.99999995    00.00000000     00.23300750     00.00000000     -0.00000000     
00.00000000     300.00000000    00.00000000     00.23300750     00.00000000     -0.00000000     
00.00000000     300.00000000    00.00000000     00.23300750     00.00000000     -0.00000000     
00.00000000     300.00000000    00.00000000     00.23300750     00.00000000     -0.00000000     
00.00000000     300.00000000    00.00000000     00.23300750     00.00000000     -0.00000000     
00.00000000     300.00000000    00.00000000     00.23300750     00.00000000     -0.00000000     
00.00000000     300.00000000    00.00000000     00.23300750     00.00000000     -0.00000000     
00.00000000     300.00000000    00.00000000     00.23300750     00.00000000     -0.00000000     
00.00000000     300.00000000    00.00000000     00.23300750     00.00000000     -0.00000000     
00.00000000     300.00000000    00.00000000     00.23300750     00.00000000     -0.00000000     
00.00000000     300.00000000    00.00000000     00.23300750     00.00000000     -0.00000000     
00.00000000     300.00000000    00.00000000     00.23300750     00.00000000     -0.00000000     
00.00000000     300.00000000    00.00000000     00.23300750     00.00000000     -0.00000000     
00.00000000     300.00000000    00.00000000     00.23300750     00.00000000     -0.00000000     
00.00000000     300.00000000    00.00000000     00.23300750     00.00000000     -0.00000000     
00.00000000     300.00000000    00.00000000     00.23300750     00.00000000     -0.00000000     
00.00000000     300.00000000    00.00000000     00.23300750     00.00000000     -0.00000000     
00.00000000     300.00000000    00.00000000     00.23300750     00.00000000     -0.00000000     
00.00000000     300.00000000    00.00000000     00.23300750     00.00000000     -0.00000000     
00.00000000     300.00000000    00.00000000     00.23300750     00.00000000     -0.00000000     
00.00000000     300.00000000    00.00000000     00.23300750     00.00000000     -0.00000000     
00.00000000     300.00000000    00.00000000     00.23300750     00.00000000     -0.00000000     
00.00000000     300.00000000    00.00000000     00.23300750     00.00000000     -0.00000000     
00.00000000     300.00000000    00.00000000     00.23300750     00.00000000     -0.00000000     
00.00000000     300.00000000    00.00000000     00.23300750     00.00000000     -0.00000000     
00.00000000     300.00000000    00.00000000     00.23300750     00.00000000     -0.00000000     
00.00000000     300.00000000    00.00000000     00.23300750     00.00000000     -0.00000000     
00.00000000     300.00000000    00.00000000     00.23300750     00.00000000     00.00000000     
00.00000000     300.00000000    00.00000000     00.23300750     00.00000000     -0.00000000     
00.00000000     300.00000000    00.00000000     00.23300750     00.00000000     -0.00000000     
00.00000000     300.00000000    00.00000000     00.23300750     00.00000000     -0.00000000     
00.00000000     300.00000000    00.00000000     00.23300750     00.00000000     -0.00000000     
