# Studied params: m= =6.5
01.00000000     473.00000000    01.00000000     -0.00000000     -0.00000000     00.00000000     
01.00000000     473.00000000    01.00000000     -0.00000000     -0.00000000     00.00000000     
01.00000000     473.00000000    01.00000000     -0.00000000     -0.00000000     00.00000000     
01.00000000     473.00000000    01.00000000     -0.00000000     -0.00000000     00.00000000     
01.00000000     473.00000000    01.00000000     00.00000000     -0.00000000     00.00000000     
01.00000000     473.00000000    01.00000000     00.00000000     -0.00000000     00.00000000     
01.00000000     473.00000000    01.00000000     00.00000000     00.00000000     00.00000000     
01.00000000     472.99999999    01.00000000     00.00000000     00.00000000     00.00000000     
00.99999999     472.99999887    00.99999999     00.00000000     00.00000000     00.00000000     
00.99999855     472.99980557    00.99999855     00.00000037     00.00000000     00.00000000     
00.99978714     472.97393162    00.99978714     00.00005353     00.00000000     00.00000000     
00.97862258     470.58585249    00.97862258     00.00533146     00.00000000     00.00000000     
00.03955838     311.97529229    00.03955838     00.22310300     00.00000001     00.00000001     
00.00042140     300.12939002    00.00042140     00.23291250     00.00000000     00.00000000     
00.00000252     300.00077046    00.00000252     00.23300703     00.00000000     00.00000000     
00.00000001     300.00000296    00.00000001     00.23300750     00.00000000     -0.00000000     
00.00000000     300.00000001    00.00000000     00.23300750     00.00000000     -0.00000000     
00.00000000     300.00000000    00.00000000     00.23300750     -0.00000000     -0.00000000     
00.00000000     300.00000000    00.00000000     00.23300750     -0.00000000     -0.00000000     
00.00000000     300.00000000    00.00000000     00.23300750     -0.00000000     -0.00000000     
00.00000000     300.00000000    00.00000000     00.23300750     -0.00000000     -0.00000000     
00.00000000     300.00000000    00.00000000     00.23300750     -0.00000000     -0.00000000     
00.00000000     300.00000000    00.00000000     00.23300750     -0.00000000     -0.00000000     
00.00000000     300.00000000    00.00000000     00.23300750     -0.00000000     -0.00000000     
00.00000000     300.00000000    00.00000000     00.23300750     -0.00000000     -0.00000000     
00.00000000     300.00000000    00.00000000     00.23300750     -0.00000000     -0.00000000     
00.00000000     300.00000000    00.00000000     00.23300750     -0.00000000     -0.00000000     
00.00000000     300.00000000    00.00000000     00.23300750     -0.00000000     -0.00000000     
00.00000000     300.00000000    00.00000000     00.23300750     -0.00000000     -0.00000000     
00.00000000     300.00000000    00.00000000     00.23300750     -0.00000000     -0.00000000     
00.00000000     300.00000000    00.00000000     00.23300750     -0.00000000     -0.00000000     
00.00000000     300.00000000    00.00000000     00.23300750     -0.00000000     -0.00000000     
00.00000000     300.00000000    00.00000000     00.23300750     -0.00000000     -0.00000000     
00.00000000     300.00000000    00.00000000     00.23300750     -0.00000000     -0.00000000     
00.00000000     300.00000000    00.00000000     00.23300750     -0.00000000     -0.00000000     
00.00000000     300.00000000    00.00000000     00.23300750     -0.00000000     -0.00000000     
00.00000000     300.00000000    00.00000000     00.23300750     -0.00000000     -0.00000000     
00.00000000     300.00000000    00.00000000     00.23300750     -0.00000000     -0.00000000     
00.00000000     300.00000000    00.00000000     00.23300750     -0.00000000     -0.00000000     
00.00000000     300.00000000    00.00000000     00.23300750     -0.00000000     -0.00000000     
00.00000000     300.00000000    00.00000000     00.23300750     -0.00000000     -0.00000000     
00.00000000     300.00000000    00.00000000     00.23300750     -0.00000000     -0.00000000     
00.00000000     300.00000000    00.00000000     00.23300750     -0.00000000     -0.00000000     
00.00000000     300.00000000    00.00000000     00.23300750     -0.00000000     -0.00000000     
00.00000000     300.00000000    00.00000000     00.23300750     -0.00000000     00.00000000     
00.00000000     300.00000000    00.00000000     00.23300750     -0.00000000     00.00000000     
00.00000000     300.00000000    00.00000000     00.23300750     -0.00000000     00.00000000     
00.00000000     300.00000000    00.00000000     00.23300750     -0.00000000     00.00000000     
