# Studied params: m= =7.0
01.00000000     473.00000000    01.00000000     -0.00000000     00.00000000     -0.00000000     
01.00000000     473.00000000    01.00000000     -0.00000000     00.00000000     -0.00000000     
01.00000000     473.00000000    01.00000000     -0.00000000     00.00000000     -0.00000000     
01.00000000     473.00000000    01.00000000     -0.00000000     00.00000000     -0.00000000     
01.00000000     473.00000000    01.00000000     00.00000000     00.00000000     -0.00000000     
01.00000000     473.00000000    01.00000000     00.00000000     00.00000000     -0.00000000     
01.00000000     473.00000000    01.00000000     00.00000000     -0.00000000     -0.00000000     
01.00000000     473.00000000    01.00000000     00.00000000     00.00000000     00.00000000     
00.99999999     472.99999915    00.99999999     00.00000000     00.00000000     00.00000000     
00.99999883     472.99984343    00.99999883     00.00000030     00.00000000     00.00000000     
00.99981565     472.97740397    00.99981565     00.00004637     00.00000000     00.00000000     
00.98007279     470.74917961    00.98007279     00.00497143     00.00000000     00.00000000     
00.03690701     311.19653672    00.03690700     00.22376505     00.00000001     00.00000001     
00.00036481     300.11211917    00.00036481     00.23292560     -0.00000000     -0.00000000     
00.00000203     300.00062058    00.00000203     00.23300713     00.00000000     -0.00000000     
00.00000001     300.00000236    00.00000001     00.23300750     00.00000000     00.00000000     
00.00000000     300.00000001    00.00000000     00.23300750     00.00000000     -0.00000000     
00.00000000     300.00000000    00.00000000     00.23300750     -0.00000000     -0.00000000     
00.00000000     300.00000000    00.00000000     00.23300750     -0.00000000     -0.00000000     
00.00000000     300.00000000    00.00000000     00.23300750     -0.00000000     -0.00000000     
00.00000000     300.00000000    00.00000000     00.23300750     -0.00000000     -0.00000000     
00.00000000     300.00000000    00.00000000     00.23300750     -0.00000000     -0.00000000     
00.00000000     300.00000000    00.00000000     00.23300750     -0.00000000     -0.00000000     
00.00000000     300.00000000    00.00000000     00.23300750     -0.00000000     -0.00000000     
00.00000000     300.00000000    00.00000000     00.23300750     -0.00000000     -0.00000000     
00.00000000     300.00000000    00.00000000     00.23300750     -0.00000000     -0.00000000     
00.00000000     300.00000000    00.00000000     00.23300750     -0.00000000     -0.00000000     
00.00000000     300.00000000    00.00000000     00.23300750     -0.00000000     -0.00000000     
00.00000000     300.00000000    00.00000000     00.23300750     -0.00000000     -0.00000000     
00.00000000     300.00000000    00.00000000     00.23300750     -0.00000000     -0.00000000     
00.00000000     300.00000000    00.00000000     00.23300750     -0.00000000     -0.00000000     
00.00000000     300.00000000    00.00000000     00.23300750     -0.00000000     -0.00000000     
00.00000000     300.00000000    00.00000000     00.23300750     -0.00000000     -0.00000000     
00.00000000     300.00000000    00.00000000     00.23300750     -0.00000000     -0.00000000     
00.00000000     300.00000000    00.00000000     00.23300750     -0.00000000     -0.00000000     
00.00000000     300.00000000    00.00000000     00.23300750     -0.00000000     -0.00000000     
00.00000000     300.00000000    00.00000000     00.23300750     -0.00000000     -0.00000000     
00.00000000     300.00000000    00.00000000     00.23300750     -0.00000000     -0.00000000     
00.00000000     300.00000000    00.00000000     00.23300750     -0.00000000     -0.00000000     
00.00000000     300.00000000    00.00000000     00.23300750     -0.00000000     -0.00000000     
00.00000000     300.00000000    00.00000000     00.23300750     -0.00000000     -0.00000000     
00.00000000     300.00000000    00.00000000     00.23300750     -0.00000000     -0.00000000     
00.00000000     300.00000000    00.00000000     00.23300750     -0.00000000     00.00000000     
00.00000000     300.00000000    00.00000000     00.23300750     -0.00000000     00.00000000     
00.00000000     300.00000000    00.00000000     00.23300750     -0.00000000     00.00000000     
00.00000000     300.00000000    00.00000000     00.23300750     -0.00000000     00.00000000     
00.00000000     300.00000000    00.00000000     00.23300750     -0.00000000     00.00000000     
00.00000000     300.00000000    00.00000000     00.23300750     -0.00000000     00.00000000     
