# Studied params: m= =8.0
01.00000000     473.00000000    01.00000000     00.00000000     -0.00000000     00.00000000     
01.00000000     473.00000000    01.00000000     00.00000000     -0.00000000     00.00000000     
01.00000000     473.00000000    01.00000000     00.00000000     -0.00000000     00.00000000     
01.00000000     473.00000000    01.00000000     00.00000000     -0.00000000     00.00000000     
01.00000000     473.00000000    01.00000000     00.00000000     -0.00000000     00.00000000     
01.00000000     473.00000000    01.00000000     00.00000000     -0.00000000     00.00000000     
01.00000000     473.00000000    01.00000000     00.00000000     00.00000000     00.00000000     
01.00000000     473.00000000    01.00000000     00.00000000     00.00000000     00.00000000     
01.00000000     472.99999950    01.00000000     00.00000000     00.00000000     00.00000000     
00.99999921     472.99989411    00.99999921     00.00000020     00.00000000     00.00000000     
00.99985784     472.98255019    00.99985784     00.00003578     00.00000000     00.00000000     
00.98245284     471.01739063    00.98245284     00.00438003     00.00000000     00.00000000     
00.03254384     309.90803993    00.03254383     00.22485545     00.00000001     00.00000001     
00.00028114     300.08653943    00.00028114     00.23294484     00.00000000     00.00000000     
00.00000137     300.00041926    00.00000137     00.23300725     00.00000000     00.00000000     
00.00000000     300.00000142    00.00000000     00.23300750     00.00000000     00.00000000     
00.00000000     300.00000000    00.00000000     00.23300750     -0.00000000     00.00000000     
00.00000000     300.00000000    00.00000000     00.23300750     -0.00000000     -0.00000000     
00.00000000     300.00000000    00.00000000     00.23300750     -0.00000000     -0.00000000     
00.00000000     300.00000000    00.00000000     00.23300750     -0.00000000     -0.00000000     
00.00000000     300.00000000    00.00000000     00.23300750     -0.00000000     -0.00000000     
00.00000000     300.00000000    00.00000000     00.23300750     -0.00000000     -0.00000000     
00.00000000     300.00000000    00.00000000     00.23300750     -0.00000000     -0.00000000     
00.00000000     300.00000000    00.00000000     00.23300750     -0.00000000     -0.00000000     
00.00000000     300.00000000    00.00000000     00.23300750     -0.00000000     -0.00000000     
00.00000000     300.00000000    00.00000000     00.23300750     -0.00000000     -0.00000000     
00.00000000     300.00000000    00.00000000     00.23300750     -0.00000000     -0.00000000     
00.00000000     300.00000000    00.00000000     00.23300750     -0.00000000     -0.00000000     
00.00000000     300.00000000    00.00000000     00.23300750     -0.00000000     -0.00000000     
00.00000000     300.00000000    00.00000000     00.23300750     -0.00000000     -0.00000000     
00.00000000     300.00000000    00.00000000     00.23300750     -0.00000000     -0.00000000     
00.00000000     300.00000000    00.00000000     00.23300750     -0.00000000     -0.00000000     
00.00000000     300.00000000    00.00000000     00.23300750     -0.00000000     -0.00000000     
00.00000000     300.00000000    00.00000000     00.23300750     -0.00000000     -0.00000000     
00.00000000     300.00000000    00.00000000     00.23300750     -0.00000000     -0.00000000     
00.00000000     300.00000000    00.00000000     00.23300750     -0.00000000     -0.00000000     
00.00000000     300.00000000    00.00000000     00.23300750     -0.00000000     -0.00000000     
00.00000000     300.00000000    00.00000000     00.23300750     -0.00000000     -0.00000000     
00.00000000     300.00000000    00.00000000     00.23300750     -0.00000000     -0.00000000     
00.00000000     300.00000000    00.00000000     00.23300750     -0.00000000     -0.00000000     
00.00000000     300.00000000    00.00000000     00.23300750     -0.00000000     -0.00000000     
00.00000000     300.00000000    00.00000000     00.23300750     -0.00000000     -0.00000000     
00.00000000     300.00000000    00.00000000     00.23300750     -0.00000000     -0.00000000     
00.00000000     300.00000000    00.00000000     00.23300750     -0.00000000     -0.00000000     
00.00000000     300.00000000    00.00000000     00.23300750     -0.00000000     -0.00000000     
00.00000000     300.00000000    00.00000000     00.23300750     -0.00000000     -0.00000000     
00.00000000     300.00000000    00.00000000     00.23300750     -0.00000000     -0.00000000     
00.00000000     300.00000000    00.00000000     00.23300750     -0.00000000     -0.00000000     
