# Studied params: m= =9.0
01.00000000     473.00000000    01.00000000     -0.00000000     00.00000000     -0.00000000     
01.00000000     473.00000000    01.00000000     -0.00000000     00.00000000     -0.00000000     
01.00000000     473.00000000    01.00000000     -0.00000000     00.00000000     -0.00000000     
01.00000000     473.00000000    01.00000000     -0.00000000     00.00000000     -0.00000000     
01.00000000     473.00000000    01.00000000     00.00000000     00.00000000     -0.00000000     
01.00000000     473.00000000    01.00000000     00.00000000     00.00000000     -0.00000000     
01.00000000     473.00000000    01.00000000     00.00000000     00.00000000     -0.00000000     
01.00000000     473.00000000    01.00000000     00.00000000     00.00000000     00.00000000     
01.00000000     472.99999968    01.00000000     00.00000000     00.00000000     00.00000000     
00.99999944     472.99992508    00.99999944     00.00000014     00.00000000     00.00000000     
00.99988705     472.98611983    00.99988705     00.00002843     00.00000000     00.00000000     
00.98432572     471.22855625    00.98432572     00.00391421     00.00000000     00.00000000     
00.02909893     308.88447371    00.02909892     00.22571702     00.00000001     00.00000001     
00.00022321     300.06879436    00.00022321     00.23295805     00.00000000     00.00000000     
00.00000096     300.00029527    00.00000096     00.23300733     00.00000000     00.00000000     
00.00000000     300.00000083    00.00000000     00.23300750     00.00000000     -0.00000000     
00.00000000     300.00000000    00.00000000     00.23300750     00.00000000     -0.00000000     
00.00000000     300.00000000    00.00000000     00.23300750     00.00000000     -0.00000000     
00.00000000     300.00000000    00.00000000     00.23300750     00.00000000     -0.00000000     
00.00000000     300.00000000    00.00000000     00.23300750     00.00000000     -0.00000000     
00.00000000     300.00000000    00.00000000     00.23300750     00.00000000     -0.00000000     
00.00000000     300.00000000    00.00000000     00.23300750     00.00000000     -0.00000000     
00.00000000     300.00000000    00.00000000     00.23300750     -0.00000000     -0.00000000     
00.00000000     300.00000000    00.00000000     00.23300750     -0.00000000     -0.00000000     
00.00000000     300.00000000    00.00000000     00.23300750     -0.00000000     -0.00000000     
00.00000000     300.00000000    00.00000000     00.23300750     -0.00000000     -0.00000000     
00.00000000     300.00000000    00.00000000     00.23300750     -0.00000000     -0.00000000     
00.00000000     300.00000000    00.00000000     00.23300750     -0.00000000     -0.00000000     
00.00000000     300.00000000    00.00000000     00.23300750     -0.00000000     -0.00000000     
00.00000000     300.00000000    00.00000000     00.23300750     -0.00000000     -0.00000000     
00.00000000     300.00000000    00.00000000     00.23300750     -0.00000000     -0.00000000     
00.00000000     300.00000000    00.00000000     00.23300750     -0.00000000     -0.00000000     
00.00000000     300.00000000    00.00000000     00.23300750     -0.00000000     -0.00000000     
00.00000000     300.00000000    00.00000000     00.23300750     -0.00000000     -0.00000000     
00.00000000     300.00000000    00.00000000     00.23300750     -0.00000000     -0.00000000     
00.00000000     300.00000000    00.00000000     00.23300750     -0.00000000     -0.00000000     
00.00000000     300.00000000    00.00000000     00.23300750     -0.00000000     -0.00000000     
00.00000000     300.00000000    00.00000000     00.23300750     -0.00000000     -0.00000000     
00.00000000     300.00000000    00.00000000     00.23300750     -0.00000000     -0.00000000     
00.00000000     300.00000000    00.00000000     00.23300750     -0.00000000     -0.00000000     
00.00000000     300.00000000    00.00000000     00.23300750     -0.00000000     -0.00000000     
00.00000000     300.00000000    00.00000000     00.23300750     -0.00000000     00.00000000     
00.00000000     300.00000000    00.00000000     00.23300750     -0.00000000     00.00000000     
00.00000000     300.00000000    00.00000000     00.23300750     -0.00000000     00.00000000     
00.00000000     300.00000000    00.00000000     00.23300750     -0.00000000     00.00000000     
00.00000000     300.00000000    00.00000000     00.23300750     -0.00000000     00.00000000     
00.00000000     300.00000000    00.00000000     00.23300750     -0.00000000     00.00000000     
00.00000000     300.00000000    00.00000000     00.23300750     -0.00000000     00.00000000     
