# Studied params: afr=3.9   width/Lf=20.0
01.00000000     473.00000000    01.00000000     00.00000000     00.00000000     -0.00000000     
01.00000000     472.99999999    01.00000000     00.00000000     00.00000000     -0.00000000     
01.00000000     472.99999998    01.00000000     -0.00000000     00.00000000     -0.00000000     
01.00000000     472.99999998    01.00000000     -0.00000000     00.00000000     -0.00000000     
01.00000000     472.99999999    01.00000000     -0.00000000     00.00000000     -0.00000000     
01.00000000     473.00000000    01.00000000     -0.00000000     00.00000000     -0.00000000     
01.00000000     473.00000000    01.00000000     -0.00000000     00.00000000     -0.00000000     
01.00000000     473.00000000    01.00000000     -0.00000000     00.00000000     -0.00000000     
01.00000000     473.00000000    01.00000000     -0.00000000     00.00000000     -0.00000000     
01.00000000     473.00000000    01.00000000     -0.00000000     00.00000000     -0.00000000     
01.00000000     473.00000000    01.00000000     -0.00000000     00.00000000     00.00000000     
00.99999999     473.00000040    00.99999999     00.00000000     00.00000000     00.00000000     
00.99999948     473.00004900    00.99999948     00.00000000     00.00000000     00.00000001     
00.99999282     473.00158902    00.99999270     00.00000000     00.00000003     00.00000037     
00.99988103     473.05158658    00.99987678     00.00000000     00.00000143     00.00001202     
00.99923244     473.46861376    00.99918793     00.00000000     00.00001728     00.00010899     
00.99728695     474.88346313    00.99708344     00.00000000     00.00008883     00.00043828     
00.98936964     480.71796873    00.98840789     00.00000000     00.00047151     00.00179804     
00.97799386     488.86787791    00.97582349     00.00000000     00.00114193     00.00369639     
00.95472080     505.05311596    00.94989496     00.00000000     00.00272593     00.00741588     
00.91264593     533.78483464    00.90273424     00.00000000     00.00595741     00.01377080     
00.84697362     579.02951105    00.82877792     00.00000000     00.01150958     00.02301697     
00.75927983     642.53446067    00.72973697     00.00000000     00.01945416     00.03437686     
00.65808166     723.35577497    00.61533840     00.00000000     00.02901732     00.04633923     
00.55458193     818.63909651    00.49841736     00.00000000     00.03898481     00.05752172     
00.45784842     924.54019545    00.38930060     00.00000000     00.04832588     00.06721685     
00.37290346     1036.80483947   00.29360975     00.00000000     00.05648539     00.07533200     
00.33428117     1093.84977145   00.25012168     00.00000000     00.06018028     00.07896766     
00.29902024     1150.92571802   00.21041775     00.00000000     00.06354772     00.08228744     
00.26697263     1207.45743429   00.17432378     00.00000000     00.06660448     00.08532915     
00.23794203     1262.87782840   00.14162177     00.00000000     00.06936747     00.08812838     
00.21170490     1316.75146320   00.11209146     00.00000000     00.07184585     00.09071928     
00.18802300     1369.16069492   00.08556678     00.00000000     00.07402916     00.09313709     
00.17695212     1395.29314894   00.07331786     00.00000000     00.07500018     00.09430757     
00.16644652     1421.68124610   00.06185409     00.00000000     00.07587234     00.09545115     
00.15647000     1448.75248106   00.05120439     00.00000000     00.07663213     00.09657636     
00.14698559     1477.05192899   00.04141540     00.00000000     00.07726309     00.09769415     
00.13795571     1507.24249216   00.03255173     00.00000000     00.07774687     00.09881909     
00.12934313     1540.09776997   00.02469365     00.00000000     00.07806583     00.09997117     
00.12111332     1576.46610532   00.01793001     00.00000000     00.07820859     00.10117891     
00.11323931     1617.16840115   00.01234205     00.00000000     00.07818026     00.10248452     
00.10571063     1662.79185907   00.00797408     00.00000000     00.07801849     00.10395292     
00.09854568     1713.39212505   00.00479260     00.00000000     00.07780952     00.10568557     
00.09180025     1768.26031368   00.00265509     00.00000001     00.07768448     00.10783516     
00.08858980     1796.82348377   00.00189009     00.00000001     00.07770346     00.10915480     
00.08551785     1825.91856641   00.00129856     00.00000002     00.07778703     00.11065337     
00.08259086     1855.35441497   00.00084953     00.00000004     00.07793988     00.11234596     
00.07980954     1884.96454020   00.00051802     00.00000008     00.07816220     00.11423240     
00.07716801     1914.58372107   00.00028509     00.00000016     00.07845272     00.11629115     
00.07465493     1944.00345084   00.00013522     00.00000030     00.07881311     00.11847796     
00.07225656     1972.96506101   00.00005201     00.00000058     00.07924999     00.12073184     
00.06996013     2001.25965320   00.00001522     00.00000113     00.07977239     00.12298693     
00.06775586     2028.81731369   00.00000322     00.00000214     00.08038729     00.12518678     
00.06563722     2055.64231342   00.00000039     00.00000391     00.08110113     00.12729435     
00.06166699     2107.08391991   00.00000001     00.00001183     00.08282924     00.13115052     
00.05798849     2155.25667309   00.00000000     00.00003379     00.08502211     00.13452228     
00.05458144     2199.78020011   00.00000000     00.00009489     00.08770807     00.13735855     
00.05142390     2239.89429356   00.00000000     00.00026771     00.09086607     00.13956914     
00.04848435     2273.80428466   00.00000000     00.00076146     00.09432614     00.14098685     
00.04707466     2287.07126346   00.00000000     00.00128874     00.09602463     00.14130390     
00.04569590     2297.01652139   00.00000000     00.00214677     00.09754728     00.14129891     
00.04433459     2302.71260754   00.00000000     00.00348043     00.09874121     00.14092675     
00.04297756     2303.33133409   00.00000000     00.00542866     00.09945631     00.14016035     
00.04161500     2298.35325974   00.00000000     00.00808432     00.09958540     00.13900073     
00.04024234     2287.68237888   00.00000000     00.01147120     00.09908786     00.13747603     
00.03886002     2271.58981870   00.00000000     00.01554795     00.09798643     00.13563142     
00.03747176     2250.55274919   00.00000000     00.02023175     00.09634465     00.13351651     
00.03608289     2225.11116525   00.00000000     00.02542129     00.09424466     00.13117714     
00.03469908     2195.78864972   00.00000000     00.03101281     00.09177175     00.12865236     
00.03332578     2163.07492728   00.00000000     00.03690755     00.08900753     00.12597486     
00.03196798     2127.42831698   00.00000000     00.04301556     00.08602662     00.12317243     
00.03063009     2089.28660018   00.00000000     00.04925737     00.08289564     00.12026946     
00.02931591     2049.07389208   00.00000000     00.05556489     00.07967277     00.11728813     
00.02674430     1963.71153656   00.00000000     00.06829721     00.07305882     00.11109302     
00.02429424     1874.18597917   00.00000000     00.08077859     00.06652946     00.10478225     
00.02197446     1782.43112264   -0.00000000     00.09284384     00.06024157     00.09844946     
00.01978816     1689.82114779   -0.00000000     00.10442186     00.05427165     00.09216070     
00.01571278     1505.22907667   -0.00000000     00.12659480     00.04310312     00.07955213     
00.01392166     1414.54973796   -0.00000000     00.13663092     00.03819057     00.07361535     
00.01225999     1325.51333015   -0.00000000     00.14615075     00.03363243     00.06783331     
00.01148914     1281.74456800   -0.00000000     00.15064628     00.03151783     00.06504835     
00.01074998     1238.54202633   -0.00000000     00.15501173     00.02949016     00.06230662     
00.01004229     1195.95278572   -0.00000000     00.15924618     00.02754878     00.05960970     
00.00936582     1154.02430419   -0.00000000     00.16334860     00.02569304     00.05695918     
00.00808411     1072.31284969   -0.00000000     00.17128490     00.02217696     00.05171664     
00.00692403     993.74384887    -0.00000000     00.17867562     00.01899455     00.04668387     
00.00588303     918.71490746    -0.00000000     00.18551170     00.01613879     00.04187633     
00.00495809     847.62269019    -0.00000000     00.19178513     00.01360143     00.03731115     
00.00338440     718.43983896    -0.00000000     00.20301632     00.00928435     00.02868906     
00.00221635     608.07228041    -0.00000000     00.21196682     00.00608007     00.02129466     
00.00140189     518.55105151    -0.00000000     00.21872905     00.00384577     00.01525443     
00.00048904     398.71408592    00.00000000     00.22726539     00.00134158     00.00677616     
00.00014532     338.19846399    00.00000000     00.23100638     00.00039865     00.00259558     
00.00003931     313.41097793    00.00000000     00.23236555     00.00010785     00.00091095     
00.00001106     304.75178771    00.00000000     00.23279609     00.00003034     00.00032465     
00.00000126     300.73707817    00.00000000     00.23297779     00.00000345     00.00005085     
00.00000015     300.12028446    00.00000000     00.23300308     00.00000042     00.00000840     
00.00000001     300.00654162    00.00000000     00.23300728     00.00000002     00.00000046     
00.00000000     300.00029227    00.00000000     00.23300749     00.00000000     00.00000002     
00.00000000     300.00001119    00.00000000     00.23300750     00.00000000     00.00000000     
00.00000000     300.00000048    00.00000000     00.23300750     00.00000000     00.00000000     
00.00000000     300.00000000    00.00000000     00.23300750     00.00000000     00.00000000     
00.00000000     299.99999999    00.00000000     00.23300750     00.00000000     00.00000000     
00.00000000     300.00000000    00.00000000     00.23300750     00.00000000     00.00000000     
00.00000000     300.00000000    00.00000000     00.23300750     00.00000000     -0.00000000     
00.00000000     300.00000000    00.00000000     00.23300750     00.00000000     -0.00000000     
00.00000000     300.00000000    00.00000000     00.23300750     00.00000000     -0.00000000     
00.00000000     300.00000000    00.00000000     00.23300750     00.00000000     -0.00000000     
00.00000000     300.00000000    00.00000000     00.23300750     00.00000000     -0.00000000     
00.00000000     300.00000000    00.00000000     00.23300750     00.00000000     -0.00000000     
00.00000000     300.00000000    00.00000000     00.23300750     00.00000000     -0.00000000     
00.00000000     300.00000000    00.00000000     00.23300750     00.00000000     -0.00000000     
00.00000000     300.00000000    00.00000000     00.23300750     00.00000000     -0.00000000     
00.00000000     300.00000000    00.00000000     00.23300750     00.00000000     -0.00000000     
00.00000000     300.00000000    00.00000000     00.23300750     00.00000000     -0.00000000     
00.00000000     300.00000000    00.00000000     00.23300750     00.00000000     -0.00000000     
00.00000000     300.00000000    00.00000000     00.23300750     00.00000000     -0.00000000     
00.00000000     300.00000000    -0.00000000     00.23300750     -0.00000000     -0.00000000     
00.00000000     300.00000000    -0.00000000     00.23300750     -0.00000000     -0.00000000     
00.00000000     300.00000000    -0.00000000     00.23300750     -0.00000000     -0.00000000     
00.00000000     300.00000000    -0.00000000     00.23300750     -0.00000000     -0.00000000     
00.00000000     300.00000000    -0.00000000     00.23300750     -0.00000000     -0.00000000     
00.00000000     300.00000000    -0.00000000     00.23300750     -0.00000000     -0.00000000     
00.00000000     300.00000000    -0.00000000     00.23300750     -0.00000000     -0.00000000     
00.00000000     300.00000000    -0.00000000     00.23300750     -0.00000000     -0.00000000     
00.00000000     300.00000000    -0.00000000     00.23300750     -0.00000000     -0.00000000     
00.00000000     300.00000000    -0.00000000     00.23300750     -0.00000000     -0.00000000     
00.00000000     300.00000000    -0.00000000     00.23300750     -0.00000000     -0.00000000     
00.00000000     300.00000000    -0.00000000     00.23300750     -0.00000000     -0.00000000     
00.00000000     300.00000000    -0.00000000     00.23300750     -0.00000000     -0.00000000     
00.00000000     300.00000000    -0.00000000     00.23300750     -0.00000000     -0.00000000     
00.00000000     300.00000000    -0.00000000     00.23300750     -0.00000000     -0.00000000     
00.00000000     300.00000000    -0.00000000     00.23300750     -0.00000000     -0.00000000     
