# Studied params: afr=3.9   width/Lf=10.0
01.00000000     473.00000000    01.00000000     -0.00000000     -0.00000000     00.00000000     
01.00000000     473.00000000    01.00000000     -0.00000000     00.00000000     00.00000000     
01.00000000     473.00000000    01.00000000     00.00000000     00.00000000     00.00000000     
01.00000000     473.00000000    01.00000000     00.00000000     00.00000000     00.00000000     
01.00000000     473.00000000    01.00000000     00.00000000     00.00000000     00.00000000     
01.00000000     473.00000003    01.00000000     00.00000000     00.00000000     00.00000000     
00.99999997     473.00000243    00.99999997     00.00000000     00.00000000     00.00000000     
00.99999971     473.00005743    00.99999970     00.00000001     00.00000000     00.00000002     
00.99999572     473.00146906    00.99999561     00.00000023     00.00000001     00.00000040     
00.99993214     473.03050031    00.99992951     00.00000525     00.00000023     00.00000831     
00.99958460     473.20020771    00.99956528     00.00003693     00.00000200     00.00005433     
00.99720292     474.34535186    00.99705629     00.00026661     00.00001776     00.00036340     
00.99192676     476.78008350    00.99147643     00.00078652     00.00006089     00.00101579     
00.97662263     483.58201215    00.97523968     00.00230509     00.00020920     00.00280758     
00.96035458     490.60857568    00.95793448     00.00391936     00.00038955     00.00461381     
00.93393154     501.91759466    00.92977109     00.00653105     00.00071265     00.00741213     
00.89439126     518.98962532    00.88755624     00.01040866     00.00123840     00.01138738     
00.84029667     543.11323357    00.82973346     00.01564804     00.00200786     00.01651978     
00.77283481     575.05870236    00.75757877     00.02207038     00.00301619     00.02252381     
00.69586417     614.88921952    00.67525648     00.02924284     00.00420341     00.02892193     
00.61473454     661.97891115    00.58853593     00.03662648     00.00547371     00.03521815     
00.53466220     715.16461203    00.50302385     00.04375177     00.00672986     00.04105006     
00.45958334     772.85584077    00.42293044     00.05033831     00.00789700     00.04623206     
00.42404284     802.44534258    00.38508507     00.05353829     00.00843308     00.04856774     
00.39047390     831.77136022    00.34943987     00.05674444     00.00891556     00.05065172     
00.35886130     859.45338957    00.31610376     00.06020698     00.00931783     00.05237145     
00.34362870     871.77892576    00.30022658     00.06222342     00.00947083     00.05301470     
00.32884604     882.69279841    00.28498755     00.06449492     00.00958209     00.05347281     
00.31448233     891.70963707    00.27040142     00.06711083     00.00964132     00.05370168     
00.30050236     898.28808133    00.25648135     00.07016739     00.00963747     00.05365394     
00.28686937     901.86847992    00.24323592     00.07375863     00.00956007     00.05328386     
00.27354835     901.93911906    00.23066429     00.07796230     00.00940118     00.05255499     
00.26051077     898.13205386    00.21875003     00.08282042     00.00915779     00.05145047     
00.24773923     890.33824822    00.20745492     00.08831836     00.00883394     00.04998375     
00.23523079     878.79303227    00.19671729     00.09437138     00.00844142     00.04820460     
00.22299611     864.07052454    00.18645888     00.10083154     00.00799826     00.04619364     
00.21105428     846.94977278    00.17660020     00.10751886     00.00752510     00.04404433     
00.19942561     828.20728465    00.16707728     00.11426496     00.00704092     00.04184020     
00.18812667     808.44763552    00.15785028     00.12094516     00.00656017     00.03964022     
00.17716930     788.06116151    00.14890077     00.12748371     00.00609211     00.03747822     
00.15605683     746.10361154    00.13161570     00.14016223     00.00519930     00.03326826     
00.13638936     703.49701327    00.11543717     00.15199254     00.00439235     00.02932037     
00.10055810     618.50440155    00.08573818     00.17355705     00.00300145     00.02204426     
00.07106585     538.55008044    00.06104470     00.19130537     00.00194775     00.01592901     
00.04815834     469.12341471    00.04166244     00.20505716     00.00120572     00.01104151     
00.01865536     371.94474390    00.01635051     00.22256274     00.00038493     00.00445696     
00.00614782     325.15451582    00.00545525     00.22976145     00.00010103     00.00151851     
00.00198693     308.36547027    00.00178095     00.23202515     00.00002607     00.00050232     
00.00029190     301.25507963    00.00026447     00.23287440     00.00000288     00.00007555     
00.00001204     300.05232514    00.00001102     00.23300222     00.00000009     00.00000319     
00.00000048     300.00211976    00.00000045     00.23300726     00.00000000     00.00000013     
00.00000001     300.00002202    00.00000000     00.23300750     00.00000000     00.00000000     
00.00000000     300.00000015    00.00000000     00.23300750     00.00000000     00.00000000     
00.00000000     300.00000000    00.00000000     00.23300750     00.00000000     00.00000000     
00.00000000     300.00000000    00.00000000     00.23300750     00.00000000     00.00000000     
00.00000000     300.00000000    00.00000000     00.23300750     00.00000000     00.00000000     
00.00000000     300.00000000    00.00000000     00.23300750     00.00000000     -0.00000000     
00.00000000     300.00000000    00.00000000     00.23300750     00.00000000     -0.00000000     
00.00000000     300.00000000    00.00000000     00.23300750     00.00000000     -0.00000000     
00.00000000     300.00000000    00.00000000     00.23300750     00.00000000     -0.00000000     
00.00000000     300.00000000    00.00000000     00.23300750     00.00000000     -0.00000000     
00.00000000     300.00000000    00.00000000     00.23300750     00.00000000     -0.00000000     
00.00000000     300.00000000    00.00000000     00.23300750     00.00000000     -0.00000000     
00.00000000     300.00000000    00.00000000     00.23300750     00.00000000     -0.00000000     
00.00000000     300.00000000    00.00000000     00.23300750     00.00000000     -0.00000000     
00.00000000     300.00000000    00.00000000     00.23300750     00.00000000     -0.00000000     
00.00000000     300.00000000    00.00000000     00.23300750     00.00000000     -0.00000000     
00.00000000     300.00000000    00.00000000     00.23300750     00.00000000     -0.00000000     
