# Studied params: afr=3.9   width/Lf=0.009
01.00000000     473.00000000    00.87942770     00.03040844     00.00000000     00.00000000     
00.97992014     471.58744335    00.86176940     00.03475371     00.00000000     00.00000000     
00.95712112     469.94744232    00.84171986     00.03965825     00.00000000     00.00000000     
00.93134799     468.04222382    00.81905488     00.04516573     00.00000000     00.00000000     
00.90238555     465.82966550    00.79358521     00.05130869     00.00000000     00.00000000     
00.87008045     463.26344953    00.76517599     00.05810390     00.00000000     00.00000000     
00.83436410     460.29351523    00.73376691     00.06554797     00.00000000     00.00000000     
00.79527412     456.86691733    00.69939105     00.07361382     00.00000000     00.00000000     
00.75297120     452.92921960    00.66218971     00.08224871     -0.00000000     00.00000000     
00.70774868     448.42657453    00.62242087     00.09137455     -0.00000000     00.00000000     
00.66003256     443.30865238    00.58045914     00.10089056     -0.00000000     00.00000000     
00.61037089     437.53257698    00.53678650     00.11067852     -0.00000000     00.00000000     
00.55941339     431.06798249    00.49197430     00.12060983     00.00000000     00.00000000     
00.50788303     423.90319941    00.44665832     00.13055332     00.00000000     00.00000000     
00.45654307     416.05237819    00.40150978     00.14038291     00.00000000     00.00000000     
00.40615484     407.53704179    00.35719820     00.14998514     00.00000000     00.00000000     
00.35742844     398.45660101    00.31434803     00.15926458     00.00000000     00.00000000     
00.31100002     388.95411081    00.27351871     00.16814214     00.00000000     00.00000000     
00.26741375     379.21310663    00.23518879     00.17655268     00.00000000     00.00000000     
00.22710898     369.44844542    00.19974464     00.18444166     00.00000000     00.00000000     
00.19041158     359.89115223    00.16747282     00.19176195     00.00000000     00.00000000     
00.15752881     350.76882056    00.13855559     00.19847201     00.00000000     00.00000000     
00.12854788     342.28463109    00.11306966     00.20453613     00.00000000     00.00000000     
00.10343909     334.59887956    00.09098890     00.20992698     00.00000000     00.00000000     
00.08206432     327.81656430    00.07219186     00.21462970     00.00000000     00.00000000     
00.06419142     321.98310552    00.05647436     00.21864643     00.00000000     00.00000000     
00.04951396     317.08821077    00.04356696     00.22199941     00.00000000     00.00000000     
00.03767493     313.07605280    00.03315567     00.22473147     00.00000000     00.00000000     
00.02829176     309.85888750    00.02490408     00.22690326     00.00000000     00.00000000     
00.02098016     307.33117996    00.01847423     00.22858778     00.00000000     00.00000000     
00.01537417     305.38199087    00.01354430     00.22986361     00.00000000     00.00000000     
00.01114085     303.90437967    00.00982151     00.23080825     00.00000000     00.00000000     
00.00798912     302.80151882    00.00704987     00.23149302     00.00000000     00.00000000     
00.00567322     301.98986788    00.00501326     00.23197976     00.00000000     00.00000000     
00.00399186     301.40008357    00.00353466     00.23231954     00.00000000     00.00000000     
00.00278452     300.97640785    00.00247292     00.23255285     00.00000000     00.00000000     
00.00192618     300.67518443    00.00171810     00.23271063     00.00000000     00.00000000     
00.00132144     300.46299722    00.00118629     00.23281585     00.00000000     00.00000000     
00.00089882     300.31476133    00.00081463     00.23288512     00.00000000     00.00000000     
00.00060560     300.21196135    00.00055677     00.23293017     00.00000000     00.00000000     
00.00040346     300.14113120    00.00037901     00.23295914     00.00000000     00.00000000     
00.00026488     300.09260328    00.00025714     00.23297757     00.00000000     00.00000000     
00.00017033     300.05951589    00.00017400     00.23298918     00.00000000     00.00000000     
00.00010609     300.03704763    00.00011750     00.23299641     00.00000000     00.00000000     
00.00006257     300.02184069    00.00007924     00.23300087     00.00000000     00.00000000     
00.00003318     300.01157460    00.00005338     00.23300360     00.00000000     00.00000000     
00.00001335     300.00465666    00.00003595     00.23300524     00.00000000     00.00000000     
00.00000000     300.00000000    00.00002421     00.23300622     00.00000000     00.00000000     
