# Studied params: afr=3.9   width/Lf=9.5
01.00000000     473.00000000    01.00000000     00.00000000     00.00000000     00.00000000     
01.00000000     473.00000000    01.00000000     -0.00000000     00.00000000     00.00000000     
01.00000000     473.00000000    01.00000000     -0.00000000     00.00000000     00.00000000     
01.00000000     473.00000000    01.00000000     -0.00000000     00.00000000     00.00000000     
01.00000000     473.00000000    01.00000000     -0.00000000     00.00000000     00.00000000     
01.00000000     473.00000000    01.00000000     -0.00000000     00.00000000     00.00000000     
01.00000000     473.00000000    01.00000000     -0.00000000     00.00000000     00.00000000     
01.00000000     472.99999999    01.00000000     -0.00000000     00.00000000     00.00000000     
01.00000000     472.99999999    01.00000000     -0.00000000     00.00000000     00.00000000     
01.00000000     472.99999999    01.00000000     -0.00000000     00.00000000     00.00000000     
01.00000000     473.00000004    01.00000000     00.00000000     00.00000000     00.00000000     
00.99999991     473.00000354    00.99999991     00.00000000     00.00000000     00.00000000     
00.99999918     473.00007887    00.99999918     00.00000000     00.00000000     00.00000002     
00.99999143     473.00193141    00.99999130     00.00000000     00.00000004     00.00000047     
00.99990932     473.03882181    00.99990625     00.00000000     00.00000106     00.00000932     
00.99957553     473.25133424    00.99955284     00.00000000     00.00000903     00.00006020     
00.99760265     474.68181608    00.99742611     00.00000000     00.00008024     00.00040259     
00.99342355     477.76703444    00.99286242     00.00000000     00.00027980     00.00114173     
00.98125383     486.54795472    00.97944519     00.00000000     00.00099074     00.00323801     
00.95046021     508.14051446    00.94521157     00.00000000     00.00312010     00.00828484     
00.88660490     552.62227415    00.87373155     00.00000000     00.00818561     00.01803272     
00.78302298     628.09542032    00.75723131     00.00000000     00.01728078     00.03242395     
00.71733842     678.24710226    00.68322196     00.00000000     00.02336305     00.04078840     
00.64680239     736.64405089    00.60372510     00.00000000     00.03005790     00.04918750     
00.57532359     802.18754169    00.52320450     00.00000000     00.03693140     00.05716964     
00.50616592     873.55208551    00.44536991     00.00000000     00.04361111     00.06446609     
00.44159100     949.29436350    00.37276660     00.00000000     00.04984165     00.07097785     
00.38286635     1028.17436191   00.30679478     00.00000000     00.05548764     00.07672226     
00.33033881     1108.58457823   00.24780891     00.00000000     00.06052116     00.08178468     
00.28387932     1189.02730721   00.19563446     00.00000000     00.06496426     00.08626311     
00.24309792     1268.11441882   00.14981946     00.00000000     00.06885964     00.09025065     
00.22440451     1306.73589061   00.12882519     00.00000000     00.07063862     00.09211588     
00.20699980     1344.66722549   00.10930146     00.00000000     00.07228419     00.09388564     
00.19080289     1381.97219014   00.09119597     00.00000000     00.07379386     00.09557103     
00.17573031     1418.94207087   00.07448499     00.00000000     00.07515879     00.09718425     
00.16169597     1456.19106421   00.05918634     00.00000000     00.07636222     00.09873981     
00.14861105     1494.72586747   00.04537064     00.00000000     00.07737905     00.10025641     
00.13638439     1535.97680308   00.03316749     00.00000000     00.07817797     00.10176002     
00.12492510     1581.77609102   00.02276093     00.00000000     00.07872870     00.10328957     
00.11415079     1634.19584514   00.01436194     00.00000000     00.07902118     00.10490813     
00.10400899     1695.02951118   00.00813273     00.00000000     00.07910708     00.10672622     
00.09913191     1728.86221574   00.00581156     00.00000000     00.07913789     00.10780202     
00.09443539     1764.75779603   00.00400234     00.00000001     00.07919723     00.10902171     
00.08994134     1802.37516636   00.00264514     00.00000001     00.07932725     00.11043630     
00.08567553     1841.26133560   00.00166372     00.00000003     00.07956680     00.11210391     
00.08166080     1880.93668167   00.00097808     00.00000008     00.07994229     00.11407759     
00.07790802     1920.96234329   00.00051854     00.00000018     00.08046425     00.11638179     
00.07611805     1940.94553817   00.00035420     00.00000029     00.08078425     00.11765425     
00.07439028     1960.83363033   00.00022880     00.00000044     00.08114220     00.11899147     
00.07272105     1980.54328018   00.00013749     00.00000068     00.08153913     00.12037867     
00.07110626     1999.99142281   00.00007531     00.00000107     00.08197708     00.12179789     
00.06954180     2019.11262161   00.00003659     00.00000168     00.08245865     00.12322929     
00.06802384     2037.87357191   00.00001493     00.00000264     00.08298628     00.12465276     
00.06513032     2074.32187679   00.00000197     00.00000624     00.08417668     00.12740611     
00.06238994     2109.37515243   00.00000016     00.00001396     00.08557942     00.12996819     
00.05979313     2142.95064617   00.00000001     00.00003016     00.08721507     00.13229832     
00.05503660     2205.09654395   00.00000000     00.00013029     00.09118259     00.13614241     
00.05073959     2257.82130322   00.00000000     00.00056754     00.09600394     00.13869237     
00.04871877     2278.03023448   00.00000000     00.00120169     00.09849021     00.13928566     
00.04675967     2292.16050667   00.00000000     00.00245163     00.10065450     00.13927575     
00.04482681     2297.95239230   00.00000000     00.00468405     00.10209568     00.13855998     
00.04288929     2293.57369783   00.00000000     00.00819958     00.10246865     00.13710509     
00.04093191     2278.38791665   00.00000000     00.01309305     00.10162765     00.13496537     
00.03895645     2253.00544055   00.00000000     00.01924430     00.09964034     00.13225126     
00.03697493     2218.70628919   00.00000000     00.02641186     00.09669959     00.12908301     
00.03500253     2176.90153364   00.00000000     00.03432501     00.09303408     00.12556419     
00.03305390     2128.91767842   00.00000000     00.04273126     00.08886144     00.12177767     
00.03114174     2075.97217868   00.00000000     00.05141386     00.08437111     00.11779081     
00.02927625     2019.17766253   00.00000000     00.06019791     00.07971856     00.11366021     
00.02746507     1959.52395550   00.00000000     00.06895162     00.07502363     00.10943390     
00.02571345     1897.85514943   00.00000000     00.07758328     00.07037255     00.10515190     
00.02402463     1834.86971496   00.00000000     00.08603446     00.06582347     00.10084711     
00.02078791     1706.70083343   -0.00000000     00.10254421     00.05700735     00.09210809     
00.01781108     1578.18252466   -0.00000000     00.11810235     00.04885627     00.08350830     
00.01509230     1451.06172844   -0.00000000     00.13268955     00.04140122     00.07512895     
00.01385349     1388.45448930   -0.00000000     00.13948215     00.03800338     00.07112048     
00.01267779     1326.65556633   -0.00000000     00.14603104     00.03477838     00.06718395     
00.01156468     1265.79044335   -0.00000000     00.15233450     00.03172494     00.06332386     
00.01051361     1205.98087601   -0.00000000     00.15839020     00.02884165     00.05954440     
00.00952402     1147.34905286   -0.00000000     00.16419532     00.02612697     00.05584975     
00.00859530     1090.02004978   -0.00000000     00.16974669     00.02357925     00.05224420     
00.00772679     1034.12327349   -0.00000000     00.17504095     00.02119669     00.04873230     
00.00691776     979.79311343    -0.00000000     00.18007466     00.01897731     00.04531895     
00.00543822     876.29016564    -0.00000000     00.18957987     00.01491855     00.03864763     
00.00418495     780.35916463    -0.00000000     00.19799717     00.01148047     00.03245113     
00.00314760     693.02313850    -0.00000000     00.20531212     00.00863472     00.02678214     
00.00231264     615.26387136    -0.00000000     00.21152432     00.00634419     00.02169631     
00.00166261     547.91085213    -0.00000000     00.21665513     00.00456100     00.01724601     
00.00117580     491.46856569    -0.00000000     00.22075592     00.00322556     00.01346999     
00.00055324     409.11509373    -0.00000000     00.22653404     00.00151769     00.00769184     
00.00025290     359.46878401    -0.00000000     00.22969577     00.00069377     00.00421028     
00.00005410     317.12141696    -0.00000000     00.23215579     00.00014840     00.00119900     
00.00001181     304.84104829    -0.00000000     00.23278628     00.00003240     00.00034025     
00.00000091     300.51188044    -0.00000000     00.23298640     00.00000249     00.00003632     
00.00000006     300.04580099    -0.00000000     00.23300580     00.00000016     00.00000329     
00.00000000     300.00442693    -0.00000000     00.23300735     00.00000001     00.00000032     
00.00000000     300.00013374    -0.00000000     00.23300750     00.00000000     00.00000001     
00.00000000     300.00000332    -0.00000000     00.23300750     00.00000000     00.00000000     
00.00000000     300.00000009    00.00000000     00.23300750     00.00000000     00.00000000     
00.00000000     300.00000000    -0.00000000     00.23300750     00.00000000     00.00000000     
00.00000000     300.00000000    -0.00000000     00.23300750     00.00000000     00.00000000     
00.00000000     300.00000000    -0.00000000     00.23300750     00.00000000     00.00000000     
00.00000000     300.00000000    -0.00000000     00.23300750     00.00000000     00.00000000     
00.00000000     300.00000000    -0.00000000     00.23300750     00.00000000     00.00000000     
00.00000000     300.00000000    -0.00000000     00.23300750     00.00000000     00.00000000     
00.00000000     300.00000000    -0.00000000     00.23300750     00.00000000     00.00000000     
00.00000000     300.00000000    -0.00000000     00.23300750     00.00000000     00.00000000     
00.00000000     300.00000000    -0.00000000     00.23300750     00.00000000     00.00000000     
00.00000000     300.00000000    -0.00000000     00.23300750     00.00000000     00.00000000     
00.00000000     300.00000000    -0.00000000     00.23300750     00.00000000     00.00000000     
00.00000000     300.00000000    -0.00000000     00.23300750     00.00000000     00.00000000     
00.00000000     300.00000000    -0.00000000     00.23300750     00.00000000     -0.00000000     
00.00000000     300.00000000    -0.00000000     00.23300750     00.00000000     -0.00000000     
00.00000000     300.00000000    -0.00000000     00.23300750     00.00000000     -0.00000000     
00.00000000     300.00000000    -0.00000000     00.23300750     00.00000000     -0.00000000     
00.00000000     300.00000000    -0.00000000     00.23300750     00.00000000     -0.00000000     
00.00000000     300.00000000    -0.00000000     00.23300750     00.00000000     -0.00000000     
00.00000000     300.00000000    -0.00000000     00.23300750     00.00000000     -0.00000000     
00.00000000     300.00000000    -0.00000000     00.23300750     00.00000000     -0.00000000     
00.00000000     300.00000000    -0.00000000     00.23300750     00.00000000     -0.00000000     
00.00000000     300.00000000    -0.00000000     00.23300750     00.00000000     -0.00000000     
00.00000000     300.00000000    -0.00000000     00.23300750     00.00000000     -0.00000000     
00.00000000     300.00000000    -0.00000000     00.23300750     00.00000000     -0.00000000     
00.00000000     300.00000000    -0.00000000     00.23300750     00.00000000     -0.00000000     
00.00000000     300.00000000    -0.00000000     00.23300750     00.00000000     -0.00000000     
-0.00000000     300.00000000    -0.00000000     00.23300750     00.00000000     -0.00000000     
-0.00000000     300.00000000    -0.00000000     00.23300750     00.00000000     -0.00000000     
00.00000000     300.00000000    -0.00000000     00.23300750     00.00000000     -0.00000000     
