# Studied params: afr=3.9   width/Lf=100.0
01.00000000     473.00000000    01.00000000     00.00000000     00.00000000     00.00000000     
01.00000000     473.00000000    01.00000000     00.00000000     00.00000000     00.00000000     
01.00000000     473.00000000    01.00000000     00.00000000     00.00000000     00.00000000     
01.00000000     473.00000000    01.00000000     00.00000000     00.00000000     00.00000000     
01.00000000     473.00000000    01.00000000     00.00000000     00.00000000     00.00000000     
01.00000000     473.00000000    01.00000000     00.00000000     00.00000000     00.00000000     
01.00000000     473.00000000    01.00000000     00.00000000     00.00000000     00.00000000     
01.00000000     473.00000000    01.00000000     00.00000000     00.00000000     00.00000000     
01.00000000     473.00000000    01.00000000     00.00000000     00.00000000     00.00000000     
01.00000000     473.00000000    01.00000000     00.00000000     00.00000000     00.00000000     
01.00000000     473.00000000    01.00000000     00.00000000     00.00000000     00.00000000     
01.00000000     472.99999994    01.00000000     00.00000000     00.00000000     00.00000000     
00.99999974     472.99996472    00.99999974     00.00000007     00.00000000     00.00000000     
00.99987159     472.98422399    00.99987159     00.00003246     00.00000000     00.00000000     
00.96538550     469.05964950    00.96538550     00.00866878     00.00000000     00.00000000     
00.00356099     301.10458578    00.00356099     00.23211510     00.00000000     00.00000000     
00.00000645     300.00199763    00.00000645     00.23300615     00.00000000     00.00000000     
00.00000001     300.00000232    00.00000001     00.23300750     00.00000000     00.00000000     
00.00000000     300.00000000    00.00000000     00.23300750     00.00000000     00.00000000     
00.00000000     300.00000000    00.00000000     00.23300750     00.00000000     00.00000000     
00.00000000     300.00000000    00.00000000     00.23300750     00.00000000     00.00000000     
00.00000000     300.00000000    00.00000000     00.23300750     00.00000000     00.00000000     
00.00000000     300.00000000    00.00000000     00.23300750     00.00000000     00.00000000     
00.00000000     300.00000000    00.00000000     00.23300750     00.00000000     00.00000000     
00.00000000     300.00000000    00.00000000     00.23300750     00.00000000     00.00000000     
00.00000000     300.00000000    00.00000000     00.23300750     00.00000000     00.00000000     
00.00000000     300.00000000    00.00000000     00.23300750     -0.00000000     00.00000000     
00.00000000     300.00000000    00.00000000     00.23300750     -0.00000000     00.00000000     
00.00000000     300.00000000    00.00000000     00.23300750     -0.00000000     00.00000000     
00.00000000     300.00000000    00.00000000     00.23300750     -0.00000000     00.00000000     
00.00000000     300.00000000    00.00000000     00.23300750     -0.00000000     -0.00000000     
00.00000000     300.00000000    00.00000000     00.23300750     -0.00000000     -0.00000000     
00.00000000     300.00000000    00.00000000     00.23300750     -0.00000000     -0.00000000     
00.00000000     300.00000000    00.00000000     00.23300750     -0.00000000     -0.00000000     
00.00000000     300.00000000    -0.00000000     00.23300750     -0.00000000     -0.00000000     
00.00000000     300.00000000    -0.00000000     00.23300750     -0.00000000     -0.00000000     
00.00000000     300.00000000    -0.00000000     00.23300750     -0.00000000     -0.00000000     
00.00000000     300.00000000    -0.00000000     00.23300750     -0.00000000     -0.00000000     
00.00000000     300.00000000    -0.00000000     00.23300750     -0.00000000     -0.00000000     
00.00000000     300.00000000    -0.00000000     00.23300750     -0.00000000     -0.00000000     
00.00000000     300.00000000    -0.00000000     00.23300750     -0.00000000     -0.00000000     
00.00000000     300.00000000    -0.00000000     00.23300750     -0.00000000     -0.00000000     
00.00000000     300.00000000    -0.00000000     00.23300750     -0.00000000     -0.00000000     
00.00000000     300.00000000    -0.00000000     00.23300750     00.00000000     -0.00000000     
00.00000000     300.00000000    -0.00000000     00.23300750     00.00000000     -0.00000000     
00.00000000     300.00000000    -0.00000000     00.23300750     00.00000000     -0.00000000     
00.00000000     300.00000000    -0.00000000     00.23300750     00.00000000     -0.00000000     
00.00000000     300.00000000    -0.00000000     00.23300750     00.00000000     -0.00000000     
