# Studied params: afr=3.9   width/Lf=0.01
01.00000000     473.00000000    00.89855691     00.02563018     00.00000000     00.00000000     
00.98141091     471.69680245    00.88185374     00.02975963     00.00000000     00.00000000     
00.95996281     470.16438935    00.86258161     00.03449729     00.00000000     00.00000000     
00.93533424     468.36159824    00.84045169     00.03990262     00.00000000     00.00000000     
00.90723877     466.24192750    00.81520660     00.04602413     00.00000000     00.00000000     
00.87545276     463.75358467    00.78664538     00.05289321     00.00000000     00.00000000     
00.83984571     460.83987406    00.75465078     00.06051782     -0.00000000     -0.00000000     
00.80041009     457.44005967    00.71921604     00.06887699     -0.00000000     -0.00000000     
00.75728639     453.49087318    00.68046738     00.07791726     -0.00000000     -0.00000000     
00.71077897     448.92887155    00.63867829     00.08755188     -0.00000000     -0.00000000     
00.66135928     443.69387596    00.59427239     00.09766369     -0.00000000     -0.00000000     
00.60965437     437.73372906    00.54781310     00.10811155     -0.00000000     -0.00000000     
00.55642122     431.01056395    00.49998063     00.11873964     00.00000000     00.00000000     
00.50251000     423.50864521    00.45153888     00.12938823     00.00000000     00.00000000     
00.44882048     415.24356612    00.40329634     00.13990403     00.00000000     00.00000000     
00.39624631     406.24216529    00.35605598     00.15015066     00.00000001     00.00000000     
00.34561141     396.62591712    00.31055816     00.16001543     00.00000001     00.00000001     
00.29764209     386.57009872    00.26745548     00.16940678     00.00000001     00.00000001     
00.25294555     376.29846719    00.22729355     00.17825066     00.00000001     00.00000001     
00.21199546     366.06959310    00.19049798     00.18648586     00.00000001     00.00000001     
00.17512285     356.15533294    00.15736622     00.19405998     00.00000001     00.00000001     
00.14251185     346.81433472    00.12806370     00.20092772     00.00000001     00.00000000     
00.11420073     338.26551788    00.10262484     00.20705213     00.00000001     00.00000000     
00.09008956     330.66709633    00.08095982     00.21240874     00.00000001     00.00000000     
00.06995521     324.10542441    00.06286817     00.21699124     00.00000001     00.00000000     
00.05347393     318.59520355    00.04805898     00.22081648     00.00000001     00.00000000     
00.04024977     314.08956153    00.03617644     00.22392668     00.00000001     00.00000000     
00.02984607     310.49638979    00.02682823     00.22638741     00.00000001     00.00000000     
00.02181648     307.69668436    00.01961328     00.22828162     00.00000001     00.00000000     
00.01573176     305.56132450    00.01414587     00.22970115     00.00000001     00.00000000     
00.01119998     303.96412573    00.01007385     00.23073807     00.00000000     00.00000000     
00.00787894     302.79045295    00.00708974     00.23147752     00.00000000     00.00000000     
00.00548137     301.94174898    00.00493541     00.23199322     00.00000000     00.00000000     
00.00377418     301.33689500    00.00340143     00.23234560     00.00000000     00.00000000     
00.00257383     300.91145639    00.00232286     00.23258188     00.00000000     00.00000000     
00.00173950     300.61574402    00.00157318     00.23273761     00.00000000     00.00000000     
00.00116561     300.41238835    00.00105751     00.23283862     00.00000000     00.00000000     
00.00077458     300.27388312    00.00070615     00.23290317     00.00000000     00.00000000     
00.00051039     300.18035630    00.00046876     00.23294385     00.00000000     00.00000000     
00.00033325     300.11768375    00.00030959     00.23296915     00.00000000     00.00000000     
00.00021527     300.07596987    00.00020358     00.23298469     00.00000000     00.00000000     
00.00013715     300.04836915    00.00013338     00.23299411     00.00000000     00.00000000     
00.00008568     300.03019898    00.00008714     00.23299976     00.00000000     00.00000000     
00.00005192     300.01828796    00.00005680     00.23300309     00.00000000     00.00000000     
00.00002985     300.01050697    00.00003697     00.23300504     00.00000000     00.00000000     
00.00001545     300.00543758    00.00002404     00.23300616     00.00000000     00.00000000     
00.00000609     300.00214112    00.00001562     00.23300680     00.00000000     00.00000000     
00.00000000     300.00000000    00.00001015     00.23300715     00.00000000     00.00000000     
