# Studied params: afr=3.9   width/Lf=0.1
01.00000000     473.00000000    00.99952788     00.00000001     00.00001152     00.00008464     
00.99863268     474.10674883    00.99807788     00.00000004     00.00006580     00.00037254     
00.99278654     478.80825730    00.99181924     00.00000017     00.00036377     00.00159097     
00.98335672     486.14948843    00.98164152     00.00000039     00.00094916     00.00347957     
00.96169333     502.53483566    00.95809898     00.00000089     00.00251590     00.00760642     
00.91773909     535.37480754    00.91002360     00.00000191     00.00614796     00.01546268     
00.84262282     592.85396388    00.82741733     00.00000362     00.01307037     00.02784854     
00.79120602     633.16980825    00.77068815     00.00000477     00.01814493     00.03570167     
00.73222269     682.04847701    00.70550445     00.00000607     00.02419630     00.04416417     
00.66840375     739.11973857    00.63491674     00.00000744     00.03092337     00.05275167     
00.60278749     803.64228610    00.56232808     00.00000881     00.03795672     00.06104409     
00.48071511     951.26487823    00.42734417     00.00001130     00.05119657     00.07523790     
00.37489380     1113.83028454   00.31046859     00.00001341     00.06264932     00.08668129     
00.28832682     1282.43624398   00.21491071     00.00001515     00.07197319     00.09581984     
00.25074170     1365.52917434   00.17341510     00.00001593     00.07601634     00.09983983     
00.21757999     1446.80804392   00.13680084     00.00001668     00.07958404     00.10346632     
00.18839672     1525.54088343   00.10461837     00.00001744     00.08272314     00.10675681     
00.16274450     1601.62982293   00.07651345     00.00001841     00.08547701     00.10975786     
00.15096326     1639.19206183   00.06382533     00.00001915     00.08673924     00.11117904     
00.13993246     1676.78528588   00.05218222     00.00002016     00.08792032     00.11253920     
00.12959156     1714.95041002   00.04161634     00.00002163     00.08903244     00.11384202     
00.11988290     1754.39109237   00.03217868     00.00002384     00.09009395     00.11509079     
00.11075435     1795.91742718   00.02392916     00.00002727     00.09113325     00.11628872     
00.10216273     1840.31997220   00.01692022     00.00003279     00.09219408     00.11743984     
00.09407744     1888.15251396   00.01117609     00.00004201     00.09334267     00.11855064     
00.08648274     1939.40391491   00.00667661     00.00005838     00.09467838     00.11963251     
00.08284400     1965.93167361   00.00486298     00.00007259     00.09548411     00.12017514     
00.07933206     1992.71976450   00.00335008     00.00009321     00.09640950     00.12071890     
00.07595018     2019.24434653   00.00213810     00.00012482     00.09749835     00.12126861     
00.07270532     2044.71223741   00.00122816     00.00017661     00.09880911     00.12183179     
00.07113448     2056.62598019   00.00088301     00.00021764     00.09957737     00.12212497     
00.06960432     2067.81538662   00.00060890     00.00027312     00.10042656     00.12242592     
00.06811745     2078.08994252   00.00040024     00.00034957     00.10136131     00.12273512     
00.06667634     2087.25933939   00.00024908     00.00045637     00.10238050     00.12305062     
00.06528247     2095.15730380   00.00014571     00.00060656     00.10347422     00.12336601     
00.06393534     2101.67611732   00.00007960     00.00081741     00.10462108     00.12366838     
00.06263164     2106.80205151   00.00004049     00.00111022     00.10578744     00.12393791     
00.06199344     2108.87701562   00.00002779     00.00129671     00.10636212     00.12405122     
00.06136372     2110.64730967   00.00001864     00.00151301     00.10692471     00.12414688     
00.06074145     2112.13739266   00.00001219     00.00176225     00.10746913     00.12422180     
00.06012563     2113.37323326   00.00000773     00.00204748     00.10798954     00.12427324     
00.05891088     2115.15986206   00.00000302     00.00273353     00.10894196     00.12429931     
00.05771181     2116.18098310   00.00000107     00.00359323     00.10974179     00.12421132     
00.05652428     2116.51622586   00.00000031     00.00464050     00.11036398     00.12400626     
00.05417712     2115.21666889   00.00000004     00.00731759     00.11103762     00.12326105     
00.05185860     2110.95104177   00.00000000     00.01077318     00.11092350     00.12211884     
00.04956876     2103.28914801   00.00000000     00.01495622     00.11006887     00.12064200     
00.04731024     2091.83544526   00.00000000     00.01979594     00.10855085     00.11887967     
00.04508620     2076.28282315   00.00000000     00.02521917     00.10645106     00.11686697     
00.04289968     2056.43394969   00.00000000     00.03115343     00.10384633     00.11463024     
00.03862215     2003.63669071   00.00000000     00.04438740     00.09732528     00.10953053     
00.03451780     1934.19449467   00.00000000     00.05887189     00.08955944     00.10375020     
00.03060962     1850.09025623   00.00000000     00.07405745     00.08103752     00.09742957     
00.02691994     1754.12380334   00.00000000     00.08943214     00.07221404     00.09071173     
00.02346661     1649.41752505   00.00000000     00.10457675     00.06346223     00.08373716     
00.02026128     1539.02467517   00.00000000     00.11918913     00.05505126     00.07663649     
00.01730974     1425.68255830   00.00000000     00.13307733     00.04715179     00.06952436     
00.01461348     1311.70881597   00.00000000     00.14613281     00.03985875     00.06249654     
00.01338576     1255.18452474   00.00000000     00.15220610     00.03652459     00.05911044     
00.01222135     1199.20561909   00.00000000     00.15805373     00.03335628     00.05577230     
00.01111982     1143.96887476   -0.00000000     00.16367283     00.03035512     00.05248952     
00.01008070     1089.65467469   -0.00000000     00.16906116     00.02752147     00.04926883     
00.00910346     1036.42974433   -0.00000000     00.17421667     00.02485500     00.04611639     
00.00818753     984.44986221    -0.00000000     00.17913722     00.02235482     00.04303799     
00.00733225     933.86194078    -0.00000000     00.18382050     00.02001959     00.04003915     
00.00653689     884.80310100    -0.00000000     00.18826410     00.01784758     00.03712537     
00.00580058     837.40396127    -0.00000000     00.19246556     00.01583667     00.03430216     
00.00512236     791.79144400    -0.00000000     00.19642259     00.01398430     00.03157523     
00.00390428     706.30963185    -0.00000000     00.20378086     00.01065735     00.02630330     
00.00290121     629.01856273    -0.00000000     00.21014001     00.00791781     00.02150013     
00.00209828     560.72453908    -0.00000000     00.21550809     00.00572514     00.01721342     
00.00147659     502.03897534    -0.00000000     00.21991461     00.00402769     00.01348485     
00.00101314     453.22886029    -0.00000000     00.22341683     00.00276261     00.01034086     
00.00068174     414.08534253    -0.00000000     00.22610242     00.00185822     00.00778260     
00.00045479     383.87972242    -0.00000000     00.22808564     00.00123912     00.00577964     
00.00019840     344.37039095    -0.00000000     00.23057652     00.00054006     00.00306868     
00.00008687     323.10035679    -0.00000000     00.23181228     00.00023624     00.00160618     
00.00001830     306.40988741    -0.00000000     00.23270565     00.00004968     00.00044635     
00.00000361     301.66709117    -0.00000000     00.23293561     00.00000977     00.00011709     
00.00000078     300.46122118    -0.00000000     00.23298910     00.00000210     00.00003272     
00.00000007     300.05360825    -0.00000000     00.23300557     00.00000018     00.00000385     
00.00000001     300.00693114    -0.00000000     00.23300727     00.00000002     00.00000051     
00.00000000     300.00031919    -0.00000000     00.23300749     00.00000000     00.00000002     
00.00000000     300.00001305    -0.00000000     00.23300750     00.00000000     00.00000000     
00.00000000     300.00000000    -0.00000000     00.23300750     00.00000000     00.00000000     
