cellnumber,    x-coordinate,    y-coordinate,     temperature
         1, 7.499955596E-03, 7.499985174E-03, 1.121964812E+03
         2, 2.249986720E-02, 7.499985246E-03, 1.119611200E+03
         3, 7.499923154E-03, 2.250000395E-02, 1.121964781E+03
         4, 2.249977006E-02, 2.250000381E-02, 1.119611111E+03
         5, 3.749976769E-02, 7.499981377E-03, 1.117307023E+03
         6, 7.499945085E-03, 3.750000333E-02, 1.121964744E+03
         7, 2.249983563E-02, 3.750000328E-02, 1.119611007E+03
         8, 3.749959090E-02, 2.250000258E-02, 1.117306885E+03
         9, 5.249963340E-02, 7.499973379E-03, 1.115082827E+03
        10, 7.499953010E-03, 5.249999930E-02, 1.121964714E+03
        11, 3.749961187E-02, 3.749997531E-02, 1.117306738E+03
        12, 2.249980262E-02, 5.249998035E-02, 1.119610931E+03
        13, 5.249933150E-02, 2.249999950E-02, 1.115082657E+03
        14, 6.749944054E-02, 7.499961317E-03, 1.112965706E+03
        15, 7.499906384E-03, 6.749998511E-02, 1.121964700E+03
        16, 5.249924452E-02, 3.749998416E-02, 1.115082492E+03
        17, 3.749949708E-02, 5.250001446E-02, 1.117306634E+03
        18, 2.249966234E-02, 6.750000382E-02, 1.119610895E+03
        19, 6.749893295E-02, 2.249999427E-02, 1.112965530E+03
        20, 8.249916225E-02, 7.499944646E-03, 1.110978219E+03
        21, 7.499900377E-03, 8.250001282E-02, 1.121964686E+03
        22, 5.249903729E-02, 5.249999129E-02, 1.115082381E+03
        23, 6.749871647E-02, 3.749997294E-02, 1.112965372E+03
        24, 3.749932809E-02, 6.749999386E-02, 1.117306577E+03
        25, 2.249963103E-02, 8.249998962E-02, 1.119610860E+03
        26, 8.249811426E-02, 2.249991600E-02, 1.110978099E+03
        27, 9.749876837E-02, 7.499918547E-03, 1.109137584E+03
        28, 7.499909761E-03, 9.749999039E-02, 1.121964676E+03
        29, 5.249883377E-02, 6.749998350E-02, 1.115082328E+03
        30, 6.749834675E-02, 5.249998690E-02, 1.112965292E+03
        31, 8.249728112E-02, 3.749990664E-02, 1.110978043E+03
        32, 3.749925778E-02, 8.250000280E-02, 1.117306539E+03
        33, 2.249965915E-02, 9.750001367E-02, 1.119610836E+03
        34, 9.749689965E-02, 2.249992995E-02, 1.109137572E+03
        35, 1.124982233E-01, 7.499880770E-03, 1.107455153E+03
        36, 7.499933227E-03, 1.125000177E-01, 1.121964670E+03
        37, 6.749800766E-02, 6.749997587E-02, 1.112965293E+03
        38, 5.249871348E-02, 8.249999685E-02, 1.115082314E+03
        39, 8.249640037E-02, 5.249995775E-02, 1.110978080E+03
        40, 9.749464125E-02, 3.749974941E-02, 1.109137745E+03
        41, 3.749930728E-02, 9.750000369E-02, 1.117306517E+03
        42, 2.249977068E-02, 1.125000083E-01, 1.119610817E+03
        43, 1.124950260E-01, 2.249976359E-02, 1.107455323E+03
        44, 1.274974942E-01, 7.499841780E-03, 1.105936158E+03
        45, 8.249620045E-02, 6.750011878E-02, 1.110978150E+03
        46, 6.749743968E-02, 8.249987561E-02, 1.112965398E+03
        47, 5.249879258E-02, 9.750000270E-02, 1.115082323E+03
        48, 9.749295079E-02, 5.250009199E-02, 1.109137987E+03
        49, 1.124910611E-01, 3.749987031E-02, 1.107455788E+03
        50, 3.749946500E-02, 1.124999916E-01, 1.117306510E+03
        51, 1.274924699E-01, 2.249977128E-02, 1.105936574E+03
        52, 1.424965448E-01, 7.499773009E-03, 1.104579722E+03
        53, 8.249539710E-02, 8.249994488E-02, 1.110978402E+03
        54, 9.749332976E-02, 6.750000844E-02, 1.109138155E+03
        55, 6.749756315E-02, 9.750012743E-02, 1.112965485E+03
        56, 5.249898224E-02, 1.125000120E-01, 1.115082363E+03
        57, 1.124879351E-01, 5.249966386E-02, 1.107456371E+03
        58, 1.274865248E-01, 3.749967472E-02, 1.105937401E+03
        59, 1.424893897E-01, 2.249961866E-02, 1.104580431E+03
        60, 1.574953937E-01, 7.499716511E-03, 1.103379055E+03
        61, 8.249558333E-02, 9.750007633E-02, 1.110978636E+03
        62, 9.749250690E-02, 8.249991484E-02, 1.109138618E+03
        63, 1.124876360E-01, 6.749987580E-02, 1.107456896E+03
        64, 6.749824947E-02, 1.125000211E-01, 1.112965561E+03
        65, 1.274813489E-01, 5.249977441E-02, 1.105938468E+03
        66, 1.424806989E-01, 3.749946052E-02, 1.104581746E+03
        67, 1.574854751E-01, 2.249948552E-02, 1.103380128E+03
        68, 1.724939737E-01, 7.499501138E-03, 1.102321860E+03
        69, 9.749201079E-02, 9.749984519E-02, 1.109139197E+03
        70, 8.249661677E-02, 1.124999130E-01, 1.110978858E+03
        71, 1.124861334E-01, 8.249986831E-02, 1.107457771E+03
        72, 1.274794326E-01, 6.749984795E-02, 1.105939573E+03
        73, 1.424730861E-01, 5.249956250E-02, 1.104583437E+03
        74, 1.574731319E-01, 3.749928730E-02, 1.103382064E+03
        75, 1.724808214E-01, 2.249897925E-02, 1.102323342E+03
        76, 1.874924709E-01, 7.498971058E-03, 1.101390888E+03
        77, 1.124856124E-01, 9.750028579E-02, 1.107458765E+03
        78, 9.749265312E-02, 1.125000767E-01, 1.109139783E+03
        79, 1.274769609E-01, 8.249984601E-02, 1.105941060E+03
        80, 1.424687064E-01, 6.749932075E-02, 1.104585357E+03
        81, 1.574622433E-01, 5.249937251E-02, 1.103384568E+03
        82, 1.724642180E-01, 3.749866287E-02, 1.102325988E+03
        83, 1.874758242E-01, 2.249741931E-02, 1.101392780E+03
        84, 2.024908657E-01, 7.497785422E-03, 1.100564853E+03
        85, 1.124871011E-01, 1.125000462E-01, 1.107459750E+03
        86, 1.274758805E-01, 9.749964769E-02, 1.105942743E+03
        87, 1.424650488E-01, 8.250010695E-02, 1.104587698E+03
        88, 1.574546187E-01, 6.749945684E-02, 1.103387543E+03
        89, 1.724491027E-01, 5.249858209E-02, 1.102329478E+03
        90, 1.874547548E-01, 3.749614649E-02, 1.101396139E+03
        91, 2.024717039E-01, 2.249419619E-02, 1.100567022E+03
        92, 2.174897755E-01, 7.496316737E-03, 1.099819721E+03
        93, 1.274790881E-01, 1.125005544E-01, 1.105944323E+03
        94, 1.424633139E-01, 9.749993175E-02, 1.104590358E+03
        95, 1.574493720E-01, 8.249972675E-02, 1.103391042E+03
        96, 1.724383088E-01, 6.749876902E-02, 1.102333676E+03
        97, 1.874350068E-01, 5.249541180E-02, 1.101400656E+03
        98, 2.024477671E-01, 3.749104757E-02, 1.100570863E+03
        99, 2.174686054E-01, 2.248953227E-02, 1.099821961E+03
       100, 2.324889637E-01, 7.494682677E-03, 1.099130621E+03
       101, 1.424678540E-01, 1.125003149E-01, 1.104592950E+03
       102, 1.574476843E-01, 9.749995432E-02, 1.103394988E+03
       103, 1.724306884E-01, 8.249914969E-02, 1.102338661E+03
       104, 1.874203939E-01, 6.749539571E-02, 1.101406185E+03
       105, 2.024239071E-01, 5.248843266E-02, 1.100576178E+03
       106, 2.174428680E-01, 3.748339975E-02, 1.099825859E+03
       107, 2.324674083E-01, 2.248431148E-02, 1.099132554E+03
       108, 2.474892422E-01, 7.493210868E-03, 1.098473728E+03
       109, 1.424768904E-01, 1.275002944E-01, 1.104595615E+03
       110, 1.574538650E-01, 1.125005244E-01, 1.103399042E+03
       111, 1.724269300E-01, 9.749946307E-02, 1.102344422E+03
       112, 1.874100996E-01, 8.249602396E-02, 1.101412817E+03
       113, 2.024057169E-01, 6.748740874E-02, 1.100582793E+03
       114, 2.174159309E-01, 5.247769726E-02, 1.099831340E+03
       115, 2.324421641E-01, 3.747373673E-02, 1.099135768E+03
       116, 2.474687797E-01, 2.247932767E-02, 1.098474980E+03
       117, 2.624905080E-01, 7.493239412E-03, 1.097827252E+03
       118, 1.424858256E-01, 1.425004067E-01, 1.104598712E+03
       119, 1.574653141E-01, 1.275001580E-01, 1.103403400E+03
       120, 1.724346177E-01, 1.125007029E-01, 1.102350470E+03
       121, 1.874032779E-01, 9.749699036E-02, 1.101420682E+03
       122, 2.023925146E-01, 8.248783595E-02, 1.100590851E+03
       123, 2.173940635E-01, 6.747430115E-02, 1.099838263E+03
       124, 2.324117737E-01, 5.246262526E-02, 1.099140415E+03
       125, 2.474456378E-01, 3.746546862E-02, 1.098476775E+03
       126, 2.624718437E-01, 2.247857775E-02, 1.097827685E+03
       127, 2.774926780E-01, 7.495459408E-03, 1.097170302E+03
       128, 1.574779493E-01, 1.425010107E-01, 1.103408339E+03
       129, 1.724493440E-01, 1.275008144E-01, 1.102357122E+03
       130, 1.874121930E-01, 1.124991289E-01, 1.101429138E+03
       131, 2.023819474E-01, 9.748884770E-02, 1.100600638E+03
       132, 2.173778400E-01, 8.247271811E-02, 1.099846778E+03
       133, 2.323849822E-01, 6.745445197E-02, 1.099146260E+03
       134, 2.474138610E-01, 5.245092885E-02, 1.098479405E+03
       135, 2.624516946E-01, 3.746268371E-02, 1.097827767E+03
       136, 2.774776818E-01, 2.248480481E-02, 1.097169995E+03
       137, 2.924945534E-01, 7.498190786E-03, 1.096481127E+03
       138, 1.724667949E-01, 1.425013993E-01, 1.102364657E+03
       139, 1.874315384E-01, 1.275001377E-01, 1.101438588E+03
       140, 2.023902458E-01, 1.124910166E-01, 1.100611483E+03
       141, 2.173632834E-01, 9.747182334E-02, 1.099857330E+03
       142, 2.323663316E-01, 8.244699358E-02, 1.099153285E+03
       143, 2.473839429E-01, 6.743643892E-02, 1.098482486E+03
       144, 2.624218657E-01, 5.244551100E-02, 1.097827819E+03
       145, 2.774617142E-01, 3.747324616E-02, 1.097168620E+03
       146, 2.924825409E-01, 2.249352450E-02, 1.096480459E+03
       147, 3.074963940E-01, 7.499586429E-03, 1.095735915E+03
       148, 1.874544845E-01, 1.425014031E-01, 1.101449493E+03
       149, 2.024136008E-01, 1.274938021E-01, 1.100623815E+03
       150, 2.173691661E-01, 1.124732361E-01, 1.099869332E+03
       151, 2.323507123E-01, 9.744369065E-02, 1.099161995E+03
       152, 2.473628899E-01, 8.242220019E-02, 1.098485788E+03
       153, 2.623934291E-01, 6.742892659E-02, 1.097827316E+03
       154, 2.774365827E-01, 5.246096224E-02, 1.097166460E+03
       155, 2.924699451E-01, 3.748876395E-02, 1.096478378E+03
       156, 3.074878955E-01, 2.249793842E-02, 1.095735180E+03
       157, 3.224978866E-01, 7.500086182E-03, 1.094909790E+03
       158, 2.024424568E-01, 1.424962136E-01, 1.100638347E+03
       159, 2.173955933E-01, 1.274765478E-01, 1.099883185E+03
       160, 2.323534133E-01, 1.124415938E-01, 1.099172047E+03
       161, 2.473453726E-01, 9.741176187E-02, 1.098489653E+03
       162, 2.623735695E-01, 8.241297400E-02, 1.097825873E+03
       163, 2.774112269E-01, 6.744725147E-02, 1.097162974E+03
       164, 2.924515577E-01, 5.248368969E-02, 1.096475045E+03
       165, 3.074783357E-01, 3.749588570E-02, 1.095733076E+03
       166, 3.224921519E-01, 2.249971126E-02, 1.094909199E+03
       167, 3.374989826E-01, 7.500139938E-03, 1.093978735E+03
       168, 2.174312863E-01, 1.424814728E-01, 1.099899896E+03
       169, 2.323792771E-01, 1.274453474E-01, 1.099183690E+03
       170, 2.473451805E-01, 1.124060687E-01, 1.098493604E+03
       171, 2.623542721E-01, 9.739959398E-02, 1.097823737E+03
       172, 2.773916304E-01, 8.243574999E-02, 1.097157708E+03
       173, 2.924306136E-01, 6.747705110E-02, 1.096470156E+03
       174, 3.074662783E-01, 5.249442984E-02, 1.095729618E+03
       175, 3.224854379E-01, 3.749957956E-02, 1.094907455E+03
       176, 3.374954699E-01, 2.250018213E-02, 1.093978351E+03
       177, 3.524996557E-01, 7.500077367E-03, 1.092921460E+03
       178, 2.324220851E-01, 1.424528185E-01, 1.099197802E+03
       179, 2.473680755E-01, 1.274065796E-01, 1.098497528E+03
       180, 2.623507332E-01, 1.123922198E-01, 1.097820106E+03
       181, 2.773717163E-01, 9.742506626E-02, 1.097150664E+03
       182, 2.924123780E-01, 8.247035856E-02, 1.096463282E+03
       183, 3.074509433E-01, 6.749128491E-02, 1.095724732E+03
       184, 3.224794097E-01, 5.249932272E-02, 1.094904431E+03
       185, 3.374915323E-01, 3.750011078E-02, 1.093977060E+03
       186, 3.524977079E-01, 2.250008122E-02, 1.092921277E+03
       187, 3.674999390E-01, 7.500019584E-03, 1.091720740E+03
       188, 2.474156838E-01, 1.424163139E-01, 1.098501515E+03
       189, 2.324654246E-01, 1.574614643E-01, 1.099215986E+03
       190, 2.623677543E-01, 1.273917056E-01, 1.097814564E+03
       191, 2.773640552E-01, 1.124183900E-01, 1.097140928E+03
       192, 2.923928067E-01, 9.746296767E-02, 1.096454361E+03
       193, 3.074350928E-01, 8.248865637E-02, 1.095718165E+03
       194, 3.224685207E-01, 6.749813584E-02, 1.094900374E+03
       195, 3.374896541E-01, 5.250011558E-02, 1.093974687E+03
       196, 3.524954127E-01, 3.750006521E-02, 1.092920440E+03
       197, 3.674989151E-01, 2.250013873E-02, 1.091720727E+03
       198, 3.824999976E-01, 7.500001079E-03, 1.090364261E+03
       199, 2.624124287E-01, 1.424022336E-01, 1.097806533E+03
       200, 2.474627037E-01, 1.574314033E-01, 1.098506932E+03
       201, 2.773768788E-01, 1.274165144E-01, 1.097127622E+03
       202, 2.923843553E-01, 1.124561139E-01, 1.096442496E+03
       203, 3.074185510E-01, 9.748578307E-02, 1.095709761E+03
       204, 3.224543945E-01, 8.249787182E-02, 1.094895144E+03
       205, 3.374821230E-01, 6.750017502E-02, 1.093971691E+03
       206, 3.524950535E-01, 5.250000660E-02, 1.092918778E+03
       207, 3.674976295E-01, 3.750006651E-02, 1.091720263E+03
       208, 3.824996486E-01, 2.250007016E-02, 1.090364359E+03
       209, 3.975000000E-01, 7.500000095E-03, 1.088845228E+03
       210, 2.774153140E-01, 1.424196523E-01, 1.097109863E+03
       211, 2.624600140E-01, 1.574192482E-01, 1.097796811E+03
       212, 2.474857628E-01, 1.724465204E-01, 1.098515177E+03
       213, 2.923943747E-01, 1.274517473E-01, 1.096426927E+03
       214, 3.074100552E-01, 1.124819173E-01, 1.095698903E+03
       215, 3.224436087E-01, 9.749774929E-02, 1.094888280E+03
       216, 3.374706830E-01, 8.249993039E-02, 1.093967951E+03
       217, 3.524913236E-01, 6.750061095E-02, 1.092916652E+03
       218, 3.674976258E-01, 5.249999850E-02, 1.091719221E+03
       219, 3.824992286E-01, 3.750002127E-02, 1.090364143E+03
       220, 3.974999230E-01, 2.250002086E-02, 1.088845409E+03
       221, 4.125000000E-01, 7.500000024E-03, 1.087162758E+03
       222, 2.924266770E-01, 1.424496544E-01, 1.096407000E+03
       223, 2.774601357E-01, 1.574304265E-01, 1.097087609E+03
       224, 2.624836764E-01, 1.724363794E-01, 1.097786396E+03
       225, 3.074163507E-01, 1.274798575E-01, 1.095685023E+03
       226, 3.224371482E-01, 1.124957188E-01, 1.094879665E+03
       227, 3.374656981E-01, 9.749988861E-02, 1.093962756E+03
       228, 3.524846189E-01, 8.250025637E-02, 1.092914047E+03
       229, 3.674963908E-01, 6.750023128E-02, 1.091717780E+03
       230, 3.824993461E-01, 5.249996511E-02, 1.090363562E+03
       231, 3.974998399E-01, 3.750000272E-02, 1.088845378E+03
       232, 4.124999922E-01, 2.250000257E-02, 1.087162992E+03
       233, 4.275000000E-01, 7.500000005E-03, 1.085322084E+03
       234, 3.074414393E-01, 1.424783458E-01, 1.095667718E+03
       235, 2.924631110E-01, 1.574537051E-01, 1.096382958E+03
       236, 2.774825813E-01, 1.724438229E-01, 1.097061060E+03
       237, 3.224396205E-01, 1.274949797E-01, 1.094868945E+03
       238, 3.374620749E-01, 1.124992010E-01, 1.093956442E+03
       239, 3.524829242E-01, 9.750009234E-02, 1.092910355E+03
       240, 3.674935372E-01, 8.250018686E-02, 1.091715995E+03
       241, 3.824989994E-01, 6.750011430E-02, 1.090362676E+03
       242, 3.974998756E-01, 5.249998724E-02, 1.088845127E+03
       243, 4.124999813E-01, 3.749999872E-02, 1.087163085E+03
       244, 4.274999998E-01, 2.250000004E-02, 1.085322339E+03
       245, 4.425000000E-01, 7.500000003E-03, 1.083334555E+03
       246, 3.074687683E-01, 1.574789168E-01, 1.095647576E+03
       247, 3.224567444E-01, 1.424934929E-01, 1.094855737E+03
       248, 2.924825760E-01, 1.724613825E-01, 1.096355117E+03
       249, 3.374617358E-01, 1.274988523E-01, 1.093948859E+03
       250, 3.524810067E-01, 1.125000917E-01, 1.092905992E+03
       251, 3.674932644E-01, 9.749991403E-02, 1.091713510E+03
       252, 3.824976517E-01, 8.249998143E-02, 1.090361559E+03
       253, 3.974998020E-01, 6.750002900E-02, 1.088844646E+03
       254, 4.124999796E-01, 5.249999988E-02, 1.087163044E+03
       255, 4.274999959E-01, 3.750000117E-02, 1.085322502E+03
       256, 4.424999999E-01, 2.250000002E-02, 1.083334801E+03
       257, 4.575000000E-01, 7.500000001E-03, 1.081217388E+03
       258, 3.524784160E-01, 1.274993847E-01, 1.092900989E+03
       259, 3.674924840E-01, 1.125002168E-01, 1.091710612E+03
       260, 3.824974485E-01, 9.749994743E-02, 1.090360007E+03
       261, 3.974991467E-01, 8.250011096E-02, 1.088844007E+03
       262, 4.124999587E-01, 6.750000284E-02, 1.087162837E+03
       263, 4.274999920E-01, 5.249999981E-02, 1.085322579E+03
       264, 4.424999996E-01, 3.750000005E-02, 1.083334987E+03
       265, 4.575000000E-01, 2.250000001E-02, 1.081217602E+03
       266, 4.725000000E-01, 7.500000001E-03, 1.078993142E+03
       267, 3.674893882E-01, 1.275000234E-01, 1.091707464E+03
       268, 3.824971594E-01, 1.125000833E-01, 1.090358163E+03
       269, 3.974988864E-01, 9.749994531E-02, 1.088843104E+03
       270, 4.124997750E-01, 8.250001602E-02, 1.087162498E+03
       271, 4.274999850E-01, 6.750000258E-02, 1.085322538E+03
       272, 4.424999987E-01, 5.250000010E-02, 1.083335119E+03
       273, 4.574999998E-01, 3.750000004E-02, 1.081217777E+03
       274, 4.725000000E-01, 2.250000000E-02, 1.078993307E+03
       275, 4.875000000E-01, 7.500000001E-03, 1.076688907E+03
       276, 3.824952810E-01, 1.275000683E-01, 1.090356180E+03
       277, 3.974987641E-01, 1.125000827E-01, 1.088841986E+03
       278, 4.124997015E-01, 9.749999177E-02, 1.087161994E+03
       279, 4.274998850E-01, 8.250000717E-02, 1.085322406E+03
       280, 4.424999986E-01, 6.750000006E-02, 1.083335167E+03
       281, 4.574999993E-01, 5.250000004E-02, 1.081217919E+03
       282, 4.725000000E-01, 3.750000001E-02, 1.078993447E+03
       283, 4.875000000E-01, 2.250000000E-02, 1.076689011E+03
       284, 5.025000000E-01, 7.500000001E-03, 1.074335228E+03
       285, 3.974974993E-01, 1.274999716E-01, 1.088840796E+03
       286, 4.124996708E-01, 1.125000129E-01, 1.087161350E+03
       287, 4.274998400E-01, 9.749999550E-02, 1.085322161E+03
       288, 4.424999435E-01, 8.250000562E-02, 1.083335152E+03
       289, 4.574999993E-01, 6.749999999E-02, 1.081218003E+03
       290, 4.724999997E-01, 5.250000003E-02, 1.078993568E+03
       291, 4.875000000E-01, 3.750000000E-02, 1.076689101E+03
       292, 5.025000000E-01, 2.250000000E-02, 1.074335263E+03
       293, 4.124987916E-01, 1.275000638E-01, 1.087160675E+03
       294, 4.274998264E-01, 1.125000069E-01, 1.085321819E+03
       295, 4.424999143E-01, 9.749999753E-02, 1.083335059E+03
       296, 4.574999697E-01, 8.250000304E-02, 1.081218042E+03
       297, 4.724999996E-01, 6.749999999E-02, 1.078993650E+03
       298, 4.874999998E-01, 5.250000002E-02, 1.076689180E+03
       299, 5.025000000E-01, 3.750000000E-02, 1.074335294E+03
       300, 4.274993093E-01, 1.275000387E-01, 1.085321451E+03
       301, 4.424999089E-01, 1.125000036E-01, 1.083334898E+03
       302, 4.574999542E-01, 9.749999868E-02, 1.081218028E+03
       303, 4.724999837E-01, 8.250000164E-02, 1.078993703E+03
       304, 4.874999998E-01, 6.750000000E-02, 1.076689238E+03
       305, 5.024999999E-01, 5.250000002E-02, 1.074335322E+03
       306, 4.574999525E-01, 1.125000019E-01, 1.081217967E+03
       307, 4.724999778E-01, 9.750000001E-02, 1.078993721E+03
       308, 4.874999937E-01, 8.250000168E-02, 1.076689279E+03
       309, 5.024999999E-01, 6.749999999E-02, 1.074335342E+03
       310, 4.724999777E-01, 1.125000002E-01, 1.078993708E+03
       311, 4.874999928E-01, 9.749999844E-02, 1.076689299E+03
       312, 5.024999994E-01, 8.250000021E-02, 1.074335357E+03
       313, 4.874999932E-01, 1.125000016E-01, 1.076689303E+03
       314, 5.024999991E-01, 9.749999990E-02, 1.074335366E+03
       315, 5.024999993E-01, 1.125000001E-01, 1.074335369E+03
       316, 5.025000000E-01, 4.125000000E-01, 1.074334751E+03
       317, 4.875000000E-01, 4.125000000E-01, 1.076687362E+03
       318, 5.025000000E-01, 3.975000000E-01, 1.074334792E+03
       319, 4.875000000E-01, 3.975000000E-01, 1.076687486E+03
       320, 4.725000000E-01, 4.125000000E-01, 1.078990140E+03
       321, 5.025000000E-01, 3.825000000E-01, 1.074334838E+03
       322, 4.875000000E-01, 3.825000000E-01, 1.076687619E+03
       323, 4.725000000E-01, 3.975000000E-01, 1.078990344E+03
       324, 4.575000000E-01, 4.125000000E-01, 1.081212175E+03
       325, 5.025000000E-01, 3.675000000E-01, 1.074334885E+03
       326, 4.725000000E-01, 3.825000000E-01, 1.078990565E+03
       327, 4.875000000E-01, 3.675000000E-01, 1.076687759E+03
       328, 4.575000000E-01, 3.975000000E-01, 1.081212456E+03
       329, 4.425000000E-01, 4.125000000E-01, 1.083325839E+03
       330, 5.025000000E-01, 3.525000000E-01, 1.074334929E+03
       331, 4.575000000E-01, 3.825000000E-01, 1.081212767E+03
       332, 4.725000000E-01, 3.675000000E-01, 1.078990799E+03
       333, 4.875000000E-01, 3.525000000E-01, 1.076687893E+03
       334, 4.425000000E-01, 3.975000000E-01, 1.083326198E+03
       335, 4.275000000E-01, 4.125000000E-01, 1.085307756E+03
       336, 5.025000000E-01, 3.375000000E-01, 1.074334973E+03
       337, 4.575000000E-01, 3.675000000E-01, 1.081213105E+03
       338, 4.425000000E-01, 3.825000000E-01, 1.083326607E+03
       339, 4.725000000E-01, 3.525000000E-01, 1.078991030E+03
       340, 4.875000000E-01, 3.375000000E-01, 1.076688026E+03
       341, 4.275000000E-01, 3.975000000E-01, 1.085308195E+03
       342, 4.125000000E-01, 4.125000000E-01, 1.087139441E+03
       343, 5.025000000E-01, 3.225000000E-01, 1.074335015E+03
       344, 4.575000000E-01, 3.525000000E-01, 1.081213445E+03
       345, 4.425000000E-01, 3.675000000E-01, 1.083327065E+03
       346, 4.275000000E-01, 3.825000000E-01, 1.085308722E+03
       347, 4.725000000E-01, 3.375000000E-01, 1.078991261E+03
       348, 4.875000000E-01, 3.225000000E-01, 1.076688155E+03
       349, 4.125000000E-01, 3.975000000E-01, 1.087139974E+03
       350, 3.975000000E-01, 4.125000000E-01, 1.088807578E+03
       351, 5.025000000E-01, 3.075000000E-01, 1.074335056E+03
       352, 4.425000000E-01, 3.525000000E-01, 1.083327541E+03
       353, 4.575000000E-01, 3.375000000E-01, 1.081213792E+03
       354, 4.275000000E-01, 3.675000000E-01, 1.085309335E+03
       355, 4.125000000E-01, 3.825000000E-01, 1.087140657E+03
       356, 4.725000000E-01, 3.225000000E-01, 1.078991488E+03
       357, 4.875000000E-01, 3.075000000E-01, 1.076688281E+03
       358, 3.975000000E-01, 3.975000000E-01, 1.088808234E+03
       359, 3.825000000E-01, 4.125000000E-01, 1.090303889E+03
       360, 5.025000000E-01, 2.925000000E-01, 1.074335095E+03
       361, 4.275000000E-01, 3.525000000E-01, 1.085309995E+03
       362, 4.425000000E-01, 3.375000000E-01, 1.083328040E+03
       363, 4.575000000E-01, 3.225000000E-01, 1.081214141E+03
       364, 4.125000000E-01, 3.675000000E-01, 1.087141486E+03
       365, 3.975000000E-01, 3.825000000E-01, 1.088809145E+03
       366, 4.725000000E-01, 3.075000000E-01, 1.078991713E+03
       367, 4.875000000E-01, 2.925000000E-01, 1.076688402E+03
       368, 3.825000000E-01, 3.975000000E-01, 1.090304728E+03
       369, 3.675000000E-01, 4.124999999E-01, 1.091624573E+03
       370, 5.025000000E-01, 2.775000000E-01, 1.074335132E+03
       371, 4.275000000E-01, 3.375000000E-01, 1.085310708E+03
       372, 4.125000000E-01, 3.525000000E-01, 1.087142418E+03
       373, 4.425000000E-01, 3.225000000E-01, 1.083328554E+03
       374, 4.574999999E-01, 3.075000000E-01, 1.081214492E+03
       375, 3.975000000E-01, 3.675000000E-01, 1.088810302E+03
       376, 3.825000000E-01, 3.825000000E-01, 1.090305995E+03
       377, 4.724999999E-01, 2.925000000E-01, 1.078991933E+03
       378, 4.874999999E-01, 2.775000000E-01, 1.076688520E+03
       379, 3.674999999E-01, 3.974999995E-01, 1.091625703E+03
       380, 3.524999998E-01, 4.124999990E-01, 1.092769249E+03
       381, 5.024999999E-01, 2.625000000E-01, 1.074335168E+03
       382, 4.275000000E-01, 3.225000000E-01, 1.085311462E+03
       383, 4.125000000E-01, 3.375000000E-01, 1.087143454E+03
       384, 3.975000000E-01, 3.525000000E-01, 1.088811656E+03
       385, 4.424999999E-01, 3.075000000E-01, 1.083329082E+03
       386, 4.574999999E-01, 2.925000000E-01, 1.081214843E+03
       387, 3.825000000E-01, 3.674999999E-01, 1.090307676E+03
       388, 3.674999999E-01, 3.824999991E-01, 1.091627551E+03
       389, 4.724999995E-01, 2.774999999E-01, 1.078992149E+03
       390, 4.874999996E-01, 2.625000000E-01, 1.076688633E+03
       391, 3.524999998E-01, 3.974999970E-01, 1.092770861E+03
       392, 3.375000000E-01, 4.124999984E-01, 1.093739330E+03
       393, 5.024999999E-01, 2.475000000E-01, 1.074335202E+03
       394, 4.125000000E-01, 3.225000000E-01, 1.087144576E+03
       395, 4.274999998E-01, 3.075000000E-01, 1.085312253E+03
       396, 3.975000000E-01, 3.375000000E-01, 1.088813201E+03
       397, 3.825000000E-01, 3.524999999E-01, 1.090309710E+03
       398, 4.424999998E-01, 2.925000000E-01, 1.083329619E+03
       399, 4.574999990E-01, 2.774999999E-01, 1.081215191E+03
       400, 3.674999999E-01, 3.674999985E-01, 1.091630091E+03
       401, 3.524999997E-01, 3.824999947E-01, 1.092773677E+03
       402, 4.724999989E-01, 2.625000000E-01, 1.078992358E+03
       403, 4.874999993E-01, 2.475000000E-01, 1.076688741E+03
       404, 3.374999995E-01, 3.974999938E-01, 1.093741751E+03
       405, 3.224999991E-01, 4.124999960E-01, 1.094535657E+03
       406, 5.024999986E-01, 2.324999996E-01, 1.074335233E+03
       407, 3.974999999E-01, 3.224999999E-01, 1.088814909E+03
       408, 4.124999996E-01, 3.075000000E-01, 1.087145776E+03
       409, 4.274999996E-01, 2.925000000E-01, 1.085313073E+03
       410, 3.824999999E-01, 3.374999998E-01, 1.090312079E+03
       411, 3.674999998E-01, 3.524999976E-01, 1.091633246E+03
       412, 4.424999983E-01, 2.774999999E-01, 1.083330162E+03
       413, 4.574999980E-01, 2.625000000E-01, 1.081215535E+03
       414, 3.524999996E-01, 3.674999915E-01, 1.092777652E+03
       415, 3.374999996E-01, 3.824999873E-01, 1.093746190E+03
       416, 4.724999977E-01, 2.474999997E-01, 1.078992560E+03
       417, 4.874999955E-01, 2.324999996E-01, 1.076688842E+03
       418, 3.224999997E-01, 3.974999865E-01, 1.094539414E+03
       419, 3.075000007E-01, 4.124999957E-01, 1.095155276E+03
       420, 5.024999985E-01, 2.175000004E-01, 1.074335262E+03
       421, 3.974999994E-01, 3.074999999E-01, 1.088816763E+03
       422, 3.824999999E-01, 3.224999996E-01, 1.090314740E+03
       423, 4.124999994E-01, 2.925000000E-01, 1.087147040E+03
       424, 4.274999970E-01, 2.774999997E-01, 1.085313914E+03
       425, 3.674999997E-01, 3.374999964E-01, 1.091636974E+03
       426, 3.524999994E-01, 3.524999868E-01, 1.092782680E+03
       427, 4.424999966E-01, 2.625000000E-01, 1.083330705E+03
       428, 4.574999952E-01, 2.474999997E-01, 1.081215870E+03
       429, 3.374999992E-01, 3.674999785E-01, 1.093752570E+03
       430, 3.224999992E-01, 3.824999740E-01, 1.094546532E+03
       431, 4.724999908E-01, 2.324999997E-01, 1.078992753E+03
       432, 4.874999954E-01, 2.175000004E-01, 1.076688936E+03
       433, 3.075000007E-01, 3.974999869E-01, 1.095161113E+03
       434, 2.924999953E-01, 4.124999837E-01, 1.095587798E+03
       435, 5.024999927E-01, 2.024999977E-01, 1.074335290E+03
       436, 3.824999991E-01, 3.074999993E-01, 1.090317658E+03
       437, 3.974999990E-01, 2.924999999E-01, 1.088818738E+03
       438, 3.674999996E-01, 3.224999945E-01, 1.091641207E+03
       439, 4.124999947E-01, 2.774999996E-01, 1.087148352E+03
       440, 4.274999941E-01, 2.625000000E-01, 1.085314768E+03
       441, 3.524999990E-01, 3.374999800E-01, 1.092788678E+03
       442, 3.374999986E-01, 3.524999643E-01, 1.093760746E+03
       443, 4.424999917E-01, 2.474999996E-01, 1.083331243E+03
       444, 4.574999835E-01, 2.324999992E-01, 1.081216196E+03
       445, 3.224999987E-01, 3.674999552E-01, 1.094556905E+03
       446, 3.075000009E-01, 3.824999757E-01, 1.095172431E+03
       447, 4.724999895E-01, 2.174999999E-01, 1.078992934E+03
       448, 4.874999782E-01, 2.024999977E-01, 1.076689025E+03
       449, 2.924999954E-01, 3.974999513E-01, 1.095596431E+03
       450, 2.775000051E-01, 4.124999848E-01, 1.095814002E+03
       451, 5.024999926E-01, 1.875000023E-01, 1.074335313E+03
       452, 3.824999984E-01, 2.924999988E-01, 1.090320788E+03
       453, 3.674999985E-01, 3.074999922E-01, 1.091645875E+03
       454, 3.974999923E-01, 2.774999994E-01, 1.088820807E+03
       455, 3.524999985E-01, 3.224999700E-01, 1.092795532E+03
       456, 4.124999901E-01, 2.625000000E-01, 1.087149698E+03
       457, 4.274999859E-01, 2.474999993E-01, 1.085315624E+03
       458, 3.374999939E-01, 3.374999308E-01, 1.093770566E+03
       459, 3.224999977E-01, 3.524999240E-01, 1.094570341E+03
       460, 4.424999719E-01, 2.324999987E-01, 1.083331774E+03
       461, 4.574999734E-01, 2.174999983E-01, 1.081216507E+03
       462, 3.074999980E-01, 3.674999472E-01, 1.095189142E+03
       463, 2.924999938E-01, 3.824999123E-01, 1.095613469E+03
       464, 4.724999589E-01, 2.024999975E-01, 1.078993106E+03
       465, 4.874999749E-01, 1.875000012E-01, 1.076689102E+03
       466, 2.775000050E-01, 3.974999546E-01, 1.095825165E+03
       467, 5.024999682E-01, 1.724999896E-01, 1.074335336E+03
       468, 3.824999894E-01, 2.774999978E-01, 1.090324083E+03
       469, 3.674999975E-01, 2.924999894E-01, 1.091650901E+03
       470, 3.524999961E-01, 3.074999545E-01, 1.092803112E+03
       471, 3.974999838E-01, 2.624999991E-01, 1.088822943E+03
       472, 3.374999943E-01, 3.224998798E-01, 1.093781837E+03
       473, 4.124999765E-01, 2.474999988E-01, 1.087151060E+03
       474, 4.274999527E-01, 2.324999979E-01, 1.085316477E+03
       475, 3.224999919E-01, 3.374998379E-01, 1.094586601E+03
       476, 3.074999995E-01, 3.524998981E-01, 1.095211080E+03
       477, 4.424999476E-01, 2.174999989E-01, 1.083332288E+03
       478, 4.574999231E-01, 2.024999976E-01, 1.081216806E+03
       479, 2.924999937E-01, 3.674998431E-01, 1.095639048E+03
       480, 2.775000069E-01, 3.824999189E-01, 1.095847505E+03
       481, 4.724999511E-01, 1.875000019E-01, 1.078993259E+03
       482, 4.874999024E-01, 1.724999907E-01, 1.076689179E+03
       483, 5.024999684E-01, 1.575000105E-01, 1.074335352E+03
       484, 3.824999755E-01, 2.624999970E-01, 1.090327496E+03
       485, 3.674999864E-01, 2.774999862E-01, 1.091656200E+03
       486, 3.524999949E-01, 2.924999348E-01, 1.092811283E+03
       487, 3.374999851E-01, 3.074997969E-01, 1.093794327E+03
       488, 3.974999576E-01, 2.474999970E-01, 1.088825117E+03
       489, 3.224999919E-01, 3.224997052E-01, 1.094605380E+03
       490, 4.124999216E-01, 2.324999966E-01, 1.087152428E+03
       491, 4.274999097E-01, 2.174999980E-01, 1.085317313E+03
       492, 3.074999936E-01, 3.374997615E-01, 1.095237986E+03
       493, 2.924999875E-01, 3.524997307E-01, 1.095673337E+03
       494, 4.424998665E-01, 2.024999947E-01, 1.083332787E+03
       495, 4.574999150E-01, 1.875000026E-01, 1.081217077E+03
       496, 2.775000108E-01, 3.674998656E-01, 1.095881684E+03
       497, 4.724998213E-01, 1.724999869E-01, 1.078993413E+03
       498, 4.874999054E-01, 1.575000102E-01, 1.076689234E+03
       499, 5.024999799E-01, 1.424999934E-01, 1.074335362E+03
       500, 3.824999311E-01, 2.474999942E-01, 1.090330977E+03
       501, 3.674999655E-01, 2.624999827E-01, 1.091661688E+03
       502, 3.524999808E-01, 2.774999125E-01, 1.092819885E+03
       503, 3.374999842E-01, 2.924996831E-01, 1.093807782E+03
       504, 3.224999785E-01, 3.074994829E-01, 1.094626268E+03
       505, 3.974998608E-01, 2.324999923E-01, 1.088827309E+03
       506, 3.074999932E-01, 3.224995429E-01, 1.095269485E+03
       507, 4.124998467E-01, 2.174999963E-01, 1.087153779E+03
       508, 4.274997811E-01, 2.024999921E-01, 1.085318133E+03
       509, 2.924999940E-01, 3.374995186E-01, 1.095716475E+03
       510, 2.775000173E-01, 3.524997813E-01, 1.095928757E+03
       511, 4.424998547E-01, 1.875000034E-01, 1.083333248E+03
       512, 4.574997036E-01, 1.724999812E-01, 1.081217352E+03
       513, 4.724998296E-01, 1.575000140E-01, 1.078993526E+03
       514, 4.874999399E-01, 1.424999937E-01, 1.076689270E+03
       515, 5.024999796E-01, 1.275000065E-01, 1.074335370E+03
       516, 3.824997770E-01, 2.324999888E-01, 1.090334487E+03
       517, 3.674999012E-01, 2.474999785E-01, 1.091667277E+03
       518, 3.524999522E-01, 2.624998886E-01, 1.092828771E+03
       519, 3.374999613E-01, 2.774995393E-01, 1.093821911E+03
       520, 3.224999778E-01, 2.924991717E-01, 1.094648800E+03
       521, 3.074999669E-01, 3.074991223E-01, 1.095304968E+03
       522, 3.974997081E-01, 2.174999871E-01, 1.088829485E+03
       523, 2.924999788E-01, 3.224991801E-01, 1.095768536E+03
       524, 4.124996454E-01, 2.024999886E-01, 1.087155111E+03
       525, 4.274997092E-01, 1.874999891E-01, 1.085318908E+03
       526, 2.775000273E-01, 3.374996476E-01, 1.095990234E+03
       527, 4.424995215E-01, 1.724999718E-01, 1.083333718E+03
       528, 4.574996995E-01, 1.575000139E-01, 1.081217568E+03
       529, 4.724998883E-01, 1.424999904E-01, 1.078993610E+03
       530, 4.874999347E-01, 1.275000048E-01, 1.076689299E+03
       531, 3.824994940E-01, 2.174999779E-01, 1.090337976E+03
       532, 3.674996861E-01, 2.324999705E-01, 1.091672897E+03
       533, 3.524998700E-01, 2.474998633E-01, 1.092837780E+03
       534, 3.374999275E-01, 2.624993639E-01, 1.093836432E+03
       535, 3.224999611E-01, 2.774987946E-01, 1.094672404E+03
       536, 3.074999658E-01, 2.924985009E-01, 1.095343619E+03
       537, 2.925000011E-01, 3.074985865E-01, 1.095829236E+03
       538, 3.974994069E-01, 2.024999925E-01, 1.088831630E+03
       539, 2.775000427E-01, 3.224994376E-01, 1.096068346E+03
       540, 4.124994708E-01, 1.874999949E-01, 1.087156387E+03
       541, 4.274991918E-01, 1.724999735E-01, 1.085319692E+03
       542, 4.424994272E-01, 1.575000029E-01, 1.083334114E+03
       543, 4.574997830E-01, 1.424999901E-01, 1.081217738E+03
       544, 4.724998745E-01, 1.275000084E-01, 1.078993681E+03
       545, 3.674992587E-01, 2.174999618E-01, 1.091678466E+03
       546, 3.824990396E-01, 2.024999796E-01, 1.090341407E+03
       547, 3.524996008E-01, 2.324998367E-01, 1.092846782E+03
       548, 3.374998319E-01, 2.474991762E-01, 1.093851043E+03
       549, 3.224999095E-01, 2.624983000E-01, 1.094696502E+03
       550, 3.074998816E-01, 2.774975830E-01, 1.095384270E+03
       551, 2.924999664E-01, 2.924976816E-01, 1.095897797E+03
       552, 2.775000657E-01, 3.074991119E-01, 1.096166063E+03
       553, 3.974990365E-01, 1.874999562E-01, 1.088833706E+03
       554, 4.124986783E-01, 1.724999497E-01, 1.087157670E+03
       555, 4.274988611E-01, 1.574999725E-01, 1.085320393E+03
       556, 4.424995314E-01, 1.425000001E-01, 1.083334437E+03
       557, 4.574997770E-01, 1.275000140E-01, 1.081217885E+03
       558, 3.674985625E-01, 2.024999441E-01, 1.091683921E+03
       559, 3.524990308E-01, 2.174998086E-01, 1.092855640E+03
       560, 3.824983851E-01, 1.874999643E-01, 1.090344735E+03
       561, 3.374995274E-01, 2.324989684E-01, 1.093865499E+03
       562, 3.224998022E-01, 2.474976902E-01, 1.094720476E+03
       563, 3.074998658E-01, 2.624963200E-01, 1.095425524E+03
       564, 2.924999958E-01, 2.774962669E-01, 1.095972241E+03
       565, 2.775000998E-01, 2.924986137E-01, 1.096287714E+03
       566, 3.974978423E-01, 1.724999628E-01, 1.088835770E+03
       567, 4.124980282E-01, 1.574999972E-01, 1.087158851E+03
       568, 4.274989705E-01, 1.425000263E-01, 1.085320972E+03
       569, 4.424996067E-01, 1.275000233E-01, 1.083334711E+03
       570, 3.674974556E-01, 1.874999041E-01, 1.091689198E+03
       571, 3.524979842E-01, 2.024997681E-01, 1.092864252E+03
       572, 3.374988417E-01, 2.174987574E-01, 1.093879556E+03
       573, 3.824966192E-01, 1.724999140E-01, 1.090348012E+03
       574, 3.224994790E-01, 2.324969541E-01, 1.094743824E+03
       575, 3.074997458E-01, 2.474948057E-01, 1.095465802E+03
       576, 2.924998968E-01, 2.624942400E-01, 1.096048739E+03
       577, 2.775001467E-01, 2.774978650E-01, 1.096439160E+03
       578, 3.974968793E-01, 1.574999845E-01, 1.088837683E+03
       579, 4.124980973E-01, 1.424999908E-01, 1.087159851E+03
       580, 3.524962397E-01, 1.874997683E-01, 1.092872520E+03
       581, 3.674948938E-01, 1.724998975E-01, 1.091694331E+03
       582, 3.374974301E-01, 2.024985571E-01, 1.093893050E+03
       583, 3.224987194E-01, 2.174961193E-01, 1.094766104E+03
       584, 3.824951363E-01, 1.574999557E-01, 1.090351063E+03
       585, 3.074994098E-01, 2.324928538E-01, 1.095503939E+03
       586, 2.924997729E-01, 2.474915630E-01, 1.096119850E+03
       587, 2.774996297E-01, 2.624950688E-01, 1.096629078E+03
       588, 3.974967987E-01, 1.424999777E-01, 1.088839358E+03
       589, 3.524925999E-01, 1.724996966E-01, 1.092880453E+03
       590, 3.374950067E-01, 1.874984579E-01, 1.093905826E+03
       591, 3.674925540E-01, 1.574998987E-01, 1.091699119E+03
       592, 3.224970449E-01, 2.024952493E-01, 1.094787044E+03
       593, 3.074986096E-01, 2.174904410E-01, 1.095539143E+03
       594, 3.824946745E-01, 1.424999492E-01, 1.090353791E+03
       595, 2.924992968E-01, 2.324874502E-01, 1.096182863E+03
       596, 2.774996637E-01, 2.474900837E-01, 1.096762947E+03
       597, 2.625000002E-01, 2.624966675E-01, 1.097695413E+03
       598, 3.374898330E-01, 1.724983665E-01, 1.093917890E+03
       599, 3.524882828E-01, 1.574995334E-01, 1.092887876E+03
       600, 3.224937888E-01, 1.874944484E-01, 1.094806449E+03
       601, 3.674900989E-01, 1.424994935E-01, 1.091703555E+03
       602, 3.074967814E-01, 2.024876212E-01, 1.095571074E+03
       603, 2.924986522E-01, 2.174821713E-01, 1.096237172E+03
       604, 2.774996396E-01, 2.324838056E-01, 1.096859926E+03
       605, 2.624999518E-01, 2.474900114E-01, 1.097708973E+03
       606, 3.374822888E-01, 1.574983386E-01, 1.093929116E+03
       607, 3.224867211E-01, 1.724938477E-01, 1.094824345E+03
       608, 3.524826157E-01, 1.424997618E-01, 1.092894794E+03
       609, 3.074928981E-01, 1.874845451E-01, 1.095599614E+03
       610, 2.924968199E-01, 2.024761481E-01, 1.096283337E+03
       611, 2.774988595E-01, 2.174761551E-01, 1.096931797E+03
       612, 2.624997511E-01, 2.324829641E-01, 1.097726779E+03
       613, 3.224757004E-01, 1.574937103E-01, 1.094840680E+03
       614, 3.374713908E-01, 1.424980186E-01, 1.093939536E+03
       615, 3.074840043E-01, 1.724814811E-01, 1.095625004E+03
       616, 2.924926927E-01, 1.874690896E-01, 1.096322243E+03
       617, 2.774971842E-01, 2.024671895E-01, 1.096986189E+03
       618, 2.624991696E-01, 2.174746801E-01, 1.097744578E+03
       619, 2.774931673E-01, 1.874563299E-01, 1.097028073E+03
       620, 2.624976879E-01, 2.024643992E-01, 1.097760652E+03
       621, 2.624940131E-01, 1.874516301E-01, 1.097774509E+03
       622, 2.174690389E-01, 1.574857673E-01, 1.099920447E+03
       623, 2.024743503E-01, 1.574978383E-01, 1.100655507E+03
       624, 2.174894905E-01, 1.724896135E-01, 1.099946408E+03
       625, 1.874802662E-01, 1.575015436E-01, 1.101462003E+03
       626, 2.024917710E-01, 1.724987121E-01, 1.100676390E+03
       627, 2.324876721E-01, 1.724703707E-01, 1.099240507E+03
       628, 2.174968989E-01, 1.874925836E-01, 1.099978463E+03
       629, 1.724861935E-01, 1.575012344E-01, 1.102373149E+03
       630, 1.874940416E-01, 1.725013680E-01, 1.101476962E+03
       631, 2.024977392E-01, 1.874992865E-01, 1.100701105E+03
       632, 2.324961768E-01, 1.874780838E-01, 1.099272570E+03
       633, 2.174990361E-01, 2.024948441E-01, 1.100017118E+03
       634, 1.724961251E-01, 1.725009213E-01, 1.102383279E+03
       635, 1.574907898E-01, 1.575005431E-01, 1.103413925E+03
       636, 1.874984226E-01, 1.875010559E-01, 1.101494255E+03
       637, 2.024992767E-01, 2.024996665E-01, 1.100729428E+03
       638, 2.474952513E-01, 1.874598754E-01, 1.098526133E+03
       639, 2.324988283E-01, 2.024842061E-01, 1.099314209E+03
       640, 2.174997686E-01, 2.174965255E-01, 1.100063201E+03
       641, 1.574975473E-01, 1.725002883E-01, 1.103420560E+03
       642, 1.724989869E-01, 1.875006214E-01, 1.102394858E+03
       643, 1.424937629E-01, 1.575002893E-01, 1.104602305E+03
       644, 1.874994751E-01, 2.025008267E-01, 1.101513456E+03
       645, 2.024997996E-01, 2.174998901E-01, 1.100761272E+03
       646, 2.474984150E-01, 2.024708097E-01, 1.098539670E+03
       647, 2.324999383E-01, 2.174894145E-01, 1.099368483E+03
       648, 2.175000195E-01, 2.324976956E-01, 1.100117493E+03
       649, 1.574993540E-01, 1.875001613E-01, 1.103428123E+03
       650, 1.424983848E-01, 1.725000965E-01, 1.104606536E+03
       651, 1.724996688E-01, 2.025004594E-01, 1.102407467E+03
       652, 1.274961224E-01, 1.575002926E-01, 1.105950051E+03
       653, 1.874998346E-01, 2.175006300E-01, 1.101534316E+03
       654, 2.024999870E-01, 2.325000015E-01, 1.100796453E+03
       655, 2.474994543E-01, 2.174798796E-01, 1.098555643E+03
       656, 2.325000825E-01, 2.324933721E-01, 1.099440381E+03
       657, 2.175000648E-01, 2.474984889E-01, 1.100180509E+03
       658, 1.574998124E-01, 2.025001148E-01, 1.103436259E+03
       659, 1.424995923E-01, 1.875000549E-01, 1.104611383E+03
       660, 1.274989792E-01, 1.725000518E-01, 1.105952717E+03
       661, 1.724998942E-01, 2.175003371E-01, 1.102420886E+03
       662, 1.274909730E-01, 1.425001763E-01, 1.105947830E+03
       663, 1.124979852E-01, 1.575001661E-01, 1.107463150E+03
       664, 1.874999682E-01, 2.325004611E-01, 1.101556577E+03
       665, 2.025000228E-01, 2.475000483E-01, 1.100834594E+03
       666, 2.475000704E-01, 2.324870091E-01, 1.098573392E+03
       667, 2.325002344E-01, 2.474961556E-01, 1.099537331E+03
       668, 2.175000559E-01, 2.624990184E-01, 1.100251634E+03
       669, 1.424998902E-01, 2.025000279E-01, 1.104616571E+03
       670, 1.574999452E-01, 2.175000797E-01, 1.103444814E+03
       671, 1.274997716E-01, 1.875000247E-01, 1.105955779E+03
       672, 1.124993629E-01, 1.725000417E-01, 1.107464839E+03
       673, 1.724999745E-01, 2.325002378E-01, 1.102434924E+03
       674, 1.274845310E-01, 1.275002495E-01, 1.105945989E+03
       675, 1.124947006E-01, 1.425000971E-01, 1.107461810E+03
       676, 9.749895322E-02, 1.575000577E-01, 1.109141784E+03
       677, 1.874999979E-01, 2.475003291E-01, 1.101579934E+03
       678, 2.025000211E-01, 2.625000608E-01, 1.100874888E+03
       679, 2.475001490E-01, 2.474926023E-01, 1.098591198E+03
       680, 2.325001731E-01, 2.624983815E-01, 1.099671283E+03
       681, 2.175000385E-01, 2.774993683E-01, 1.100328152E+03
       682, 1.424999696E-01, 2.175000185E-01, 1.104621989E+03
       683, 1.274999288E-01, 2.025000081E-01, 1.105959058E+03
       684, 1.574999869E-01, 2.325000532E-01, 1.103453657E+03
       685, 1.124998753E-01, 1.875000114E-01, 1.107466747E+03
       686, 9.749959634E-02, 1.725000387E-01, 1.109142835E+03
       687, 1.724999940E-01, 2.475001652E-01, 1.102449389E+03
       688, 1.124898315E-01, 1.275001412E-01, 1.107460806E+03
       689, 9.749689696E-02, 1.425001591E-01, 1.109140997E+03
       690, 8.249936882E-02, 1.575000375E-01, 1.110980097E+03
       691, 1.875000020E-01, 2.625002285E-01, 1.101603931E+03
       692, 2.025000117E-01, 2.775000569E-01, 1.100916165E+03
       693, 2.475003025E-01, 2.624976459E-01, 1.098604738E+03
       694, 2.324999584E-01, 2.774994043E-01, 1.099861126E+03
       695, 2.175000241E-01, 2.924996043E-01, 1.100402614E+03
       696, 1.424999920E-01, 2.325000124E-01, 1.104627550E+03
       697, 1.274999806E-01, 2.175000045E-01, 1.105962468E+03
       698, 1.124999556E-01, 2.025000063E-01, 1.107468801E+03
       699, 1.574999985E-01, 2.475000358E-01, 1.103462670E+03
       700, 9.749992368E-02, 1.875000145E-01, 1.109144008E+03
       701, 8.249974588E-02, 1.725000271E-01, 1.110980725E+03
       702, 1.724999982E-01, 2.625001125E-01, 1.102464025E+03
       703, 9.749385026E-02, 1.275002755E-01, 1.109140440E+03
       704, 8.249810430E-02, 1.425001086E-01, 1.110979650E+03
       705, 6.749962267E-02, 1.575000135E-01, 1.112966253E+03
       706, 1.875000012E-01, 2.775001503E-01, 1.101628056E+03
       707, 2.025000105E-01, 2.925000470E-01, 1.100956838E+03
       708, 2.324999721E-01, 2.924996143E-01, 1.100012671E+03
       709, 2.175000183E-01, 3.074997564E-01, 1.100471205E+03
       710, 1.274999949E-01, 2.325000026E-01, 1.105965959E+03
       711, 1.424999988E-01, 2.475000083E-01, 1.104633183E+03
       712, 1.124999888E-01, 2.175000039E-01, 1.107470936E+03
       713, 9.749997329E-02, 2.025000092E-01, 1.109145281E+03
       714, 1.575000008E-01, 2.625000235E-01, 1.103471705E+03
       715, 8.249995307E-02, 1.875000103E-01, 1.110981436E+03
       716, 6.749984239E-02, 1.725000115E-01, 1.112966619E+03
       717, 1.724999956E-01, 2.775000698E-01, 1.102478576E+03
       718, 8.249681682E-02, 1.275001521E-01, 1.110979283E+03
       719, 6.749885128E-02, 1.425000563E-01, 1.112966011E+03
       720, 5.249977536E-02, 1.575000066E-01, 1.115082707E+03
       721, 1.874999980E-01, 2.925000852E-01, 1.101651691E+03
       722, 2.025000028E-01, 3.075000349E-01, 1.100995517E+03
       723, 2.324999817E-01, 3.074997532E-01, 1.100134301E+03
       724, 2.175000119E-01, 3.224998478E-01, 1.100531933E+03
       725, 1.274999991E-01, 2.475000015E-01, 1.105969484E+03
       726, 1.124999968E-01, 2.325000018E-01, 1.107473123E+03
       727, 1.425000003E-01, 2.625000053E-01, 1.104638799E+03
       728, 9.749999420E-02, 2.175000047E-01, 1.109146611E+03
       729, 8.249998348E-02, 2.025000064E-01, 1.110982217E+03
       730, 1.574999998E-01, 2.775000154E-01, 1.103480623E+03
       731, 6.749997191E-02, 1.875000026E-01, 1.112967040E+03
       732, 5.249990315E-02, 1.725000067E-01, 1.115082913E+03
       733, 1.724999973E-01, 2.925000352E-01, 1.102492737E+03
       734, 6.749833180E-02, 1.274999973E-01, 1.112965788E+03
       735, 5.249930691E-02, 1.425000341E-01, 1.115082584E+03
       736, 3.749986812E-02, 1.575000037E-01, 1.117306669E+03
       737, 1.874999989E-01, 3.075000452E-01, 1.101674256E+03
       738, 2.025000017E-01, 3.225000237E-01, 1.101031032E+03
       739, 2.324999882E-01, 3.224998439E-01, 1.100232105E+03
       740, 2.175000079E-01, 3.374999056E-01, 1.100584032E+03
       741, 1.274999999E-01, 2.625000009E-01, 1.105972993E+03
       742, 1.124999995E-01, 2.475000010E-01, 1.107475333E+03
       743, 9.749999800E-02, 2.325000024E-01, 1.109147978E+03
       744, 1.425000000E-01, 2.775000035E-01, 1.104644320E+03
       745, 8.249999656E-02, 2.175000035E-01, 1.110983040E+03
       746, 6.749999044E-02, 2.025000017E-01, 1.112967514E+03
       747, 1.574999994E-01, 2.925000088E-01, 1.103489260E+03
       748, 5.249998323E-02, 1.875000011E-01, 1.115083157E+03
       749, 3.749994162E-02, 1.725000044E-01, 1.117306779E+03
       750, 1.724999992E-01, 3.075000170E-01, 1.102506229E+03
       751, 5.249900578E-02, 1.274999941E-01, 1.115082474E+03
       752, 3.749958849E-02, 1.425000219E-01, 1.117306612E+03
       753, 2.249993522E-02, 1.575000047E-01, 1.119610884E+03
       754, 1.874999992E-01, 3.225000277E-01, 1.101695179E+03
       755, 2.025000014E-01, 3.375000137E-01, 1.101062567E+03
       756, 2.324999924E-01, 3.374999023E-01, 1.100310222E+03
       757, 2.175000051E-01, 3.524999414E-01, 1.100627207E+03
       758, 1.124999999E-01, 2.625000004E-01, 1.107477536E+03
       759, 1.274999999E-01, 2.775000005E-01, 1.105976439E+03
       760, 9.749999973E-02, 2.475000012E-01, 1.109149367E+03
       761, 8.249999874E-02, 2.325000017E-01, 1.110983893E+03
       762, 1.424999998E-01, 2.925000020E-01, 1.104649655E+03
       763, 6.749999859E-02, 2.175000007E-01, 1.112968018E+03
       764, 5.249999420E-02, 2.025000007E-01, 1.115083438E+03
       765, 1.574999998E-01, 3.075000043E-01, 1.103497468E+03
       766, 3.749999010E-02, 1.875000006E-01, 1.117306914E+03
       767, 2.249996801E-02, 1.725000030E-01, 1.119610937E+03
       768, 1.724999995E-01, 3.225000101E-01, 1.102518757E+03
       769, 3.749946449E-02, 1.275000112E-01, 1.117306557E+03
       770, 2.249977980E-02, 1.425000133E-01, 1.119610862E+03
       771, 7.499983531E-03, 1.574999992E-01, 1.121964687E+03
       772, 1.874999991E-01, 3.375000142E-01, 1.101713996E+03
       773, 2.025000005E-01, 3.525000057E-01, 1.101089511E+03
       774, 2.324999952E-01, 3.524999394E-01, 1.100371769E+03
       775, 2.175000031E-01, 3.674999638E-01, 1.100661537E+03
       776, 1.124999999E-01, 2.775000003E-01, 1.107479705E+03
       777, 9.749999991E-02, 2.625000005E-01, 1.109150757E+03
       778, 1.275000000E-01, 2.925000004E-01, 1.105979771E+03
       779, 8.249999976E-02, 2.475000009E-01, 1.110984767E+03
       780, 6.749999938E-02, 2.325000005E-01, 1.112968549E+03
       781, 1.424999999E-01, 3.075000009E-01, 1.104654720E+03
       782, 5.249999916E-02, 2.175000002E-01, 1.115083742E+03
       783, 3.749999660E-02, 2.025000004E-01, 1.117307074E+03
       784, 1.574999998E-01, 3.225000024E-01, 1.103505089E+03
       785, 2.249999512E-02, 1.875000006E-01, 1.119611004E+03
       786, 7.499989702E-03, 1.725000031E-01, 1.121964703E+03
       787, 1.724999995E-01, 3.375000049E-01, 1.102530070E+03
       788, 2.249976570E-02, 1.274999919E-01, 1.119610833E+03
       789, 7.499931547E-03, 1.425000184E-01, 1.121964682E+03
       790, 1.874999995E-01, 3.525000050E-01, 1.101730297E+03
       791, 2.025000001E-01, 3.675000024E-01, 1.101111489E+03
       792, 2.324999970E-01, 3.674999628E-01, 1.100418869E+03
       793, 2.175000020E-01, 3.824999782E-01, 1.100687155E+03
       794, 1.125000000E-01, 2.925000001E-01, 1.107481809E+03
       795, 9.749999995E-02, 2.775000003E-01, 1.109152134E+03
       796, 8.249999992E-02, 2.625000004E-01, 1.110985649E+03
       797, 1.275000000E-01, 3.075000002E-01, 1.105982941E+03
       798, 6.749999994E-02, 2.475000003E-01, 1.112969097E+03
       799, 5.249999962E-02, 2.325000001E-01, 1.115084068E+03
       800, 1.425000000E-01, 3.225000004E-01, 1.104659431E+03
       801, 3.749999957E-02, 2.175000001E-01, 1.117307251E+03
       802, 2.249999818E-02, 2.025000003E-01, 1.119611086E+03
       803, 1.574999998E-01, 3.375000013E-01, 1.103511987E+03
       804, 7.499998769E-03, 1.875000001E-01, 1.121964723E+03
       805, 1.724999999E-01, 3.525000018E-01, 1.102539933E+03
       806, 7.499931291E-03, 1.274999819E-01, 1.121964674E+03
       807, 1.875000000E-01, 3.675000021E-01, 1.101743777E+03
       808, 2.025000000E-01, 3.825000014E-01, 1.101128244E+03
       809, 2.324999981E-01, 3.824999776E-01, 1.100453102E+03
       810, 2.175000014E-01, 3.974999878E-01, 1.100704241E+03
       811, 1.125000000E-01, 3.075000001E-01, 1.107483823E+03
       812, 9.749999998E-02, 2.925000001E-01, 1.109153481E+03
       813, 8.249999996E-02, 2.775000002E-01, 1.110986531E+03
       814, 6.749999995E-02, 2.625000001E-01, 1.112969658E+03
       815, 1.275000000E-01, 3.225000001E-01, 1.105985901E+03
       816, 5.249999998E-02, 2.475000001E-01, 1.115084409E+03
       817, 3.749999977E-02, 2.325000001E-01, 1.117307444E+03
       818, 1.425000000E-01, 3.375000002E-01, 1.104663709E+03
       819, 2.249999983E-02, 2.175000001E-01, 1.119611178E+03
       820, 7.499999399E-03, 2.025000002E-01, 1.121964748E+03
       821, 1.575000000E-01, 3.525000005E-01, 1.103518032E+03
       822, 1.725000000E-01, 3.675000010E-01, 1.102548157E+03
       823, 1.875000000E-01, 3.825000012E-01, 1.101754197E+03
       824, 2.025000000E-01, 3.975000007E-01, 1.101139614E+03
       825, 2.324999986E-01, 3.974999874E-01, 1.100475511E+03
       826, 2.175000015E-01, 4.124999959E-01, 1.100712925E+03
       827, 9.750000000E-02, 3.075000001E-01, 1.109154782E+03
       828, 1.125000000E-01, 3.225000000E-01, 1.107485720E+03
       829, 8.249999999E-02, 2.925000001E-01, 1.110987403E+03
       830, 6.749999998E-02, 2.775000001E-01, 1.112970226E+03
       831, 5.249999997E-02, 2.625000000E-01, 1.115084762E+03
       832, 1.275000000E-01, 3.375000001E-01, 1.105988609E+03
       833, 3.749999999E-02, 2.475000000E-01, 1.117307648E+03
       834, 2.249999987E-02, 2.325000000E-01, 1.119611279E+03
       835, 1.425000000E-01, 3.525000001E-01, 1.104667486E+03
       836, 7.499999950E-03, 2.175000000E-01, 1.121964776E+03
       837, 1.575000000E-01, 3.675000003E-01, 1.103523111E+03
       838, 1.725000000E-01, 3.825000006E-01, 1.102554589E+03
       839, 1.875000000E-01, 3.975000006E-01, 1.101761374E+03
       840, 2.025000000E-01, 4.125000002E-01, 1.101145510E+03
       841, 2.324999986E-01, 4.124999958E-01, 1.100486722E+03
       842, 9.750000000E-02, 3.225000000E-01, 1.109156022E+03
       843, 8.249999999E-02, 3.075000001E-01, 1.110988257E+03
       844, 1.125000000E-01, 3.375000000E-01, 1.107487474E+03
       845, 6.749999999E-02, 2.925000000E-01, 1.112970795E+03
       846, 5.249999999E-02, 2.775000000E-01, 1.115085126E+03
       847, 3.749999998E-02, 2.625000000E-01, 1.117307863E+03
       848, 1.275000000E-01, 3.525000000E-01, 1.105991027E+03
       849, 2.250000000E-02, 2.475000000E-01, 1.119611388E+03
       850, 7.499999955E-03, 2.325000000E-01, 1.121964808E+03
       851, 1.425000000E-01, 3.675000001E-01, 1.104670695E+03
       852, 1.575000000E-01, 3.825000002E-01, 1.103527141E+03
       853, 1.725000000E-01, 3.975000003E-01, 1.102559092E+03
       854, 1.875000000E-01, 4.125000002E-01, 1.101765197E+03
       855, 9.750000000E-02, 3.375000000E-01, 1.109157189E+03
       856, 8.250000000E-02, 3.225000000E-01, 1.110989086E+03
       857, 6.750000000E-02, 3.075000000E-01, 1.112971362E+03
       858, 1.125000000E-01, 3.525000000E-01, 1.107489068E+03
       859, 5.250000000E-02, 2.925000000E-01, 1.115085496E+03
       860, 3.749999999E-02, 2.775000000E-01, 1.117308088E+03
       861, 2.249999999E-02, 2.625000000E-01, 1.119611504E+03
       862, 1.275000000E-01, 3.675000000E-01, 1.105993116E+03
       863, 7.499999998E-03, 2.475000000E-01, 1.121964842E+03
       864, 1.425000000E-01, 3.825000000E-01, 1.104673293E+03
       865, 1.575000000E-01, 3.975000001E-01, 1.103530026E+03
       866, 1.725000000E-01, 4.125000001E-01, 1.102561586E+03
       867, 8.250000000E-02, 3.375000000E-01, 1.110989880E+03
       868, 9.750000000E-02, 3.525000000E-01, 1.109158272E+03
       869, 6.750000000E-02, 3.225000000E-01, 1.112971921E+03
       870, 5.250000000E-02, 3.075000000E-01, 1.115085871E+03
       871, 1.125000000E-01, 3.675000000E-01, 1.107490476E+03
       872, 3.750000000E-02, 2.925000000E-01, 1.117308319E+03
       873, 2.250000000E-02, 2.775000000E-01, 1.119611626E+03
       874, 7.499999997E-03, 2.625000000E-01, 1.121964878E+03
       875, 1.275000000E-01, 3.825000000E-01, 1.105994856E+03
       876, 1.425000000E-01, 3.975000000E-01, 1.104675212E+03
       877, 1.575000000E-01, 4.125000000E-01, 1.103531717E+03
       878, 6.750000000E-02, 3.375000000E-01, 1.112972471E+03
       879, 8.250000000E-02, 3.525000000E-01, 1.110990638E+03
       880, 9.750000000E-02, 3.675000000E-01, 1.109159256E+03
       881, 5.250000000E-02, 3.225000000E-01, 1.115086248E+03
       882, 3.750000000E-02, 3.075000000E-01, 1.117308558E+03
       883, 1.125000000E-01, 3.825000000E-01, 1.107491692E+03
       884, 2.250000000E-02, 2.925000000E-01, 1.119611754E+03
       885, 7.499999998E-03, 2.775000000E-01, 1.121964917E+03
       886, 1.275000000E-01, 3.975000000E-01, 1.105996195E+03
       887, 1.425000000E-01, 4.125000000E-01, 1.104676426E+03
       888, 6.750000000E-02, 3.525000000E-01, 1.112973005E+03
       889, 5.250000000E-02, 3.375000000E-01, 1.115086627E+03
       890, 8.250000000E-02, 3.675000000E-01, 1.110991347E+03
       891, 9.750000000E-02, 3.825000000E-01, 1.109160143E+03
       892, 3.750000000E-02, 3.225000000E-01, 1.117308802E+03
       893, 2.250000000E-02, 3.075000000E-01, 1.119611887E+03
       894, 1.125000000E-01, 3.975000000E-01, 1.107492675E+03
       895, 7.499999999E-03, 2.925000000E-01, 1.121964958E+03
       896, 1.275000000E-01, 4.125000000E-01, 1.105997120E+03
       897, 6.750000000E-02, 3.675000000E-01, 1.112973530E+03
       898, 5.250000000E-02, 3.525000000E-01, 1.115087003E+03
       899, 3.750000000E-02, 3.375000000E-01, 1.117309051E+03
       900, 8.250000000E-02, 3.825000000E-01, 1.110992015E+03
       901, 9.750000000E-02, 3.975000000E-01, 1.109160895E+03
       902, 2.250000000E-02, 3.225000000E-01, 1.119612025E+03
       903, 7.500000000E-03, 3.075000000E-01, 1.121965001E+03
       904, 1.125000000E-01, 4.125000000E-01, 1.107493416E+03
       905, 5.250000000E-02, 3.675000000E-01, 1.115087384E+03
       906, 6.750000000E-02, 3.825000000E-01, 1.112974029E+03
       907, 3.750000000E-02, 3.525000000E-01, 1.117309304E+03
       908, 2.250000000E-02, 3.375000000E-01, 1.119612167E+03
       909, 8.250000000E-02, 3.975000000E-01, 1.110992609E+03
       910, 9.750000000E-02, 4.125000000E-01, 1.109161510E+03
       911, 7.500000000E-03, 3.225000000E-01, 1.121965045E+03
       912, 3.750000000E-02, 3.675000000E-01, 1.117309565E+03
       913, 5.250000000E-02, 3.825000000E-01, 1.115087760E+03
       914, 6.750000000E-02, 3.975000000E-01, 1.112974531E+03
       915, 2.250000000E-02, 3.525000000E-01, 1.119612316E+03
       916, 7.500000000E-03, 3.375000000E-01, 1.121965092E+03
       917, 8.250000000E-02, 4.125000000E-01, 1.110993128E+03
       918, 3.750000000E-02, 3.825000000E-01, 1.117309828E+03
       919, 2.250000000E-02, 3.675000000E-01, 1.119612467E+03
       920, 5.250000000E-02, 3.975000000E-01, 1.115088149E+03
       921, 6.750000000E-02, 4.125000000E-01, 1.112974973E+03
       922, 7.500000000E-03, 3.525000000E-01, 1.121965140E+03
       923, 3.750000000E-02, 3.975000000E-01, 1.117310107E+03
       924, 2.250000000E-02, 3.825000000E-01, 1.119612627E+03
       925, 7.500000000E-03, 3.675000000E-01, 1.121965191E+03
       926, 5.250000000E-02, 4.125000000E-01, 1.115088500E+03
       927, 2.250000000E-02, 3.975000000E-01, 1.119612784E+03
       928, 3.750000000E-02, 4.125000000E-01, 1.117310361E+03
       929, 7.500000000E-03, 3.825000000E-01, 1.121965243E+03
       930, 7.500000000E-03, 3.975000000E-01, 1.121965299E+03
       931, 2.250000000E-02, 4.125000000E-01, 1.119612935E+03
       932, 7.500000000E-03, 4.125000000E-01, 1.121965351E+03
