cellnumber,    x-coordinate,    y-coordinate,     temperature
         1, 7.499955596E-03, 7.499985174E-03, 1.122454973E+03
         2, 2.249986720E-02, 7.499985246E-03, 1.121065220E+03
         3, 7.499923154E-03, 2.250000395E-02, 1.122455011E+03
         4, 2.249977006E-02, 2.250000381E-02, 1.121065338E+03
         5, 3.749976769E-02, 7.499981377E-03, 1.119676278E+03
         6, 7.499945085E-03, 3.750000333E-02, 1.122455084E+03
         7, 2.249983563E-02, 3.750000328E-02, 1.121065567E+03
         8, 3.749959090E-02, 2.250000258E-02, 1.119676494E+03
         9, 5.249963340E-02, 7.499973379E-03, 1.118288452E+03
        10, 7.499953010E-03, 5.249999930E-02, 1.122455198E+03
        11, 3.749961187E-02, 3.749997531E-02, 1.119676918E+03
        12, 2.249980262E-02, 5.249998035E-02, 1.121065928E+03
        13, 5.249933150E-02, 2.249999950E-02, 1.118288798E+03
        14, 6.749944054E-02, 7.499961317E-03, 1.116901673E+03
        15, 7.499906384E-03, 6.749998511E-02, 1.122455354E+03
        16, 5.249924452E-02, 3.749998416E-02, 1.118289479E+03
        17, 3.749949708E-02, 5.250001446E-02, 1.119677577E+03
        18, 2.249966234E-02, 6.750000382E-02, 1.121066417E+03
        19, 6.749893295E-02, 2.249999427E-02, 1.116902200E+03
        20, 8.249916225E-02, 7.499944646E-03, 1.115515311E+03
        21, 7.499900377E-03, 8.250001282E-02, 1.122455543E+03
        22, 5.249903729E-02, 5.249999129E-02, 1.118290518E+03
        23, 6.749871647E-02, 3.749997294E-02, 1.116903225E+03
        24, 3.749932809E-02, 6.749999386E-02, 1.119678453E+03
        25, 2.249963103E-02, 8.249998962E-02, 1.121067009E+03
        26, 8.249811426E-02, 2.249991600E-02, 1.115516112E+03
        27, 9.749876837E-02, 7.499918547E-03, 1.114127962E+03
        28, 7.499909761E-03, 9.749999039E-02, 1.122455764E+03
        29, 5.249883377E-02, 6.749998350E-02, 1.118291890E+03
        30, 6.749834675E-02, 5.249998690E-02, 1.116904776E+03
        31, 8.249728112E-02, 3.749990664E-02, 1.115517648E+03
        32, 3.749925778E-02, 8.250000280E-02, 1.119679524E+03
        33, 2.249965915E-02, 9.750001367E-02, 1.121067701E+03
        34, 9.749689965E-02, 2.249992995E-02, 1.114129149E+03
        35, 1.124982233E-01, 7.499880770E-03, 1.112737185E+03
        36, 7.499933227E-03, 1.125000177E-01, 1.122456015E+03
        37, 6.749800766E-02, 6.749997587E-02, 1.116906819E+03
        38, 5.249871348E-02, 8.249999685E-02, 1.118293572E+03
        39, 8.249640037E-02, 5.249995775E-02, 1.115519926E+03
        40, 9.749464125E-02, 3.749974941E-02, 1.114131440E+03
        41, 3.749930728E-02, 9.750000369E-02, 1.119680773E+03
        42, 2.249977068E-02, 1.125000083E-01, 1.121068482E+03
        43, 1.124950260E-01, 2.249976359E-02, 1.112738919E+03
        44, 1.274974942E-01, 7.499841780E-03, 1.111339200E+03
        45, 8.249620045E-02, 6.750011878E-02, 1.115522853E+03
        46, 6.749743968E-02, 8.249987561E-02, 1.116909354E+03
        47, 5.249879258E-02, 9.750000270E-02, 1.118295534E+03
        48, 9.749295079E-02, 5.250009199E-02, 1.114134722E+03
        49, 1.124910611E-01, 3.749987031E-02, 1.112742214E+03
        50, 3.749946500E-02, 1.124999916E-01, 1.119682186E+03
        51, 1.274924699E-01, 2.249977128E-02, 1.111341672E+03
        52, 1.424965448E-01, 7.499773009E-03, 1.109928581E+03
        53, 8.249539710E-02, 8.249994488E-02, 1.115526517E+03
        54, 9.749332976E-02, 6.750000844E-02, 1.114138826E+03
        55, 6.749756315E-02, 9.750012743E-02, 1.116912267E+03
        56, 5.249898224E-02, 1.125000120E-01, 1.118297759E+03
        57, 1.124879351E-01, 5.249966386E-02, 1.112746895E+03
        58, 1.274865248E-01, 3.749967472E-02, 1.111346285E+03
        59, 1.424893897E-01, 2.249961866E-02, 1.109931992E+03
        60, 1.574953937E-01, 7.499716511E-03, 1.108497996E+03
        61, 8.249558333E-02, 9.750007633E-02, 1.115530729E+03
        62, 9.749250690E-02, 8.249991484E-02, 1.114144009E+03
        63, 1.124876360E-01, 6.749987580E-02, 1.112752735E+03
        64, 6.749824947E-02, 1.125000211E-01, 1.116915536E+03
        65, 1.274813489E-01, 5.249977441E-02, 1.111352849E+03
        66, 1.424806989E-01, 3.749946052E-02, 1.109938333E+03
        67, 1.574854751E-01, 2.249948552E-02, 1.108502583E+03
        68, 1.724939737E-01, 7.499501138E-03, 1.107038202E+03
        69, 9.749201079E-02, 9.749984519E-02, 1.114150076E+03
        70, 8.249661677E-02, 1.124999130E-01, 1.115535455E+03
        71, 1.124861334E-01, 8.249986831E-02, 1.112760051E+03
        72, 1.274794326E-01, 6.749984795E-02, 1.111361081E+03
        73, 1.424730861E-01, 5.249956250E-02, 1.109947324E+03
        74, 1.574731319E-01, 3.749928730E-02, 1.108511089E+03
        75, 1.724808214E-01, 2.249897925E-02, 1.107044142E+03
        76, 1.874924709E-01, 7.498971058E-03, 1.105538547E+03
        77, 1.124856124E-01, 9.750028579E-02, 1.112768572E+03
        78, 9.749265312E-02, 1.125000767E-01, 1.114156888E+03
        79, 1.274769609E-01, 8.249984601E-02, 1.111371271E+03
        80, 1.424687064E-01, 6.749932075E-02, 1.109958711E+03
        81, 1.574622433E-01, 5.249937251E-02, 1.108523117E+03
        82, 1.724642180E-01, 3.749866287E-02, 1.107055131E+03
        83, 1.874758242E-01, 2.249741931E-02, 1.105545847E+03
        84, 2.024908657E-01, 7.497785422E-03, 1.103988614E+03
        85, 1.124871011E-01, 1.125000462E-01, 1.112778119E+03
        86, 1.274758805E-01, 9.749964769E-02, 1.111383153E+03
        87, 1.424650488E-01, 8.250010695E-02, 1.109972661E+03
        88, 1.574546187E-01, 6.749945684E-02, 1.108538459E+03
        89, 1.724491027E-01, 5.249858209E-02, 1.107070687E+03
        90, 1.874547548E-01, 3.749614649E-02, 1.105559295E+03
        91, 2.024717039E-01, 2.249419619E-02, 1.103996841E+03
        92, 2.174897755E-01, 7.496316737E-03, 1.102381331E+03
        93, 1.274790881E-01, 1.125005544E-01, 1.111396358E+03
        94, 1.424633139E-01, 9.749993175E-02, 1.109988970E+03
        95, 1.574493720E-01, 8.249972675E-02, 1.108557143E+03
        96, 1.724383088E-01, 6.749876902E-02, 1.107090544E+03
        97, 1.874350068E-01, 5.249541180E-02, 1.105578378E+03
        98, 2.024477671E-01, 3.749104757E-02, 1.104011910E+03
        99, 2.174686054E-01, 2.248953227E-02, 1.102389613E+03
       100, 2.324889637E-01, 7.494682677E-03, 1.100717899E+03
       101, 1.424678540E-01, 1.125003149E-01, 1.110007120E+03
       102, 1.574476843E-01, 9.749995432E-02, 1.108578988E+03
       103, 1.724306884E-01, 8.249914969E-02, 1.107114818E+03
       104, 1.874203939E-01, 6.749539571E-02, 1.105602816E+03
       105, 2.024239071E-01, 5.248843266E-02, 1.104033478E+03
       106, 2.174428680E-01, 3.748339975E-02, 1.102404533E+03
       107, 2.324674083E-01, 2.248431148E-02, 1.100724778E+03
       108, 2.474892422E-01, 7.493210868E-03, 1.099012051E+03
       109, 1.424768904E-01, 1.275002944E-01, 1.110027143E+03
       110, 1.574538650E-01, 1.125005244E-01, 1.108603489E+03
       111, 1.724269300E-01, 9.749946307E-02, 1.107143439E+03
       112, 1.874100996E-01, 8.249602396E-02, 1.105632824E+03
       113, 2.024057169E-01, 6.748740874E-02, 1.104061217E+03
       114, 2.174159309E-01, 5.247769726E-02, 1.102425990E+03
       115, 2.324421641E-01, 3.747373673E-02, 1.100736684E+03
       116, 2.474687797E-01, 2.247932767E-02, 1.099016057E+03
       117, 2.624905080E-01, 7.493239412E-03, 1.097290270E+03
       118, 1.424858256E-01, 1.425004067E-01, 1.110049299E+03
       119, 1.574653141E-01, 1.275001580E-01, 1.108630770E+03
       120, 1.724346177E-01, 1.125007029E-01, 1.107175652E+03
       121, 1.874032779E-01, 9.749699036E-02, 1.105668641E+03
       122, 2.023925146E-01, 8.248783595E-02, 1.104095536E+03
       123, 2.173940635E-01, 6.747430115E-02, 1.102453714E+03
       124, 2.324117737E-01, 5.246262526E-02, 1.100754060E+03
       125, 2.474456378E-01, 3.746546862E-02, 1.099022103E+03
       126, 2.624718437E-01, 2.247857775E-02, 1.097290763E+03
       127, 2.774926780E-01, 7.495459408E-03, 1.095584170E+03
       128, 1.574779493E-01, 1.425010107E-01, 1.108661053E+03
       129, 1.724493440E-01, 1.275008144E-01, 1.107211847E+03
       130, 1.874121930E-01, 1.124991289E-01, 1.105709205E+03
       131, 2.023819474E-01, 9.748884770E-02, 1.104137108E+03
       132, 2.173778400E-01, 8.247271811E-02, 1.102488201E+03
       133, 2.323849822E-01, 6.745445197E-02, 1.100776352E+03
       134, 2.474138610E-01, 5.245092885E-02, 1.099031004E+03
       135, 2.624516946E-01, 3.746268371E-02, 1.097289733E+03
       136, 2.774776818E-01, 2.248480481E-02, 1.095581415E+03
       137, 2.924945534E-01, 7.498190786E-03, 1.093920380E+03
       138, 1.724667949E-01, 1.425013993E-01, 1.107252341E+03
       139, 1.874315384E-01, 1.275001377E-01, 1.105755226E+03
       140, 2.023902458E-01, 1.124910166E-01, 1.104184742E+03
       141, 2.173632834E-01, 9.747182334E-02, 1.102530626E+03
       142, 2.323663316E-01, 8.244699358E-02, 1.100803633E+03
       143, 2.473839429E-01, 6.743643892E-02, 1.099041749E+03
       144, 2.624218657E-01, 5.244551100E-02, 1.097288040E+03
       145, 2.774617142E-01, 3.747324616E-02, 1.095574184E+03
       146, 2.924825409E-01, 2.249352450E-02, 1.093915720E+03
       147, 3.074963940E-01, 7.499586429E-03, 1.092312734E+03
       148, 1.874544845E-01, 1.425014031E-01, 1.105807516E+03
       149, 2.024136008E-01, 1.274938021E-01, 1.104239436E+03
       150, 2.173691661E-01, 1.124732361E-01, 1.102579864E+03
       151, 2.323507123E-01, 9.744369065E-02, 1.100837308E+03
       152, 2.473628899E-01, 8.242220019E-02, 1.099053755E+03
       153, 2.623934291E-01, 6.742892659E-02, 1.097284274E+03
       154, 2.774365827E-01, 5.246096224E-02, 1.095563153E+03
       155, 2.924699451E-01, 3.748876395E-02, 1.093904991E+03
       156, 3.074878955E-01, 2.249793842E-02, 1.092307416E+03
       157, 3.224978866E-01, 7.500086182E-03, 1.090762449E+03
       158, 2.024424568E-01, 1.424962136E-01, 1.104302821E+03
       159, 2.173955933E-01, 1.274765478E-01, 1.102637053E+03
       160, 2.323534133E-01, 1.124415938E-01, 1.100876672E+03
       161, 2.473453726E-01, 9.741176187E-02, 1.099067974E+03
       162, 2.623735695E-01, 8.241297400E-02, 1.097277365E+03
       163, 2.774112269E-01, 6.744725147E-02, 1.095546919E+03
       164, 2.924515577E-01, 5.248368969E-02, 1.093888504E+03
       165, 3.074783357E-01, 3.749588570E-02, 1.092295865E+03
       166, 3.224921519E-01, 2.249971126E-02, 1.090757419E+03
       167, 3.374989826E-01, 7.500139938E-03, 1.089262518E+03
       168, 2.174312863E-01, 1.424814728E-01, 1.102704863E+03
       169, 2.323792771E-01, 1.274453474E-01, 1.100922529E+03
       170, 2.473451805E-01, 1.124060687E-01, 1.099083155E+03
       171, 2.623542721E-01, 9.739959398E-02, 1.097267953E+03
       172, 2.773916304E-01, 8.243574999E-02, 1.095524205E+03
       173, 2.924306136E-01, 6.747705110E-02, 1.093865508E+03
       174, 3.074662783E-01, 5.249442984E-02, 1.092278062E+03
       175, 3.224854379E-01, 3.749957956E-02, 1.090746781E+03
       176, 3.374954699E-01, 2.250018213E-02, 1.089258217E+03
       177, 3.524996557E-01, 7.500077367E-03, 1.087802514E+03
       178, 2.324220851E-01, 1.424528185E-01, 1.100977431E+03
       179, 2.473680755E-01, 1.274065796E-01, 1.099099003E+03
       180, 2.623507332E-01, 1.123922198E-01, 1.097253814E+03
       181, 2.773717163E-01, 9.742506626E-02, 1.095494912E+03
       182, 2.924123780E-01, 8.247035856E-02, 1.093834863E+03
       183, 3.074509433E-01, 6.749128491E-02, 1.092253834E+03
       184, 3.224794097E-01, 5.249932272E-02, 1.090730294E+03
       185, 3.374915323E-01, 3.750011078E-02, 1.089249244E+03
       186, 3.524977079E-01, 2.250008122E-02, 1.087799068E+03
       187, 3.674999390E-01, 7.500019584E-03, 1.086371791E+03
       188, 2.474156838E-01, 1.424163139E-01, 1.099115774E+03
       189, 2.324654246E-01, 1.574614643E-01, 1.101045796E+03
       190, 2.623677543E-01, 1.273917056E-01, 1.097233740E+03
       191, 2.773640552E-01, 1.124183900E-01, 1.095456498E+03
       192, 2.923928067E-01, 9.746296767E-02, 1.093796275E+03
       193, 3.074350928E-01, 8.248865637E-02, 1.092222545E+03
       194, 3.224685207E-01, 6.749813584E-02, 1.090708410E+03
       195, 3.374896541E-01, 5.250011558E-02, 1.089235344E+03
       196, 3.524954127E-01, 3.750006521E-02, 1.087791965E+03
       197, 3.674989151E-01, 2.250013873E-02, 1.086369154E+03
       198, 3.824999976E-01, 7.500001079E-03, 1.084961078E+03
       199, 2.624124287E-01, 1.424022336E-01, 1.097206044E+03
       200, 2.474627037E-01, 1.574314033E-01, 1.099137181E+03
       201, 2.773768788E-01, 1.274165144E-01, 1.095406495E+03
       202, 2.923843553E-01, 1.124561139E-01, 1.093747432E+03
       203, 3.074185510E-01, 9.748578307E-02, 1.092183783E+03
       204, 3.224543945E-01, 8.249787182E-02, 1.090680824E+03
       205, 3.374821230E-01, 6.750017502E-02, 1.089217262E+03
       206, 3.524950535E-01, 5.250000660E-02, 1.087781008E+03
       207, 3.674976295E-01, 3.750006651E-02, 1.086363753E+03
       208, 3.824996486E-01, 2.250007016E-02, 1.084959108E+03
       209, 3.975000000E-01, 7.500000095E-03, 1.083563025E+03
       210, 2.774153140E-01, 1.424196523E-01, 1.095342292E+03
       211, 2.624600140E-01, 1.574192482E-01, 1.097172834E+03
       212, 2.474857628E-01, 1.724465204E-01, 1.099167171E+03
       213, 2.923943747E-01, 1.274517473E-01, 1.093686322E+03
       214, 3.074100552E-01, 1.124819173E-01, 1.092136131E+03
       215, 3.224436087E-01, 9.749774929E-02, 1.090646716E+03
       216, 3.374706830E-01, 8.249993039E-02, 1.089194816E+03
       217, 3.524913236E-01, 6.750061095E-02, 1.087766741E+03
       218, 3.674976258E-01, 5.249999850E-02, 1.086355477E+03
       219, 3.824992286E-01, 3.750002127E-02, 1.084955089E+03
       220, 3.974999230E-01, 2.250002086E-02, 1.083561595E+03
       221, 4.125000000E-01, 7.500000024E-03, 1.082172196E+03
       222, 2.924266770E-01, 1.424496544E-01, 1.093611079E+03
       223, 2.774601357E-01, 1.574304265E-01, 1.095263450E+03
       224, 2.624836764E-01, 1.724363794E-01, 1.097136848E+03
       225, 3.074163507E-01, 1.274798575E-01, 1.092078300E+03
       226, 3.224371482E-01, 1.124957188E-01, 1.090605836E+03
       227, 3.374656981E-01, 9.749988861E-02, 1.089166998E+03
       228, 3.524846189E-01, 8.250025637E-02, 1.087749176E+03
       229, 3.674963908E-01, 6.750023128E-02, 1.086344611E+03
       230, 3.824993461E-01, 5.249996511E-02, 1.084948996E+03
       231, 3.974998399E-01, 3.750000272E-02, 1.083558675E+03
       232, 4.124999922E-01, 2.250000257E-02, 1.082171183E+03
       233, 4.275000000E-01, 7.500000005E-03, 1.080784809E+03
       234, 3.074414393E-01, 1.424783458E-01, 1.092009274E+03
       235, 2.924631110E-01, 1.574537051E-01, 1.093521942E+03
       236, 2.774825813E-01, 1.724438229E-01, 1.095170057E+03
       237, 3.224396205E-01, 1.274949797E-01, 1.090557567E+03
       238, 3.374620749E-01, 1.124992010E-01, 1.089134339E+03
       239, 3.524829242E-01, 9.750009234E-02, 1.087727625E+03
       240, 3.674935372E-01, 8.250018686E-02, 1.086331263E+03
       241, 3.824989994E-01, 6.750011430E-02, 1.084940971E+03
       242, 3.974998756E-01, 5.249998724E-02, 1.083554280E+03
       243, 4.124999813E-01, 3.749999872E-02, 1.082169102E+03
       244, 4.274999998E-01, 2.250000004E-02, 1.080784104E+03
       245, 4.425000000E-01, 7.500000003E-03, 1.079398417E+03
       246, 3.074687683E-01, 1.574789168E-01, 1.091930133E+03
       247, 3.224567444E-01, 1.424934929E-01, 1.090501253E+03
       248, 2.924825760E-01, 1.724613825E-01, 1.093419213E+03
       249, 3.374617358E-01, 1.274988523E-01, 1.089096706E+03
       250, 3.524810067E-01, 1.125000917E-01, 1.087702693E+03
       251, 3.674932644E-01, 9.749991403E-02, 1.086315128E+03
       252, 3.824976517E-01, 8.249998143E-02, 1.084931131E+03
       253, 3.974998020E-01, 6.750002900E-02, 1.083548473E+03
       254, 4.124999796E-01, 5.249999988E-02, 1.082165976E+03
       255, 4.274999959E-01, 3.750000117E-02, 1.080782646E+03
       256, 4.424999999E-01, 2.250000002E-02, 1.079397937E+03
       257, 4.575000000E-01, 7.500000001E-03, 1.078011614E+03
       258, 3.524784160E-01, 1.274993847E-01, 1.087674548E+03
       259, 3.674924840E-01, 1.125002168E-01, 1.086296613E+03
       260, 3.824974485E-01, 9.749994743E-02, 1.084919362E+03
       261, 3.974991467E-01, 8.250011096E-02, 1.083541355E+03
       262, 4.124999587E-01, 6.750000284E-02, 1.082161839E+03
       263, 4.274999920E-01, 5.249999981E-02, 1.080780450E+03
       264, 4.424999996E-01, 3.750000005E-02, 1.079396932E+03
       265, 4.575000000E-01, 2.250000001E-02, 1.078011296E+03
       266, 4.725000000E-01, 7.500000001E-03, 1.076623768E+03
       267, 3.674893882E-01, 1.275000234E-01, 1.086276025E+03
       268, 3.824971594E-01, 1.125000833E-01, 1.084905882E+03
       269, 3.974988864E-01, 9.749994531E-02, 1.083532903E+03
       270, 4.124997750E-01, 8.250001602E-02, 1.082156748E+03
       271, 4.274999850E-01, 6.750000258E-02, 1.080777541E+03
       272, 4.424999987E-01, 5.250000010E-02, 1.079395416E+03
       273, 4.574999998E-01, 3.750000004E-02, 1.078010623E+03
       274, 4.725000000E-01, 2.250000000E-02, 1.076623568E+03
       275, 4.875000000E-01, 7.500000001E-03, 1.075234808E+03
       276, 3.824952810E-01, 1.275000683E-01, 1.084890953E+03
       277, 3.974987641E-01, 1.125000827E-01, 1.083523229E+03
       278, 4.124997015E-01, 9.749999177E-02, 1.082150732E+03
       279, 4.274998850E-01, 8.250000717E-02, 1.080773961E+03
       280, 4.424999986E-01, 6.750000006E-02, 1.079393404E+03
       281, 4.574999993E-01, 5.250000004E-02, 1.078009604E+03
       282, 4.725000000E-01, 3.750000001E-02, 1.076623142E+03
       283, 4.875000000E-01, 2.250000000E-02, 1.075234699E+03
       284, 5.025000000E-01, 7.500000001E-03, 1.073845036E+03
       285, 3.974974993E-01, 1.274999716E-01, 1.083512547E+03
       286, 4.124996708E-01, 1.125000129E-01, 1.082143864E+03
       287, 4.274998400E-01, 9.749999550E-02, 1.080769736E+03
       288, 4.424999435E-01, 8.250000562E-02, 1.079390927E+03
       289, 4.574999993E-01, 6.749999999E-02, 1.078008250E+03
       290, 4.724999997E-01, 5.250000003E-02, 1.076622494E+03
       291, 4.875000000E-01, 3.750000000E-02, 1.075234463E+03
       292, 5.025000000E-01, 2.250000000E-02, 1.073845001E+03
       293, 4.124987916E-01, 1.275000638E-01, 1.082136299E+03
       294, 4.274998264E-01, 1.125000069E-01, 1.080764916E+03
       295, 4.424999143E-01, 9.749999753E-02, 1.079388005E+03
       296, 4.574999697E-01, 8.250000304E-02, 1.078006582E+03
       297, 4.724999996E-01, 6.749999999E-02, 1.076621634E+03
       298, 4.874999998E-01, 5.250000002E-02, 1.075234105E+03
       299, 5.025000000E-01, 3.750000000E-02, 1.073844926E+03
       300, 4.274993093E-01, 1.275000387E-01, 1.080759606E+03
       301, 4.424999089E-01, 1.125000036E-01, 1.079384674E+03
       302, 4.574999542E-01, 9.749999868E-02, 1.078004615E+03
       303, 4.724999837E-01, 8.250000164E-02, 1.076620571E+03
       304, 4.874999998E-01, 6.750000000E-02, 1.075233629E+03
       305, 5.024999999E-01, 5.250000002E-02, 1.073844812E+03
       306, 4.574999525E-01, 1.125000019E-01, 1.078002373E+03
       307, 4.724999778E-01, 9.750000001E-02, 1.076619319E+03
       308, 4.874999937E-01, 8.250000168E-02, 1.075233041E+03
       309, 5.024999999E-01, 6.749999999E-02, 1.073844659E+03
       310, 4.724999777E-01, 1.125000002E-01, 1.076617891E+03
       311, 4.874999928E-01, 9.749999844E-02, 1.075232347E+03
       312, 5.024999994E-01, 8.250000021E-02, 1.073844471E+03
       313, 4.874999932E-01, 1.125000016E-01, 1.075231556E+03
       314, 5.024999991E-01, 9.749999990E-02, 1.073844249E+03
       315, 5.024999993E-01, 1.125000001E-01, 1.073843996E+03
       316, 5.025000000E-01, 4.125000000E-01, 1.073838526E+03
       317, 4.875000000E-01, 4.125000000E-01, 1.075214448E+03
       318, 5.025000000E-01, 3.975000000E-01, 1.073838574E+03
       319, 4.875000000E-01, 3.975000000E-01, 1.075214595E+03
       320, 4.725000000E-01, 4.125000000E-01, 1.076586958E+03
       321, 5.025000000E-01, 3.825000000E-01, 1.073838661E+03
       322, 4.875000000E-01, 3.825000000E-01, 1.075214869E+03
       323, 4.725000000E-01, 3.975000000E-01, 1.076587222E+03
       324, 4.575000000E-01, 4.125000000E-01, 1.077953656E+03
       325, 5.025000000E-01, 3.675000000E-01, 1.073838789E+03
       326, 4.725000000E-01, 3.825000000E-01, 1.076587716E+03
       327, 4.875000000E-01, 3.675000000E-01, 1.075215266E+03
       328, 4.575000000E-01, 3.975000000E-01, 1.077954068E+03
       329, 4.425000000E-01, 4.125000000E-01, 1.079311917E+03
       330, 5.025000000E-01, 3.525000000E-01, 1.073838954E+03
       331, 4.575000000E-01, 3.825000000E-01, 1.077954844E+03
       332, 4.725000000E-01, 3.675000000E-01, 1.076588435E+03
       333, 4.875000000E-01, 3.525000000E-01, 1.075215782E+03
       334, 4.425000000E-01, 3.975000000E-01, 1.079312526E+03
       335, 4.275000000E-01, 4.125000000E-01, 1.080658734E+03
       336, 5.025000000E-01, 3.375000000E-01, 1.073839154E+03
       337, 4.575000000E-01, 3.675000000E-01, 1.077955975E+03
       338, 4.425000000E-01, 3.825000000E-01, 1.079313684E+03
       339, 4.725000000E-01, 3.525000000E-01, 1.076589368E+03
       340, 4.875000000E-01, 3.375000000E-01, 1.075216410E+03
       341, 4.275000000E-01, 3.975000000E-01, 1.080659617E+03
       342, 4.125000000E-01, 4.125000000E-01, 1.081990475E+03
       343, 5.025000000E-01, 3.225000000E-01, 1.073839388E+03
       344, 4.575000000E-01, 3.525000000E-01, 1.077957447E+03
       345, 4.425000000E-01, 3.675000000E-01, 1.079315377E+03
       346, 4.275000000E-01, 3.825000000E-01, 1.080661311E+03
       347, 4.725000000E-01, 3.375000000E-01, 1.076590504E+03
       348, 4.875000000E-01, 3.225000000E-01, 1.075217142E+03
       349, 4.125000000E-01, 3.975000000E-01, 1.081991749E+03
       350, 3.975000000E-01, 4.125000000E-01, 1.083302504E+03
       351, 5.025000000E-01, 3.075000000E-01, 1.073839652E+03
       352, 4.425000000E-01, 3.525000000E-01, 1.079317582E+03
       353, 4.575000000E-01, 3.375000000E-01, 1.077959240E+03
       354, 4.275000000E-01, 3.675000000E-01, 1.080663793E+03
       355, 4.125000000E-01, 3.825000000E-01, 1.081994212E+03
       356, 4.725000000E-01, 3.225000000E-01, 1.076591828E+03
       357, 4.875000000E-01, 3.075000000E-01, 1.075217968E+03
       358, 3.975000000E-01, 3.975000000E-01, 1.083304348E+03
       359, 3.825000000E-01, 4.125000000E-01, 1.084588577E+03
       360, 5.025000000E-01, 2.925000000E-01, 1.073839943E+03
       361, 4.275000000E-01, 3.525000000E-01, 1.080667029E+03
       362, 4.425000000E-01, 3.375000000E-01, 1.079320269E+03
       363, 4.575000000E-01, 3.225000000E-01, 1.077961330E+03
       364, 4.125000000E-01, 3.675000000E-01, 1.081997829E+03
       365, 3.975000000E-01, 3.825000000E-01, 1.083307935E+03
       366, 4.725000000E-01, 3.075000000E-01, 1.076593324E+03
       367, 4.875000000E-01, 2.925000000E-01, 1.075218878E+03
       368, 3.825000000E-01, 3.975000000E-01, 1.084591265E+03
       369, 3.675000000E-01, 4.124999999E-01, 1.085839883E+03
       370, 5.025000000E-01, 2.775000000E-01, 1.073840257E+03
       371, 4.275000000E-01, 3.375000000E-01, 1.080670974E+03
       372, 4.125000000E-01, 3.525000000E-01, 1.082002548E+03
       373, 4.425000000E-01, 3.225000000E-01, 1.079323402E+03
       374, 4.574999999E-01, 3.075000000E-01, 1.077963691E+03
       375, 3.975000000E-01, 3.675000000E-01, 1.083313211E+03
       376, 3.825000000E-01, 3.825000000E-01, 1.084596523E+03
       377, 4.724999999E-01, 2.925000000E-01, 1.076594971E+03
       378, 4.874999999E-01, 2.775000000E-01, 1.075219860E+03
       379, 3.674999999E-01, 3.974999995E-01, 1.085843847E+03
       380, 3.524999998E-01, 4.124999990E-01, 1.087043492E+03
       381, 5.024999999E-01, 2.625000000E-01, 1.073840590E+03
       382, 4.275000000E-01, 3.225000000E-01, 1.080675574E+03
       383, 4.125000000E-01, 3.375000000E-01, 1.082008301E+03
       384, 3.975000000E-01, 3.525000000E-01, 1.083320098E+03
       385, 4.424999999E-01, 3.075000000E-01, 1.079326940E+03
       386, 4.574999999E-01, 2.925000000E-01, 1.077966291E+03
       387, 3.825000000E-01, 3.674999999E-01, 1.084604266E+03
       388, 3.674999999E-01, 3.824999991E-01, 1.085851629E+03
       389, 4.724999995E-01, 2.774999999E-01, 1.076596749E+03
       390, 4.874999996E-01, 2.625000000E-01, 1.075220902E+03
       391, 3.524999998E-01, 3.974999970E-01, 1.087049413E+03
       392, 3.375000000E-01, 4.124999984E-01, 1.088179835E+03
       393, 5.024999999E-01, 2.475000000E-01, 1.073840938E+03
       394, 4.125000000E-01, 3.225000000E-01, 1.082015005E+03
       395, 4.274999998E-01, 3.075000000E-01, 1.080680766E+03
       396, 3.975000000E-01, 3.375000000E-01, 1.083328489E+03
       397, 3.825000000E-01, 3.524999999E-01, 1.084614370E+03
       398, 4.424999998E-01, 2.925000000E-01, 1.079330835E+03
       399, 4.574999990E-01, 2.774999999E-01, 1.077969096E+03
       400, 3.674999999E-01, 3.674999985E-01, 1.085863097E+03
       401, 3.524999997E-01, 3.824999947E-01, 1.087061071E+03
       402, 4.724999989E-01, 2.625000000E-01, 1.076598635E+03
       403, 4.874999993E-01, 2.475000000E-01, 1.075221991E+03
       404, 3.374999995E-01, 3.974999938E-01, 1.088188791E+03
       405, 3.224999991E-01, 4.124999960E-01, 1.089218723E+03
       406, 5.024999986E-01, 2.324999996E-01, 1.073841296E+03
       407, 3.974999999E-01, 3.224999999E-01, 1.083338261E+03
       408, 4.124999996E-01, 3.075000000E-01, 1.082022566E+03
       409, 4.274999996E-01, 2.925000000E-01, 1.080686478E+03
       410, 3.824999999E-01, 3.374999998E-01, 1.084626671E+03
       411, 3.674999998E-01, 3.524999976E-01, 1.085878051E+03
       412, 4.424999983E-01, 2.774999999E-01, 1.079335036E+03
       413, 4.574999980E-01, 2.625000000E-01, 1.077972070E+03
       414, 3.524999996E-01, 3.674999915E-01, 1.087078252E+03
       415, 3.374999996E-01, 3.824999873E-01, 1.088206463E+03
       416, 4.724999977E-01, 2.474999997E-01, 1.076600604E+03
       417, 4.874999955E-01, 2.324999996E-01, 1.075223112E+03
       418, 3.224999997E-01, 3.974999865E-01, 1.089232361E+03
       419, 3.075000007E-01, 4.124999957E-01, 1.090113614E+03
       420, 5.024999985E-01, 2.175000004E-01, 1.073841660E+03
       421, 3.974999994E-01, 3.074999999E-01, 1.083349266E+03
       422, 3.824999999E-01, 3.224999996E-01, 1.084640975E+03
       423, 4.124999994E-01, 2.925000000E-01, 1.082030877E+03
       424, 4.274999970E-01, 2.774999997E-01, 1.080692635E+03
       425, 3.674999997E-01, 3.374999964E-01, 1.085896236E+03
       426, 3.524999994E-01, 3.524999868E-01, 1.087100643E+03
       427, 4.424999966E-01, 2.625000000E-01, 1.079339488E+03
       428, 4.574999952E-01, 2.474999997E-01, 1.077975175E+03
       429, 3.374999992E-01, 3.674999785E-01, 1.088232524E+03
       430, 3.224999992E-01, 3.824999740E-01, 1.089259341E+03
       431, 4.724999908E-01, 2.324999997E-01, 1.076602632E+03
       432, 4.874999954E-01, 2.175000004E-01, 1.075224251E+03
       433, 3.075000007E-01, 3.974999869E-01, 1.090134166E+03
       434, 2.924999953E-01, 4.124999837E-01, 1.090795708E+03
       435, 5.024999927E-01, 2.024999977E-01, 1.073842026E+03
       436, 3.824999991E-01, 3.074999993E-01, 1.084657057E+03
       437, 3.974999990E-01, 2.924999999E-01, 1.083361345E+03
       438, 3.674999996E-01, 3.224999945E-01, 1.085917343E+03
       439, 4.124999947E-01, 2.774999996E-01, 1.082039823E+03
       440, 4.274999941E-01, 2.625000000E-01, 1.080699152E+03
       441, 3.524999990E-01, 3.374999800E-01, 1.087127833E+03
       442, 3.374999986E-01, 3.524999643E-01, 1.088266484E+03
       443, 4.424999917E-01, 2.474999996E-01, 1.079344133E+03
       444, 4.574999835E-01, 2.324999992E-01, 1.077978372E+03
       445, 3.224999987E-01, 3.674999552E-01, 1.089299211E+03
       446, 3.075000009E-01, 3.824999757E-01, 1.090174999E+03
       447, 4.724999895E-01, 2.174999999E-01, 1.076604693E+03
       448, 4.874999782E-01, 2.024999977E-01, 1.075225396E+03
       449, 2.924999954E-01, 3.974999513E-01, 1.090825191E+03
       450, 2.775000051E-01, 4.124999848E-01, 1.091176010E+03
       451, 5.024999926E-01, 1.875000023E-01, 1.073842389E+03
       452, 3.824999984E-01, 2.924999988E-01, 1.084674667E+03
       453, 3.674999985E-01, 3.074999922E-01, 1.085941014E+03
       454, 3.974999923E-01, 2.774999994E-01, 1.083374322E+03
       455, 3.524999985E-01, 3.224999700E-01, 1.087159325E+03
       456, 4.124999901E-01, 2.625000000E-01, 1.082049280E+03
       457, 4.274999859E-01, 2.474999993E-01, 1.080705945E+03
       458, 3.374999939E-01, 3.374999308E-01, 1.088307693E+03
       459, 3.224999977E-01, 3.524999240E-01, 1.089351277E+03
       460, 4.424999719E-01, 2.324999987E-01, 1.079348911E+03
       461, 4.574999734E-01, 2.174999983E-01, 1.077981618E+03
       462, 3.074999980E-01, 3.674999472E-01, 1.090235683E+03
       463, 2.924999938E-01, 3.824999123E-01, 1.090884197E+03
       464, 4.724999589E-01, 2.024999975E-01, 1.076606763E+03
       465, 4.874999749E-01, 1.875000012E-01, 1.075226529E+03
       466, 2.775000050E-01, 3.974999546E-01, 1.091213371E+03
       467, 5.024999682E-01, 1.724999896E-01, 1.073842745E+03
       468, 3.824999894E-01, 2.774999978E-01, 1.084693538E+03
       469, 3.674999975E-01, 2.924999894E-01, 1.085966859E+03
       470, 3.524999961E-01, 3.074999545E-01, 1.087194544E+03
       471, 3.974999838E-01, 2.624999991E-01, 1.083388014E+03
       472, 3.374999943E-01, 3.224998798E-01, 1.088355351E+03
       473, 4.124999765E-01, 2.474999988E-01, 1.082059122E+03
       474, 4.274999527E-01, 2.324999979E-01, 1.080712926E+03
       475, 3.224999919E-01, 3.374998379E-01, 1.089414578E+03
       476, 3.074999995E-01, 3.524998981E-01, 1.090315510E+03
       477, 4.424999476E-01, 2.174999989E-01, 1.079353761E+03
       478, 4.574999231E-01, 2.024999976E-01, 1.077984877E+03
       479, 2.924999937E-01, 3.674998431E-01, 1.090972903E+03
       480, 2.775000069E-01, 3.824999189E-01, 1.091288816E+03
       481, 4.724999511E-01, 1.875000019E-01, 1.076608811E+03
       482, 4.874999024E-01, 1.724999907E-01, 1.075227644E+03
       483, 5.024999684E-01, 1.575000105E-01, 1.073843087E+03
       484, 3.824999755E-01, 2.624999970E-01, 1.084713391E+03
       485, 3.674999864E-01, 2.774999862E-01, 1.085994457E+03
       486, 3.524999949E-01, 2.924999348E-01, 1.087232856E+03
       487, 3.374999851E-01, 3.074997969E-01, 1.088408514E+03
       488, 3.974999576E-01, 2.474999970E-01, 1.083402230E+03
       489, 3.224999919E-01, 3.224997052E-01, 1.089487876E+03
       490, 4.124999216E-01, 2.324999966E-01, 1.082069220E+03
       491, 4.274999097E-01, 2.174999980E-01, 1.080720004E+03
       492, 3.074999936E-01, 3.374997615E-01, 1.090413385E+03
       493, 2.924999875E-01, 3.524997307E-01, 1.091091479E+03
       494, 4.424998665E-01, 2.024999947E-01, 1.079358626E+03
       495, 4.574999150E-01, 1.875000026E-01, 1.077988100E+03
       496, 2.775000108E-01, 3.674998656E-01, 1.091403996E+03
       497, 4.724998213E-01, 1.724999869E-01, 1.076610826E+03
       498, 4.874999054E-01, 1.575000102E-01, 1.075228714E+03
       499, 5.024999799E-01, 1.424999934E-01, 1.073843412E+03
       500, 3.824999311E-01, 2.474999942E-01, 1.084733939E+03
       501, 3.674999655E-01, 2.624999827E-01, 1.086023375E+03
       502, 3.524999808E-01, 2.774999125E-01, 1.087273583E+03
       503, 3.374999842E-01, 2.924996831E-01, 1.088466127E+03
       504, 3.224999785E-01, 3.074994829E-01, 1.089569639E+03
       505, 3.974998608E-01, 2.324999923E-01, 1.083416783E+03
       506, 3.074999932E-01, 3.224995429E-01, 1.090527729E+03
       507, 4.124998467E-01, 2.174999963E-01, 1.082079441E+03
       508, 4.274997811E-01, 2.024999921E-01, 1.080727095E+03
       509, 2.924999940E-01, 3.374995186E-01, 1.091239909E+03
       510, 2.775000173E-01, 3.524997813E-01, 1.091561577E+03
       511, 4.424998547E-01, 1.875000034E-01, 1.079363432E+03
       512, 4.574997036E-01, 1.724999812E-01, 1.077991270E+03
       513, 4.724998296E-01, 1.575000140E-01, 1.076612758E+03
       514, 4.874999399E-01, 1.424999937E-01, 1.075229729E+03
       515, 5.024999796E-01, 1.275000065E-01, 1.073843717E+03
       516, 3.824997770E-01, 2.324999888E-01, 1.084754901E+03
       517, 3.674999012E-01, 2.474999785E-01, 1.086053170E+03
       518, 3.524999522E-01, 2.624998886E-01, 1.087316027E+03
       519, 3.374999613E-01, 2.774995393E-01, 1.088527045E+03
       520, 3.224999778E-01, 2.924991717E-01, 1.089658056E+03
       521, 3.074999669E-01, 3.074991223E-01, 1.090656310E+03
       522, 3.974997081E-01, 2.174999871E-01, 1.083431477E+03
       523, 2.924999788E-01, 3.224991801E-01, 1.091417728E+03
       524, 4.124996454E-01, 2.024999886E-01, 1.082089663E+03
       525, 4.274997092E-01, 1.874999891E-01, 1.080734098E+03
       526, 2.775000273E-01, 3.374996476E-01, 1.091765468E+03
       527, 4.424995215E-01, 1.724999718E-01, 1.079368158E+03
       528, 4.574996995E-01, 1.575000139E-01, 1.077994310E+03
       529, 4.724998883E-01, 1.424999904E-01, 1.076614591E+03
       530, 4.874999347E-01, 1.275000048E-01, 1.075230683E+03
       531, 3.824994940E-01, 2.174999779E-01, 1.084775995E+03
       532, 3.674996861E-01, 2.324999705E-01, 1.086083417E+03
       533, 3.524998700E-01, 2.474998633E-01, 1.087359488E+03
       534, 3.374999275E-01, 2.624993639E-01, 1.088590088E+03
       535, 3.224999611E-01, 2.774987946E-01, 1.089751079E+03
       536, 3.074999658E-01, 2.924985009E-01, 1.090796108E+03
       537, 2.925000011E-01, 3.074985865E-01, 1.091623498E+03
       538, 3.974994069E-01, 2.024999925E-01, 1.083446133E+03
       539, 2.775000427E-01, 3.224994376E-01, 1.092021252E+03
       540, 4.124994708E-01, 1.874999949E-01, 1.082099745E+03
       541, 4.274991918E-01, 1.724999735E-01, 1.080740971E+03
       542, 4.424994272E-01, 1.575000029E-01, 1.079372692E+03
       543, 4.574997830E-01, 1.424999901E-01, 1.077997192E+03
       544, 4.724998745E-01, 1.275000084E-01, 1.076616315E+03
       545, 3.674992587E-01, 2.174999618E-01, 1.086113697E+03
       546, 3.824990396E-01, 2.024999796E-01, 1.084796949E+03
       547, 3.524996008E-01, 2.324998367E-01, 1.087403297E+03
       548, 3.374998319E-01, 2.474991762E-01, 1.088654084E+03
       549, 3.224999095E-01, 2.624983000E-01, 1.089846531E+03
       550, 3.074998816E-01, 2.774975830E-01, 1.090943211E+03
       551, 2.924999664E-01, 2.924976816E-01, 1.091854008E+03
       552, 2.775000657E-01, 3.074991119E-01, 1.092336741E+03
       553, 3.974990365E-01, 1.874999562E-01, 1.083460557E+03
       554, 4.124986783E-01, 1.724999497E-01, 1.082109620E+03
       555, 4.274988611E-01, 1.574999725E-01, 1.080747574E+03
       556, 4.424995314E-01, 1.425000001E-01, 1.079376983E+03
       557, 4.574997770E-01, 1.275000140E-01, 1.077999899E+03
       558, 3.674985625E-01, 2.024999441E-01, 1.086143614E+03
       559, 3.524990308E-01, 2.174998086E-01, 1.087446822E+03
       560, 3.824983851E-01, 1.874999643E-01, 1.084817503E+03
       561, 3.374995274E-01, 2.324989684E-01, 1.088717940E+03
       562, 3.224998022E-01, 2.474976902E-01, 1.089942239E+03
       563, 3.074998658E-01, 2.624963200E-01, 1.091092874E+03
       564, 2.924999958E-01, 2.774962669E-01, 1.092102766E+03
       565, 2.775000998E-01, 2.924986137E-01, 1.092722965E+03
       566, 3.974978423E-01, 1.724999628E-01, 1.083474645E+03
       567, 4.124980282E-01, 1.574999972E-01, 1.082119102E+03
       568, 4.274989705E-01, 1.425000263E-01, 1.080753803E+03
       569, 4.424996067E-01, 1.275000233E-01, 1.079381001E+03
       570, 3.674974556E-01, 1.874999041E-01, 1.086172808E+03
       571, 3.524979842E-01, 2.024997681E-01, 1.087489492E+03
       572, 3.374988417E-01, 2.174987574E-01, 1.088780665E+03
       573, 3.824966192E-01, 1.724999140E-01, 1.084837495E+03
       574, 3.224994790E-01, 2.324969541E-01, 1.090036263E+03
       575, 3.074997458E-01, 2.474948057E-01, 1.091240025E+03
       576, 2.924998968E-01, 2.624942400E-01, 1.092357613E+03
       577, 2.775001467E-01, 2.774978650E-01, 1.093195522E+03
       578, 3.974968793E-01, 1.574999845E-01, 1.083488134E+03
       579, 4.124980973E-01, 1.424999908E-01, 1.082128025E+03
       580, 3.524962397E-01, 1.874997683E-01, 1.087530797E+03
       581, 3.674948938E-01, 1.724998975E-01, 1.086201034E+03
       582, 3.374974301E-01, 2.024985571E-01, 1.088841425E+03
       583, 3.224987194E-01, 2.174961193E-01, 1.090126986E+03
       584, 3.824951363E-01, 1.574999557E-01, 1.084856570E+03
       585, 3.074994098E-01, 2.324928538E-01, 1.091380679E+03
       586, 2.924997729E-01, 2.474915630E-01, 1.092596415E+03
       587, 2.774996297E-01, 2.624950688E-01, 1.093776969E+03
       588, 3.974967987E-01, 1.424999777E-01, 1.083500811E+03
       589, 3.524925999E-01, 1.724996966E-01, 1.087570390E+03
       590, 3.374950067E-01, 1.874984579E-01, 1.088899516E+03
       591, 3.674925540E-01, 1.574998987E-01, 1.086227832E+03
       592, 3.224970449E-01, 2.024952493E-01, 1.090213191E+03
       593, 3.074986096E-01, 2.174904410E-01, 1.091512183E+03
       594, 3.824946745E-01, 1.424999492E-01, 1.084874452E+03
       595, 2.924992968E-01, 2.324874502E-01, 1.092810612E+03
       596, 2.774996637E-01, 2.474900837E-01, 1.094193836E+03
       597, 2.625000002E-01, 2.624966675E-01, 1.096836334E+03
       598, 3.374898330E-01, 1.724983665E-01, 1.088954519E+03
       599, 3.524882828E-01, 1.574995334E-01, 1.087607766E+03
       600, 3.224937888E-01, 1.874944484E-01, 1.090294027E+03
       601, 3.674900989E-01, 1.424994935E-01, 1.086252963E+03
       602, 3.074967814E-01, 2.024876212E-01, 1.091633085E+03
       603, 2.924986522E-01, 2.174821713E-01, 1.092998200E+03
       604, 2.774996396E-01, 2.324838056E-01, 1.094501440E+03
       605, 2.624999518E-01, 2.474900114E-01, 1.096879478E+03
       606, 3.374822888E-01, 1.574983386E-01, 1.089005950E+03
       607, 3.224867211E-01, 1.724938477E-01, 1.090369109E+03
       608, 3.524826157E-01, 1.424997618E-01, 1.087642659E+03
       609, 3.074928981E-01, 1.874845451E-01, 1.091742833E+03
       610, 2.924968199E-01, 2.024761481E-01, 1.093160400E+03
       611, 2.774988595E-01, 2.174761551E-01, 1.094734245E+03
       612, 2.624997511E-01, 2.324829641E-01, 1.096937000E+03
       613, 3.224757004E-01, 1.574937103E-01, 1.090438104E+03
       614, 3.374713908E-01, 1.424980186E-01, 1.089053568E+03
       615, 3.074840043E-01, 1.724814811E-01, 1.091841685E+03
       616, 2.924926927E-01, 1.874690896E-01, 1.093299693E+03
       617, 2.774971842E-01, 2.024671895E-01, 1.094914263E+03
       618, 2.624991696E-01, 2.174746801E-01, 1.096995412E+03
       619, 2.774931673E-01, 1.874563299E-01, 1.095056107E+03
       620, 2.624976879E-01, 2.024643992E-01, 1.097049020E+03
       621, 2.624940131E-01, 1.874516301E-01, 1.097096029E+03
       622, 2.174690389E-01, 1.574857673E-01, 1.102785822E+03
       623, 2.024743503E-01, 1.574978383E-01, 1.104375846E+03
       624, 2.174894905E-01, 1.724896135E-01, 1.102884128E+03
       625, 1.874802662E-01, 1.575015436E-01, 1.105866248E+03
       626, 2.024917710E-01, 1.724987121E-01, 1.104460926E+03
       627, 2.324876721E-01, 1.724703707E-01, 1.101133792E+03
       628, 2.174968989E-01, 1.874925836E-01, 1.103001694E+03
       629, 1.724861935E-01, 1.575012344E-01, 1.107297068E+03
       630, 1.874940416E-01, 1.725013680E-01, 1.105932825E+03
       631, 2.024977392E-01, 1.874992865E-01, 1.104558270E+03
       632, 2.324961768E-01, 1.874780838E-01, 1.101245378E+03
       633, 2.174990361E-01, 2.024948441E-01, 1.103140279E+03
       634, 1.724961251E-01, 1.725009213E-01, 1.107346849E+03
       635, 1.574907898E-01, 1.575005431E-01, 1.108694216E+03
       636, 1.874984226E-01, 1.875010559E-01, 1.106006806E+03
       637, 2.024992767E-01, 2.024996665E-01, 1.104667463E+03
       638, 2.474952513E-01, 1.874598754E-01, 1.099205366E+03
       639, 2.324988283E-01, 2.024842061E-01, 1.101386399E+03
       640, 2.174997686E-01, 2.174965255E-01, 1.103302176E+03
       641, 1.574975473E-01, 1.725002883E-01, 1.108730567E+03
       642, 1.724989869E-01, 1.875006214E-01, 1.107401104E+03
       643, 1.424937629E-01, 1.575002893E-01, 1.110073471E+03
       644, 1.874994751E-01, 2.025008267E-01, 1.106087229E+03
       645, 2.024997996E-01, 2.174998901E-01, 1.104788115E+03
       646, 2.474984150E-01, 2.024708097E-01, 1.099251454E+03
       647, 2.324999383E-01, 2.174894145E-01, 1.101566062E+03
       648, 2.175000195E-01, 2.324976956E-01, 1.103489634E+03
       649, 1.574993540E-01, 1.875001613E-01, 1.108769662E+03
       650, 1.424983848E-01, 1.725000965E-01, 1.110099632E+03
       651, 1.724996688E-01, 2.025004594E-01, 1.107458909E+03
       652, 1.274961224E-01, 1.575002926E-01, 1.111444279E+03
       653, 1.874998346E-01, 2.175006300E-01, 1.106173240E+03
       654, 2.024999870E-01, 2.325000015E-01, 1.104919505E+03
       655, 2.474994543E-01, 2.174798796E-01, 1.099304719E+03
       656, 2.325000825E-01, 2.324933721E-01, 1.101798755E+03
       657, 2.175000648E-01, 2.474984889E-01, 1.103703745E+03
       658, 1.574998124E-01, 2.025001148E-01, 1.108810769E+03
       659, 1.424995923E-01, 1.875000549E-01, 1.110127517E+03
       660, 1.274989792E-01, 1.725000518E-01, 1.111462959E+03
       661, 1.724998942E-01, 2.175003371E-01, 1.107519519E+03
       662, 1.274909730E-01, 1.425001763E-01, 1.111426911E+03
       663, 1.124979852E-01, 1.575001661E-01, 1.112812386E+03
       664, 1.874999682E-01, 2.325004611E-01, 1.106263875E+03
       665, 2.025000228E-01, 2.475000483E-01, 1.105060107E+03
       666, 2.475000704E-01, 2.324870091E-01, 1.099362960E+03
       667, 2.325002344E-01, 2.474961556E-01, 1.102106309E+03
       668, 2.175000559E-01, 2.624990184E-01, 1.103942508E+03
       669, 1.424998902E-01, 2.025000279E-01, 1.110156585E+03
       670, 1.574999452E-01, 2.175000797E-01, 1.108853334E+03
       671, 1.274997716E-01, 1.875000247E-01, 1.111482721E+03
       672, 1.124993629E-01, 1.725000417E-01, 1.112825663E+03
       673, 1.724999745E-01, 2.325002378E-01, 1.107582176E+03
       674, 1.274845310E-01, 1.275002495E-01, 1.111410954E+03
       675, 1.124947006E-01, 1.425000971E-01, 1.112800016E+03
       676, 9.749895322E-02, 1.575000577E-01, 1.114181224E+03
       677, 1.874999979E-01, 2.475003291E-01, 1.106357861E+03
       678, 2.025000211E-01, 2.625000608E-01, 1.105207230E+03
       679, 2.475001490E-01, 2.474926023E-01, 1.099420442E+03
       680, 2.325001731E-01, 2.624983815E-01, 1.102523178E+03
       681, 2.175000385E-01, 2.774993683E-01, 1.104197320E+03
       682, 1.424999696E-01, 2.175000185E-01, 1.110186435E+03
       683, 1.274999288E-01, 2.025000081E-01, 1.111503204E+03
       684, 1.574999869E-01, 2.325000532E-01, 1.108896805E+03
       685, 1.124998753E-01, 1.875000114E-01, 1.112839598E+03
       686, 9.749959634E-02, 1.725000387E-01, 1.114190589E+03
       687, 1.724999940E-01, 2.475001652E-01, 1.107646003E+03
       688, 1.124898315E-01, 1.275001412E-01, 1.112788666E+03
       689, 9.749689696E-02, 1.425001591E-01, 1.114172481E+03
       690, 8.249936882E-02, 1.575000375E-01, 1.115552635E+03
       691, 1.875000020E-01, 2.625002285E-01, 1.106453554E+03
       692, 2.025000117E-01, 2.775000569E-01, 1.105356877E+03
       693, 2.475003025E-01, 2.624976459E-01, 1.099463545E+03
       694, 2.324999584E-01, 2.774994043E-01, 1.103104527E+03
       695, 2.175000241E-01, 2.924996043E-01, 1.104446058E+03
       696, 1.424999920E-01, 2.325000124E-01, 1.110216676E+03
       697, 1.274999806E-01, 2.175000045E-01, 1.111524114E+03
       698, 1.124999556E-01, 2.025000063E-01, 1.112853983E+03
       699, 1.574999985E-01, 2.475000358E-01, 1.108940591E+03
       700, 9.749992368E-02, 1.875000145E-01, 1.114200364E+03
       701, 8.249974588E-02, 1.725000271E-01, 1.115559174E+03
       702, 1.724999982E-01, 2.625001125E-01, 1.107709988E+03
       703, 9.749385026E-02, 1.275002755E-01, 1.114164425E+03
       704, 8.249810430E-02, 1.425001086E-01, 1.115546510E+03
       705, 6.749962267E-02, 1.575000135E-01, 1.116927437E+03
       706, 1.875000012E-01, 2.775001503E-01, 1.106548996E+03
       707, 2.025000105E-01, 2.925000470E-01, 1.105503961E+03
       708, 2.324999721E-01, 2.924996143E-01, 1.103577080E+03
       709, 2.175000183E-01, 3.074997564E-01, 1.104676553E+03
       710, 1.274999949E-01, 2.325000026E-01, 1.111545182E+03
       711, 1.424999988E-01, 2.475000083E-01, 1.110246905E+03
       712, 1.124999888E-01, 2.175000039E-01, 1.112868610E+03
       713, 9.749997329E-02, 2.025000092E-01, 1.114210426E+03
       714, 1.575000008E-01, 2.625000235E-01, 1.108984044E+03
       715, 8.249995307E-02, 1.875000103E-01, 1.115565982E+03
       716, 6.749984239E-02, 1.725000115E-01, 1.116931943E+03
       717, 1.724999956E-01, 2.775000698E-01, 1.107773027E+03
       718, 8.249681682E-02, 1.275001521E-01, 1.115540796E+03
       719, 6.749885128E-02, 1.425000563E-01, 1.116923207E+03
       720, 5.249977536E-02, 1.575000066E-01, 1.118305773E+03
       721, 1.874999980E-01, 2.925000852E-01, 1.106642013E+03
       722, 2.025000028E-01, 3.075000349E-01, 1.105643752E+03
       723, 2.324999817E-01, 3.074997532E-01, 1.103963284E+03
       724, 2.175000119E-01, 3.224998478E-01, 1.104882316E+03
       725, 1.274999991E-01, 2.475000015E-01, 1.111566132E+03
       726, 1.124999968E-01, 2.325000018E-01, 1.112883291E+03
       727, 1.425000003E-01, 2.625000053E-01, 1.110276695E+03
       728, 9.749999420E-02, 2.175000047E-01, 1.114220629E+03
       729, 8.249998348E-02, 2.025000064E-01, 1.115572976E+03
       730, 1.574999998E-01, 2.775000154E-01, 1.109026486E+03
       731, 6.749997191E-02, 1.875000026E-01, 1.116936626E+03
       732, 5.249990315E-02, 1.725000067E-01, 1.118308801E+03
       733, 1.724999973E-01, 2.925000352E-01, 1.107833942E+03
       734, 6.749833180E-02, 1.274999973E-01, 1.116919230E+03
       735, 5.249930691E-02, 1.425000341E-01, 1.118302926E+03
       736, 3.749986812E-02, 1.575000037E-01, 1.119687296E+03
       737, 1.874999989E-01, 3.075000452E-01, 1.106730427E+03
       738, 2.025000017E-01, 3.225000237E-01, 1.105772325E+03
       739, 2.324999882E-01, 3.224998439E-01, 1.104278781E+03
       740, 2.175000079E-01, 3.374999056E-01, 1.105060131E+03
       741, 1.274999999E-01, 2.625000009E-01, 1.111586676E+03
       742, 1.124999995E-01, 2.475000010E-01, 1.112897836E+03
       743, 9.749999800E-02, 2.325000024E-01, 1.114230844E+03
       744, 1.425000000E-01, 2.775000035E-01, 1.110305611E+03
       745, 8.249999656E-02, 2.175000035E-01, 1.115580055E+03
       746, 6.749999044E-02, 2.025000017E-01, 1.116941431E+03
       747, 1.574999994E-01, 2.925000088E-01, 1.109067212E+03
       748, 5.249998323E-02, 1.875000011E-01, 1.118311944E+03
       749, 3.749994162E-02, 1.725000044E-01, 1.119689222E+03
       750, 1.724999992E-01, 3.075000170E-01, 1.107891553E+03
       751, 5.249900578E-02, 1.274999941E-01, 1.118300247E+03
       752, 3.749958849E-02, 1.425000219E-01, 1.119685483E+03
       753, 2.249993522E-02, 1.575000047E-01, 1.121071316E+03
       754, 1.874999992E-01, 3.225000277E-01, 1.106812186E+03
       755, 2.025000014E-01, 3.375000137E-01, 1.105886666E+03
       756, 2.324999924E-01, 3.374999023E-01, 1.104534556E+03
       757, 2.175000051E-01, 3.524999414E-01, 1.105208558E+03
       758, 1.124999999E-01, 2.625000004E-01, 1.112912050E+03
       759, 1.274999999E-01, 2.775000005E-01, 1.111606529E+03
       760, 9.749999973E-02, 2.475000012E-01, 1.114240938E+03
       761, 8.249999874E-02, 2.325000017E-01, 1.115587129E+03
       762, 1.424999998E-01, 2.925000020E-01, 1.110333209E+03
       763, 6.749999859E-02, 2.175000007E-01, 1.116946288E+03
       764, 5.249999420E-02, 2.025000007E-01, 1.118315166E+03
       765, 1.574999998E-01, 3.075000043E-01, 1.109105525E+03
       766, 3.749999010E-02, 1.875000006E-01, 1.119691220E+03
       767, 2.249996801E-02, 1.725000030E-01, 1.121072383E+03
       768, 1.724999995E-01, 3.225000101E-01, 1.107944715E+03
       769, 3.749946449E-02, 1.275000112E-01, 1.119683771E+03
       770, 2.249977980E-02, 1.425000133E-01, 1.121070313E+03
       771, 7.499983531E-03, 1.574999992E-01, 1.122456922E+03
       772, 1.874999991E-01, 3.375000142E-01, 1.106885482E+03
       773, 2.025000005E-01, 3.525000057E-01, 1.105984539E+03
       774, 2.324999952E-01, 3.524999394E-01, 1.104738455E+03
       775, 2.175000031E-01, 3.674999638E-01, 1.105327134E+03
       776, 1.124999999E-01, 2.775000003E-01, 1.112925742E+03
       777, 9.749999991E-02, 2.625000005E-01, 1.114250779E+03
       778, 1.275000000E-01, 2.925000004E-01, 1.111625400E+03
       779, 8.249999976E-02, 2.475000009E-01, 1.115594108E+03
       780, 6.749999938E-02, 2.325000005E-01, 1.116951136E+03
       781, 1.424999999E-01, 3.075000009E-01, 1.110359055E+03
       782, 5.249999916E-02, 2.175000002E-01, 1.118318420E+03
       783, 3.749999660E-02, 2.025000004E-01, 1.119693268E+03
       784, 1.574999998E-01, 3.225000024E-01, 1.109140743E+03
       785, 2.249999512E-02, 1.875000006E-01, 1.121073489E+03
       786, 7.499989702E-03, 1.725000031E-01, 1.122457264E+03
       787, 1.724999995E-01, 3.375000049E-01, 1.107992372E+03
       788, 2.249976570E-02, 1.274999919E-01, 1.121069360E+03
       789, 7.499931547E-03, 1.425000184E-01, 1.122456601E+03
       790, 1.874999995E-01, 3.525000050E-01, 1.106948782E+03
       791, 2.025000001E-01, 3.675000024E-01, 1.106064364E+03
       792, 2.324999970E-01, 3.674999628E-01, 1.104896030E+03
       793, 2.175000020E-01, 3.824999782E-01, 1.105415838E+03
       794, 1.125000000E-01, 2.925000001E-01, 1.112938719E+03
       795, 9.749999995E-02, 2.775000003E-01, 1.114260237E+03
       796, 8.249999992E-02, 2.625000004E-01, 1.115600901E+03
       797, 1.275000000E-01, 3.075000002E-01, 1.111643011E+03
       798, 6.749999994E-02, 2.475000003E-01, 1.116955913E+03
       799, 5.249999962E-02, 2.325000001E-01, 1.118321666E+03
       800, 1.425000000E-01, 3.225000004E-01, 1.110382726E+03
       801, 3.749999957E-02, 2.175000001E-01, 1.119695335E+03
       802, 2.249999818E-02, 2.025000003E-01, 1.121074622E+03
       803, 1.574999998E-01, 3.375000013E-01, 1.109172235E+03
       804, 7.499998769E-03, 1.875000001E-01, 1.122457618E+03
       805, 1.724999999E-01, 3.525000018E-01, 1.108033580E+03
       806, 7.499931291E-03, 1.274999819E-01, 1.122456296E+03
       807, 1.875000000E-01, 3.675000021E-01, 1.107000847E+03
       808, 2.025000000E-01, 3.825000014E-01, 1.106125047E+03
       809, 2.324999981E-01, 3.824999776E-01, 1.105011213E+03
       810, 2.175000014E-01, 3.974999878E-01, 1.105474842E+03
       811, 1.125000000E-01, 3.075000001E-01, 1.112950798E+03
       812, 9.749999998E-02, 2.925000001E-01, 1.114269182E+03
       813, 8.249999996E-02, 2.775000002E-01, 1.115607419E+03
       814, 6.749999995E-02, 2.625000001E-01, 1.116960557E+03
       815, 1.275000000E-01, 3.225000001E-01, 1.111659092E+03
       816, 5.249999998E-02, 2.475000001E-01, 1.118324862E+03
       817, 3.749999977E-02, 2.325000001E-01, 1.119697395E+03
       818, 1.425000000E-01, 3.375000002E-01, 1.110403833E+03
       819, 2.249999983E-02, 2.175000001E-01, 1.121075765E+03
       820, 7.499999399E-03, 2.025000002E-01, 1.122457980E+03
       821, 1.575000000E-01, 3.525000005E-01, 1.109199425E+03
       822, 1.725000000E-01, 3.675000010E-01, 1.108067540E+03
       823, 1.875000000E-01, 3.825000012E-01, 1.107040715E+03
       824, 2.025000000E-01, 3.975000007E-01, 1.106165878E+03
       825, 2.324999986E-01, 3.974999874E-01, 1.105086653E+03
       826, 2.175000015E-01, 4.124999959E-01, 1.105504322E+03
       827, 9.750000000E-02, 3.075000001E-01, 1.114277494E+03
       828, 1.125000000E-01, 3.225000000E-01, 1.112961804E+03
       829, 8.249999999E-02, 2.925000001E-01, 1.115613575E+03
       830, 6.749999998E-02, 2.775000001E-01, 1.116965009E+03
       831, 5.249999997E-02, 2.625000000E-01, 1.118327967E+03
       832, 1.275000000E-01, 3.375000001E-01, 1.111673397E+03
       833, 3.749999999E-02, 2.475000000E-01, 1.119699423E+03
       834, 2.249999987E-02, 2.325000000E-01, 1.121076905E+03
       835, 1.425000000E-01, 3.525000001E-01, 1.110422017E+03
       836, 7.499999950E-03, 2.175000000E-01, 1.122458345E+03
       837, 1.575000000E-01, 3.675000003E-01, 1.109221816E+03
       838, 1.725000000E-01, 3.825000006E-01, 1.108093600E+03
       839, 1.875000000E-01, 3.975000006E-01, 1.107067694E+03
       840, 2.025000000E-01, 4.125000002E-01, 1.106186428E+03
       841, 2.324999986E-01, 4.124999958E-01, 1.105124008E+03
       842, 9.750000000E-02, 3.225000000E-01, 1.114285055E+03
       843, 8.249999999E-02, 3.075000001E-01, 1.115619288E+03
       844, 1.125000000E-01, 3.375000000E-01, 1.112971576E+03
       845, 6.749999999E-02, 2.925000000E-01, 1.116969211E+03
       846, 5.249999999E-02, 2.775000000E-01, 1.118330941E+03
       847, 3.749999998E-02, 2.625000000E-01, 1.119701392E+03
       848, 1.275000000E-01, 3.525000000E-01, 1.111685698E+03
       849, 2.250000000E-02, 2.475000000E-01, 1.121078026E+03
       850, 7.499999955E-03, 2.325000000E-01, 1.122458710E+03
       851, 1.425000000E-01, 3.675000001E-01, 1.110436972E+03
       852, 1.575000000E-01, 3.825000002E-01, 1.109238997E+03
       853, 1.725000000E-01, 3.975000003E-01, 1.108111271E+03
       854, 1.875000000E-01, 4.125000002E-01, 1.107081330E+03
       855, 9.750000000E-02, 3.375000000E-01, 1.114291760E+03
       856, 8.250000000E-02, 3.225000000E-01, 1.115624480E+03
       857, 6.750000000E-02, 3.075000000E-01, 1.116973106E+03
       858, 1.125000000E-01, 3.525000000E-01, 1.112979967E+03
       859, 5.250000000E-02, 2.925000000E-01, 1.118333747E+03
       860, 3.749999999E-02, 2.775000000E-01, 1.119703278E+03
       861, 2.249999999E-02, 2.625000000E-01, 1.121079114E+03
       862, 1.275000000E-01, 3.675000000E-01, 1.111695802E+03
       863, 7.499999998E-03, 2.475000000E-01, 1.122459068E+03
       864, 1.425000000E-01, 3.825000000E-01, 1.110448439E+03
       865, 1.575000000E-01, 3.975000001E-01, 1.109250654E+03
       866, 1.725000000E-01, 4.125000001E-01, 1.108120226E+03
       867, 8.250000000E-02, 3.375000000E-01, 1.115629080E+03
       868, 9.750000000E-02, 3.525000000E-01, 1.114297513E+03
       869, 6.750000000E-02, 3.225000000E-01, 1.116976644E+03
       870, 5.250000000E-02, 3.075000000E-01, 1.118336347E+03
       871, 1.125000000E-01, 3.675000000E-01, 1.112986854E+03
       872, 3.750000000E-02, 2.925000000E-01, 1.119705056E+03
       873, 2.250000000E-02, 2.775000000E-01, 1.121080156E+03
       874, 7.499999997E-03, 2.625000000E-01, 1.122459416E+03
       875, 1.275000000E-01, 3.825000000E-01, 1.111703545E+03
       876, 1.425000000E-01, 3.975000000E-01, 1.110456222E+03
       877, 1.575000000E-01, 4.125000000E-01, 1.109256575E+03
       878, 6.750000000E-02, 3.375000000E-01, 1.116979778E+03
       879, 8.250000000E-02, 3.525000000E-01, 1.115633025E+03
       880, 9.750000000E-02, 3.675000000E-01, 1.114302232E+03
       881, 5.250000000E-02, 3.225000000E-01, 1.118338707E+03
       882, 3.750000000E-02, 3.075000000E-01, 1.119706704E+03
       883, 1.125000000E-01, 3.825000000E-01, 1.112992131E+03
       884, 2.250000000E-02, 2.925000000E-01, 1.121081139E+03
       885, 7.499999998E-03, 2.775000000E-01, 1.122459749E+03
       886, 1.275000000E-01, 3.975000000E-01, 1.111708803E+03
       887, 1.425000000E-01, 4.125000000E-01, 1.110460186E+03
       888, 6.750000000E-02, 3.525000000E-01, 1.116982465E+03
       889, 5.250000000E-02, 3.375000000E-01, 1.118340798E+03
       890, 8.250000000E-02, 3.675000000E-01, 1.115636262E+03
       891, 9.750000000E-02, 3.825000000E-01, 1.114305849E+03
       892, 3.750000000E-02, 3.225000000E-01, 1.119708199E+03
       893, 2.250000000E-02, 3.075000000E-01, 1.121082049E+03
       894, 1.125000000E-01, 3.975000000E-01, 1.112995718E+03
       895, 7.499999999E-03, 2.925000000E-01, 1.122460063E+03
       896, 1.275000000E-01, 4.125000000E-01, 1.111711491E+03
       897, 6.750000000E-02, 3.675000000E-01, 1.116984670E+03
       898, 5.250000000E-02, 3.525000000E-01, 1.118342591E+03
       899, 3.750000000E-02, 3.375000000E-01, 1.119709524E+03
       900, 8.250000000E-02, 3.825000000E-01, 1.115638744E+03
       901, 9.750000000E-02, 3.975000000E-01, 1.114308312E+03
       902, 2.250000000E-02, 3.225000000E-01, 1.121082875E+03
       903, 7.500000000E-03, 3.075000000E-01, 1.122460354E+03
       904, 1.125000000E-01, 4.125000000E-01, 1.112997561E+03
       905, 5.250000000E-02, 3.675000000E-01, 1.118344063E+03
       906, 6.750000000E-02, 3.825000000E-01, 1.116986363E+03
       907, 3.750000000E-02, 3.525000000E-01, 1.119710660E+03
       908, 2.250000000E-02, 3.375000000E-01, 1.121083607E+03
       909, 8.250000000E-02, 3.975000000E-01, 1.115640438E+03
       910, 9.750000000E-02, 4.125000000E-01, 1.114309586E+03
       911, 7.500000000E-03, 3.225000000E-01, 1.122460618E+03
       912, 3.750000000E-02, 3.675000000E-01, 1.119711593E+03
       913, 5.250000000E-02, 3.825000000E-01, 1.118345194E+03
       914, 6.750000000E-02, 3.975000000E-01, 1.116987521E+03
       915, 2.250000000E-02, 3.525000000E-01, 1.121084235E+03
       916, 7.500000000E-03, 3.375000000E-01, 1.122460852E+03
       917, 8.250000000E-02, 4.125000000E-01, 1.115641321E+03
       918, 3.750000000E-02, 3.825000000E-01, 1.119712312E+03
       919, 2.250000000E-02, 3.675000000E-01, 1.121084751E+03
       920, 5.250000000E-02, 3.975000000E-01, 1.118345971E+03
       921, 6.750000000E-02, 4.125000000E-01, 1.116988130E+03
       922, 7.500000000E-03, 3.525000000E-01, 1.122461052E+03
       923, 3.750000000E-02, 3.975000000E-01, 1.119712806E+03
       924, 2.250000000E-02, 3.825000000E-01, 1.121085148E+03
       925, 7.500000000E-03, 3.675000000E-01, 1.122461217E+03
       926, 5.250000000E-02, 4.125000000E-01, 1.118346382E+03
       927, 2.250000000E-02, 3.975000000E-01, 1.121085422E+03
       928, 3.750000000E-02, 4.125000000E-01, 1.119713070E+03
       929, 7.500000000E-03, 3.825000000E-01, 1.122461344E+03
       930, 7.500000000E-03, 3.975000000E-01, 1.122461432E+03
       931, 2.250000000E-02, 4.125000000E-01, 1.121085569E+03
       932, 7.500000000E-03, 4.125000000E-01, 1.122461479E+03
