cellnumber,    x-coordinate,    y-coordinate,     temperature
         1, 7.499955596E-03, 7.499985174E-03, 1.122312243E+03
         2, 2.249986720E-02, 7.499985246E-03, 1.120641254E+03
         3, 7.499923154E-03, 2.250000395E-02, 1.122312261E+03
         4, 2.249977006E-02, 2.250000381E-02, 1.120641310E+03
         5, 3.749976769E-02, 7.499981377E-03, 1.118983622E+03
         6, 7.499945085E-03, 3.750000333E-02, 1.122312297E+03
         7, 2.249983563E-02, 3.750000328E-02, 1.120641426E+03
         8, 3.749959090E-02, 2.250000258E-02, 1.118983731E+03
         9, 5.249963340E-02, 7.499973379E-03, 1.117347664E+03
        10, 7.499953010E-03, 5.249999930E-02, 1.122312358E+03
        11, 3.749961187E-02, 3.749997531E-02, 1.118983958E+03
        12, 2.249980262E-02, 5.249998035E-02, 1.120641628E+03
        13, 5.249933150E-02, 2.249999950E-02, 1.117347850E+03
        14, 6.749944054E-02, 7.499961317E-03, 1.115740803E+03
        15, 7.499906384E-03, 6.749998511E-02, 1.122312451E+03
        16, 5.249924452E-02, 3.749998416E-02, 1.117348237E+03
        17, 3.749949708E-02, 5.250001446E-02, 1.118984339E+03
        18, 2.249966234E-02, 6.750000382E-02, 1.120641919E+03
        19, 6.749893295E-02, 2.249999427E-02, 1.115741107E+03
        20, 8.249916225E-02, 7.499944646E-03, 1.114169216E+03
        21, 7.499900377E-03, 8.250001282E-02, 1.122312561E+03
        22, 5.249903729E-02, 5.249999129E-02, 1.117348856E+03
        23, 6.749871647E-02, 3.749997294E-02, 1.115741718E+03
        24, 3.749932809E-02, 6.749999386E-02, 1.118984865E+03
        25, 2.249963103E-02, 8.249998962E-02, 1.120642269E+03
        26, 8.249811426E-02, 2.249991600E-02, 1.114169719E+03
        27, 9.749876837E-02, 7.499918547E-03, 1.112637466E+03
        28, 7.499909761E-03, 9.749999039E-02, 1.122312692E+03
        29, 5.249883377E-02, 6.749998350E-02, 1.117349694E+03
        30, 6.749834675E-02, 5.249998690E-02, 1.115742674E+03
        31, 8.249728112E-02, 3.749990664E-02, 1.114170693E+03
        32, 3.749925778E-02, 8.250000280E-02, 1.118985509E+03
        33, 2.249965915E-02, 9.750001367E-02, 1.120642681E+03
        34, 9.749689965E-02, 2.249992995E-02, 1.112638257E+03
        35, 1.124982233E-01, 7.499880770E-03, 1.111148130E+03
        36, 7.499933227E-03, 1.125000177E-01, 1.122312841E+03
        37, 6.749800766E-02, 6.749997587E-02, 1.115743954E+03
        38, 5.249871348E-02, 8.249999685E-02, 1.117350728E+03
        39, 8.249640037E-02, 5.249995775E-02, 1.114172155E+03
        40, 9.749464125E-02, 3.749974941E-02, 1.112639798E+03
        41, 3.749930728E-02, 9.750000369E-02, 1.118986264E+03
        42, 2.249977068E-02, 1.125000083E-01, 1.120643146E+03
        43, 1.124950260E-01, 2.249976359E-02, 1.111149340E+03
        44, 1.274974942E-01, 7.499841780E-03, 1.109701421E+03
        45, 8.249620045E-02, 6.750011878E-02, 1.114174023E+03
        46, 6.749743968E-02, 8.249987561E-02, 1.115745568E+03
        47, 5.249879258E-02, 9.750000270E-02, 1.117351937E+03
        48, 9.749295079E-02, 5.250009199E-02, 1.112641978E+03
        49, 1.124910611E-01, 3.749987031E-02, 1.111151636E+03
        50, 3.749946500E-02, 1.124999916E-01, 1.118987120E+03
        51, 1.274924699E-01, 2.249977128E-02, 1.109703200E+03
        52, 1.424965448E-01, 7.499773009E-03, 1.108294832E+03
        53, 8.249539710E-02, 8.249994488E-02, 1.114176407E+03
        54, 9.749332976E-02, 6.750000844E-02, 1.112644636E+03
        55, 6.749756315E-02, 9.750012743E-02, 1.115747402E+03
        56, 5.249898224E-02, 1.125000120E-01, 1.117353312E+03
        57, 1.124879351E-01, 5.249966386E-02, 1.111154842E+03
        58, 1.274865248E-01, 3.749967472E-02, 1.109706484E+03
        59, 1.424893897E-01, 2.249961866E-02, 1.108297330E+03
        60, 1.574953937E-01, 7.499716511E-03, 1.106922835E+03
        61, 8.249558333E-02, 9.750007633E-02, 1.114179117E+03
        62, 9.749250690E-02, 8.249991484E-02, 1.112648070E+03
        63, 1.124876360E-01, 6.749987580E-02, 1.111158749E+03
        64, 6.749824947E-02, 1.125000211E-01, 1.115749445E+03
        65, 1.274813489E-01, 5.249977441E-02, 1.109711089E+03
        66, 1.424806989E-01, 3.749946052E-02, 1.108301922E+03
        67, 1.574854751E-01, 2.249948552E-02, 1.106926237E+03
        68, 1.724939737E-01, 7.499501138E-03, 1.105576799E+03
        69, 9.749201079E-02, 9.749984519E-02, 1.112652093E+03
        70, 8.249661677E-02, 1.124999130E-01, 1.114182137E+03
        71, 1.124861334E-01, 8.249986831E-02, 1.111163710E+03
        72, 1.274794326E-01, 6.749984795E-02, 1.109716761E+03
        73, 1.424730861E-01, 5.249956250E-02, 1.108308341E+03
        74, 1.574731319E-01, 3.749928730E-02, 1.106932478E+03
        75, 1.724808214E-01, 2.249897925E-02, 1.105581243E+03
        76, 1.874924709E-01, 7.498971058E-03, 1.104245318E+03
        77, 1.124856124E-01, 9.750028579E-02, 1.111169468E+03
        78, 9.749265312E-02, 1.125000767E-01, 1.112656578E+03
        79, 1.274769609E-01, 8.249984601E-02, 1.109723812E+03
        80, 1.424687064E-01, 6.749932075E-02, 1.108316371E+03
        81, 1.574622433E-01, 5.249937251E-02, 1.106941190E+03
        82, 1.724642180E-01, 3.749866287E-02, 1.105589382E+03
        83, 1.874758242E-01, 2.249741931E-02, 1.104250811E+03
        84, 2.024908657E-01, 7.497785422E-03, 1.102915443E+03
        85, 1.124871011E-01, 1.125000462E-01, 1.111175864E+03
        86, 1.274758805E-01, 9.749964769E-02, 1.109732006E+03
        87, 1.424650488E-01, 8.250010695E-02, 1.108326193E+03
        88, 1.574546187E-01, 6.749945684E-02, 1.106952203E+03
        89, 1.724491027E-01, 5.249858209E-02, 1.105600784E+03
        90, 1.874547548E-01, 3.749614649E-02, 1.104260843E+03
        91, 2.024717039E-01, 2.249419619E-02, 1.102921654E+03
        92, 2.174897755E-01, 7.496316737E-03, 1.101575084E+03
        93, 1.274790881E-01, 1.125005544E-01, 1.109740998E+03
        94, 1.424633139E-01, 9.749993175E-02, 1.108337639E+03
        95, 1.574493720E-01, 8.249972675E-02, 1.106965559E+03
        96, 1.724383088E-01, 6.749876902E-02, 1.105615225E+03
        97, 1.874350068E-01, 5.249541180E-02, 1.104274961E+03
        98, 2.024477671E-01, 3.749104757E-02, 1.102932946E+03
        99, 2.174686054E-01, 2.248953227E-02, 1.101581365E+03
       100, 2.324889637E-01, 7.494682677E-03, 1.100216928E+03
       101, 1.424678540E-01, 1.125003149E-01, 1.108350233E+03
       102, 1.574476843E-01, 9.749995432E-02, 1.106981114E+03
       103, 1.724306884E-01, 8.249914969E-02, 1.105632816E+03
       104, 1.874203939E-01, 6.749539571E-02, 1.104292929E+03
       105, 2.024239071E-01, 5.248843266E-02, 1.102949021E+03
       106, 2.174428680E-01, 3.748339975E-02, 1.101592600E+03
       107, 2.324674083E-01, 2.248431148E-02, 1.100222178E+03
       108, 2.474892422E-01, 7.493210868E-03, 1.098841972E+03
       109, 1.424768904E-01, 1.275002944E-01, 1.108364054E+03
       110, 1.574538650E-01, 1.125005244E-01, 1.106998416E+03
       111, 1.724269300E-01, 9.749946307E-02, 1.105653508E+03
       112, 1.874100996E-01, 8.249602396E-02, 1.104314927E+03
       113, 2.024057169E-01, 6.748740874E-02, 1.102969597E+03
       114, 2.174159309E-01, 5.247769726E-02, 1.101608696E+03
       115, 2.324421641E-01, 3.747373673E-02, 1.100231196E+03
       116, 2.474687797E-01, 2.247932767E-02, 1.098845084E+03
       117, 2.624905080E-01, 7.493239412E-03, 1.097460143E+03
       118, 1.424858256E-01, 1.425004067E-01, 1.108379403E+03
       119, 1.574653141E-01, 1.275001580E-01, 1.107017625E+03
       120, 1.724346177E-01, 1.125007029E-01, 1.105676631E+03
       121, 1.874032779E-01, 9.749699036E-02, 1.104341163E+03
       122, 2.023925146E-01, 8.248783595E-02, 1.102995003E+03
       123, 2.173940635E-01, 6.747430115E-02, 1.101629420E+03
       124, 2.324117737E-01, 5.246262526E-02, 1.100244330E+03
       125, 2.474456378E-01, 3.746546862E-02, 1.098849735E+03
       126, 2.624718437E-01, 2.247857775E-02, 1.097460641E+03
       127, 2.774926780E-01, 7.495459408E-03, 1.096084998E+03
       128, 1.574779493E-01, 1.425010107E-01, 1.107038990E+03
       129, 1.724493440E-01, 1.275008144E-01, 1.105702562E+03
       130, 1.874121930E-01, 1.124991289E-01, 1.104370704E+03
       131, 2.023819474E-01, 9.748884770E-02, 1.103025790E+03
       132, 2.173778400E-01, 8.247271811E-02, 1.101655159E+03
       133, 2.323849822E-01, 6.745445197E-02, 1.100261127E+03
       134, 2.474138610E-01, 5.245092885E-02, 1.098856575E+03
       135, 2.624516946E-01, 3.746268371E-02, 1.097460015E+03
       136, 2.774776818E-01, 2.248480481E-02, 1.096083086E+03
       137, 2.924945534E-01, 7.498190786E-03, 1.094726575E+03
       138, 1.724667949E-01, 1.425013993E-01, 1.105731618E+03
       139, 1.874315384E-01, 1.275001377E-01, 1.104404174E+03
       140, 2.023902458E-01, 1.124910166E-01, 1.103060926E+03
       141, 2.173632834E-01, 9.747182334E-02, 1.101686859E+03
       142, 2.323663316E-01, 8.244699358E-02, 1.100281628E+03
       143, 2.473839429E-01, 6.743643892E-02, 1.098864789E+03
       144, 2.624218657E-01, 5.244551100E-02, 1.097458953E+03
       145, 2.774617142E-01, 3.747324616E-02, 1.096077853E+03
       146, 2.924825409E-01, 2.249352450E-02, 1.094723278E+03
       147, 3.074963940E-01, 7.499586429E-03, 1.093385943E+03
       148, 1.874544845E-01, 1.425014031E-01, 1.104442283E+03
       149, 2.024136008E-01, 1.274938021E-01, 1.103101236E+03
       150, 2.173691661E-01, 1.124732361E-01, 1.101723556E+03
       151, 2.323507123E-01, 9.744369065E-02, 1.100306952E+03
       152, 2.473628899E-01, 8.242220019E-02, 1.098873906E+03
       153, 2.623934291E-01, 6.742892659E-02, 1.097456325E+03
       154, 2.774365827E-01, 5.246096224E-02, 1.096069849E+03
       155, 2.924699451E-01, 3.748876395E-02, 1.094715495E+03
       156, 3.074878955E-01, 2.249793842E-02, 1.093382188E+03
       157, 3.224978866E-01, 7.500086182E-03, 1.092055796E+03
       158, 2.024424568E-01, 1.424962136E-01, 1.103148065E+03
       159, 2.173955933E-01, 1.274765478E-01, 1.101766156E+03
       160, 2.323534133E-01, 1.124415938E-01, 1.100336504E+03
       161, 2.473453726E-01, 9.741176187E-02, 1.098884685E+03
       162, 2.623735695E-01, 8.241297400E-02, 1.097451278E+03
       163, 2.774112269E-01, 6.744725147E-02, 1.096057946E+03
       164, 2.924515577E-01, 5.248368969E-02, 1.094703492E+03
       165, 3.074783357E-01, 3.749588570E-02, 1.093373869E+03
       166, 3.224921519E-01, 2.249971126E-02, 1.092052283E+03
       167, 3.374989826E-01, 7.500139938E-03, 1.090724096E+03
       168, 2.174312863E-01, 1.424814728E-01, 1.101816803E+03
       169, 2.323792771E-01, 1.274453474E-01, 1.100370910E+03
       170, 2.473451805E-01, 1.124060687E-01, 1.098896118E+03
       171, 2.623542721E-01, 9.739959398E-02, 1.097444329E+03
       172, 2.773916304E-01, 8.243574999E-02, 1.096041127E+03
       173, 2.924306136E-01, 6.747705110E-02, 1.094686656E+03
       174, 3.074662783E-01, 5.249442984E-02, 1.093360975E+03
       175, 3.224854379E-01, 3.749957956E-02, 1.092044705E+03
       176, 3.374954699E-01, 2.250018213E-02, 1.090721136E+03
       177, 3.524996557E-01, 7.500077367E-03, 1.089377887E+03
       178, 2.324220851E-01, 1.424528185E-01, 1.100412188E+03
       179, 2.473680755E-01, 1.274065796E-01, 1.098907968E+03
       180, 2.623507332E-01, 1.123922198E-01, 1.097433705E+03
       181, 2.773717163E-01, 9.742506626E-02, 1.096019327E+03
       182, 2.924123780E-01, 8.247035856E-02, 1.094664073E+03
       183, 3.074509433E-01, 6.749128491E-02, 1.093343365E+03
       184, 3.224794097E-01, 5.249932272E-02, 1.092032854E+03
       185, 3.374915323E-01, 3.750011078E-02, 1.090714823E+03
       186, 3.524977079E-01, 2.250008122E-02, 1.089375558E+03
       187, 3.674999390E-01, 7.500019584E-03, 1.088005771E+03
       188, 2.474156838E-01, 1.424163139E-01, 1.098920441E+03
       189, 2.324654246E-01, 1.574614643E-01, 1.100463857E+03
       190, 2.623677543E-01, 1.273917056E-01, 1.097418453E+03
       191, 2.773640552E-01, 1.124183900E-01, 1.095990523E+03
       192, 2.923928067E-01, 9.746296767E-02, 1.094635523E+03
       193, 3.074350928E-01, 8.248865637E-02, 1.093320519E+03
       194, 3.224685207E-01, 6.749813584E-02, 1.092017118E+03
       195, 3.374896541E-01, 5.250011558E-02, 1.090704923E+03
       196, 3.524954127E-01, 3.750006521E-02, 1.089370639E+03
       197, 3.674989151E-01, 2.250013873E-02, 1.088004030E+03
       198, 3.824999976E-01, 7.500001079E-03, 1.086599095E+03
       199, 2.624124287E-01, 1.424022336E-01, 1.097397241E+03
       200, 2.474627037E-01, 1.574314033E-01, 1.098936503E+03
       201, 2.773768788E-01, 1.274165144E-01, 1.095952754E+03
       202, 2.923843553E-01, 1.124561139E-01, 1.094599141E+03
       203, 3.074185510E-01, 9.748578307E-02, 1.093292107E+03
       204, 3.224543945E-01, 8.249787182E-02, 1.091997240E+03
       205, 3.374821230E-01, 6.750017502E-02, 1.090692094E+03
       206, 3.524950535E-01, 5.250000660E-02, 1.089362938E+03
       207, 3.674976295E-01, 3.750006651E-02, 1.088000361E+03
       208, 3.824996486E-01, 2.250007016E-02, 1.086597827E+03
       209, 3.975000000E-01, 7.500000095E-03, 1.085152316E+03
       210, 2.774153140E-01, 1.424196523E-01, 1.095903962E+03
       211, 2.624600140E-01, 1.574192482E-01, 1.097371763E+03
       212, 2.474857628E-01, 1.724465204E-01, 1.098959290E+03
       213, 2.923943747E-01, 1.274517473E-01, 1.094553310E+03
       214, 3.074100552E-01, 1.124819173E-01, 1.093256957E+03
       215, 3.224436087E-01, 9.749774929E-02, 1.091972506E+03
       216, 3.374706830E-01, 8.249993039E-02, 1.090676168E+03
       217, 3.524913236E-01, 6.750061095E-02, 1.089352941E+03
       218, 3.674976258E-01, 5.249999850E-02, 1.087994644E+03
       219, 3.824992286E-01, 3.750002127E-02, 1.086595148E+03
       220, 3.974999230E-01, 2.250002086E-02, 1.085151427E+03
       221, 4.125000000E-01, 7.500000024E-03, 1.083662917E+03
       222, 2.924266770E-01, 1.424496544E-01, 1.094496550E+03
       223, 2.774601357E-01, 1.574304265E-01, 1.095843846E+03
       224, 2.624836764E-01, 1.724363794E-01, 1.097344203E+03
       225, 3.074163507E-01, 1.274798575E-01, 1.093214003E+03
       226, 3.224371482E-01, 1.124957188E-01, 1.091942702E+03
       227, 3.374656981E-01, 9.749988861E-02, 1.090656216E+03
       228, 3.524846189E-01, 8.250025637E-02, 1.089340649E+03
       229, 3.674963908E-01, 6.750023128E-02, 1.087987130E+03
       230, 3.824993461E-01, 5.249996511E-02, 1.086591024E+03
       231, 3.974998399E-01, 3.750000272E-02, 1.085149528E+03
       232, 4.124999922E-01, 2.250000257E-02, 1.083662316E+03
       233, 4.275000000E-01, 7.500000005E-03, 1.082131110E+03
       234, 3.074414393E-01, 1.424783458E-01, 1.093162420E+03
       235, 2.924631110E-01, 1.574537051E-01, 1.094429110E+03
       236, 2.774825813E-01, 1.724438229E-01, 1.095772536E+03
       237, 3.224396205E-01, 1.274949797E-01, 1.091907284E+03
       238, 3.374620749E-01, 1.124992010E-01, 1.090632706E+03
       239, 3.524829242E-01, 9.750009234E-02, 1.089325383E+03
       240, 3.674935372E-01, 8.250018686E-02, 1.087977905E+03
       241, 3.824989994E-01, 6.750011430E-02, 1.086585567E+03
       242, 3.974998756E-01, 5.249998724E-02, 1.085146625E+03
       243, 4.124999813E-01, 3.749999872E-02, 1.083661004E+03
       244, 4.274999998E-01, 2.250000004E-02, 1.082130716E+03
       245, 4.425000000E-01, 7.500000003E-03, 1.080559469E+03
       246, 3.074687683E-01, 1.574789168E-01, 1.093103133E+03
       247, 3.224567444E-01, 1.424934929E-01, 1.091865673E+03
       248, 2.924825760E-01, 1.724613825E-01, 1.094351302E+03
       249, 3.374617358E-01, 1.274988523E-01, 1.090605492E+03
       250, 3.524810067E-01, 1.125000917E-01, 1.089307689E+03
       251, 3.674932644E-01, 9.749991403E-02, 1.087966640E+03
       252, 3.824976517E-01, 8.249998143E-02, 1.086578879E+03
       253, 3.974998020E-01, 6.750002900E-02, 1.085142757E+03
       254, 4.124999796E-01, 5.249999988E-02, 1.083658996E+03
       255, 4.274999959E-01, 3.750000117E-02, 1.082129830E+03
       256, 4.424999999E-01, 2.250000002E-02, 1.080559219E+03
       257, 4.575000000E-01, 7.500000001E-03, 1.078952553E+03
       258, 3.524784160E-01, 1.274993847E-01, 1.089287685E+03
       259, 3.674924840E-01, 1.125002168E-01, 1.087953701E+03
       260, 3.824974485E-01, 9.749994743E-02, 1.086570809E+03
       261, 3.974991467E-01, 8.250011096E-02, 1.085138010E+03
       262, 4.124999587E-01, 6.750000284E-02, 1.083656304E+03
       263, 4.274999920E-01, 5.249999981E-02, 1.082128461E+03
       264, 4.424999996E-01, 3.750000005E-02, 1.080558631E+03
       265, 4.575000000E-01, 2.250000001E-02, 1.078952399E+03
       266, 4.725000000E-01, 7.500000001E-03, 1.077316537E+03
       267, 3.674893882E-01, 1.275000234E-01, 1.087939342E+03
       268, 3.824971594E-01, 1.125000833E-01, 1.086561548E+03
       269, 3.974988864E-01, 9.749994531E-02, 1.085132332E+03
       270, 4.124997750E-01, 8.250001602E-02, 1.083652975E+03
       271, 4.274999850E-01, 6.750000258E-02, 1.082126616E+03
       272, 4.424999987E-01, 5.250000010E-02, 1.080557716E+03
       273, 4.574999998E-01, 3.750000004E-02, 1.078952022E+03
       274, 4.725000000E-01, 2.250000000E-02, 1.077316448E+03
       275, 4.875000000E-01, 7.500000001E-03, 1.075658845E+03
       276, 3.824952810E-01, 1.275000683E-01, 1.086551316E+03
       277, 3.974987641E-01, 1.125000827E-01, 1.085125810E+03
       278, 4.124997015E-01, 9.749999177E-02, 1.083649015E+03
       279, 4.274998850E-01, 8.250000717E-02, 1.082124330E+03
       280, 4.424999986E-01, 6.750000006E-02, 1.080556474E+03
       281, 4.574999993E-01, 5.250000004E-02, 1.078951426E+03
       282, 4.725000000E-01, 3.750000001E-02, 1.077316217E+03
       283, 4.875000000E-01, 2.250000000E-02, 1.075658799E+03
       284, 5.025000000E-01, 7.500000001E-03, 1.073987791E+03
       285, 3.974974993E-01, 1.274999716E-01, 1.085118629E+03
       286, 4.124996708E-01, 1.125000129E-01, 1.083644476E+03
       287, 4.274998400E-01, 9.749999550E-02, 1.082121609E+03
       288, 4.424999435E-01, 8.250000562E-02, 1.080554929E+03
       289, 4.574999993E-01, 6.749999999E-02, 1.078950612E+03
       290, 4.724999997E-01, 5.250000003E-02, 1.077315849E+03
       291, 4.875000000E-01, 3.750000000E-02, 1.075658676E+03
       292, 5.025000000E-01, 2.250000000E-02, 1.073987777E+03
       293, 4.124987916E-01, 1.275000638E-01, 1.083639495E+03
       294, 4.274998264E-01, 1.125000069E-01, 1.082118491E+03
       295, 4.424999143E-01, 9.749999753E-02, 1.080553090E+03
       296, 4.574999697E-01, 8.250000304E-02, 1.078949596E+03
       297, 4.724999996E-01, 6.749999999E-02, 1.077315344E+03
       298, 4.874999998E-01, 5.250000002E-02, 1.075658477E+03
       299, 5.025000000E-01, 3.750000000E-02, 1.073987738E+03
       300, 4.274993093E-01, 1.275000387E-01, 1.082115064E+03
       301, 4.424999089E-01, 1.125000036E-01, 1.080550980E+03
       302, 4.574999542E-01, 9.749999868E-02, 1.078948384E+03
       303, 4.724999837E-01, 8.250000164E-02, 1.077314710E+03
       304, 4.874999998E-01, 6.750000000E-02, 1.075658202E+03
       305, 5.024999999E-01, 5.250000002E-02, 1.073987675E+03
       306, 4.574999525E-01, 1.125000019E-01, 1.078946993E+03
       307, 4.724999778E-01, 9.750000001E-02, 1.077313952E+03
       308, 4.874999937E-01, 8.250000168E-02, 1.075657856E+03
       309, 5.024999999E-01, 6.749999999E-02, 1.073987588E+03
       310, 4.724999777E-01, 1.125000002E-01, 1.077313082E+03
       311, 4.874999928E-01, 9.749999844E-02, 1.075657442E+03
       312, 5.024999994E-01, 8.250000021E-02, 1.073987478E+03
       313, 4.874999932E-01, 1.125000016E-01, 1.075656967E+03
       314, 5.024999991E-01, 9.749999990E-02, 1.073987347E+03
       315, 5.024999993E-01, 1.125000001E-01, 1.073987196E+03
       316, 5.025000000E-01, 4.125000000E-01, 1.073983771E+03
       317, 4.875000000E-01, 4.125000000E-01, 1.075646203E+03
       318, 5.025000000E-01, 3.975000000E-01, 1.073983808E+03
       319, 4.875000000E-01, 3.975000000E-01, 1.075646318E+03
       320, 4.725000000E-01, 4.125000000E-01, 1.077293443E+03
       321, 5.025000000E-01, 3.825000000E-01, 1.073983870E+03
       322, 4.875000000E-01, 3.825000000E-01, 1.075646512E+03
       323, 4.725000000E-01, 3.975000000E-01, 1.077293646E+03
       324, 4.575000000E-01, 4.125000000E-01, 1.078915671E+03
       325, 5.025000000E-01, 3.675000000E-01, 1.073983957E+03
       326, 4.725000000E-01, 3.825000000E-01, 1.077293995E+03
       327, 4.875000000E-01, 3.675000000E-01, 1.075646783E+03
       328, 4.575000000E-01, 3.975000000E-01, 1.078915984E+03
       329, 4.425000000E-01, 4.125000000E-01, 1.080503494E+03
       330, 5.025000000E-01, 3.525000000E-01, 1.073984066E+03
       331, 4.575000000E-01, 3.825000000E-01, 1.078916530E+03
       332, 4.725000000E-01, 3.675000000E-01, 1.077294485E+03
       333, 4.875000000E-01, 3.525000000E-01, 1.075647125E+03
       334, 4.425000000E-01, 3.975000000E-01, 1.080503950E+03
       335, 4.275000000E-01, 4.125000000E-01, 1.082048030E+03
       336, 5.025000000E-01, 3.375000000E-01, 1.073984197E+03
       337, 4.575000000E-01, 3.675000000E-01, 1.078917304E+03
       338, 4.425000000E-01, 3.825000000E-01, 1.080504765E+03
       339, 4.725000000E-01, 3.525000000E-01, 1.077295106E+03
       340, 4.875000000E-01, 3.375000000E-01, 1.075647534E+03
       341, 4.275000000E-01, 3.975000000E-01, 1.082048684E+03
       342, 4.125000000E-01, 4.125000000E-01, 1.083540905E+03
       343, 5.025000000E-01, 3.225000000E-01, 1.073984347E+03
       344, 4.575000000E-01, 3.525000000E-01, 1.078918289E+03
       345, 4.425000000E-01, 3.675000000E-01, 1.080505928E+03
       346, 4.275000000E-01, 3.825000000E-01, 1.082049878E+03
       347, 4.725000000E-01, 3.375000000E-01, 1.077295851E+03
       348, 4.875000000E-01, 3.225000000E-01, 1.075648006E+03
       349, 4.125000000E-01, 3.975000000E-01, 1.083541843E+03
       350, 3.975000000E-01, 4.125000000E-01, 1.084974104E+03
       351, 5.025000000E-01, 3.075000000E-01, 1.073984515E+03
       352, 4.425000000E-01, 3.525000000E-01, 1.080507416E+03
       353, 4.575000000E-01, 3.375000000E-01, 1.078919475E+03
       354, 4.275000000E-01, 3.675000000E-01, 1.082051595E+03
       355, 4.125000000E-01, 3.825000000E-01, 1.083543585E+03
       356, 4.725000000E-01, 3.225000000E-01, 1.077296710E+03
       357, 4.875000000E-01, 3.075000000E-01, 1.075648534E+03
       358, 3.975000000E-01, 3.975000000E-01, 1.084975457E+03
       359, 3.825000000E-01, 4.125000000E-01, 1.086339607E+03
       360, 5.025000000E-01, 2.925000000E-01, 1.073984699E+03
       361, 4.275000000E-01, 3.525000000E-01, 1.082053801E+03
       362, 4.425000000E-01, 3.375000000E-01, 1.080509212E+03
       363, 4.575000000E-01, 3.225000000E-01, 1.078920844E+03
       364, 4.125000000E-01, 3.675000000E-01, 1.083546108E+03
       365, 3.975000000E-01, 3.825000000E-01, 1.084978011E+03
       366, 4.725000000E-01, 3.075000000E-01, 1.077297673E+03
       367, 4.875000000E-01, 2.925000000E-01, 1.075649111E+03
       368, 3.825000000E-01, 3.975000000E-01, 1.086341579E+03
       369, 3.675000000E-01, 4.124999999E-01, 1.087628692E+03
       370, 5.025000000E-01, 2.775000000E-01, 1.073984896E+03
       371, 4.275000000E-01, 3.375000000E-01, 1.082056470E+03
       372, 4.125000000E-01, 3.525000000E-01, 1.083549364E+03
       373, 4.425000000E-01, 3.225000000E-01, 1.080511290E+03
       374, 4.574999999E-01, 3.075000000E-01, 1.078922381E+03
       375, 3.975000000E-01, 3.675000000E-01, 1.084981730E+03
       376, 3.825000000E-01, 3.825000000E-01, 1.086345357E+03
       377, 4.724999999E-01, 2.925000000E-01, 1.077298728E+03
       378, 4.874999999E-01, 2.775000000E-01, 1.075649732E+03
       379, 3.674999999E-01, 3.974999995E-01, 1.087631612E+03
       380, 3.524999998E-01, 4.124999990E-01, 1.088830723E+03
       381, 5.024999999E-01, 2.625000000E-01, 1.073985105E+03
       382, 4.275000000E-01, 3.225000000E-01, 1.082059564E+03
       383, 4.125000000E-01, 3.375000000E-01, 1.083553310E+03
       384, 3.975000000E-01, 3.525000000E-01, 1.084986545E+03
       385, 4.424999999E-01, 3.075000000E-01, 1.080513624E+03
       386, 4.574999999E-01, 2.925000000E-01, 1.078924065E+03
       387, 3.825000000E-01, 3.674999999E-01, 1.086350880E+03
       388, 3.674999999E-01, 3.824999991E-01, 1.087637264E+03
       389, 4.724999995E-01, 2.774999999E-01, 1.077299861E+03
       390, 4.874999996E-01, 2.625000000E-01, 1.075650387E+03
       391, 3.524999998E-01, 3.974999970E-01, 1.088835115E+03
       392, 3.375000000E-01, 4.124999984E-01, 1.089931097E+03
       393, 5.024999999E-01, 2.475000000E-01, 1.073985321E+03
       394, 4.125000000E-01, 3.225000000E-01, 1.083557888E+03
       395, 4.274999998E-01, 3.075000000E-01, 1.082063041E+03
       396, 3.975000000E-01, 3.375000000E-01, 1.084992388E+03
       397, 3.825000000E-01, 3.524999999E-01, 1.086358047E+03
       398, 4.424999998E-01, 2.925000000E-01, 1.080516183E+03
       399, 4.574999990E-01, 2.774999999E-01, 1.078925875E+03
       400, 3.674999999E-01, 3.674999985E-01, 1.087645550E+03
       401, 3.524999997E-01, 3.824999947E-01, 1.088843679E+03
       402, 4.724999989E-01, 2.625000000E-01, 1.077301058E+03
       403, 4.874999993E-01, 2.475000000E-01, 1.075651069E+03
       404, 3.374999995E-01, 3.974999938E-01, 1.089937797E+03
       405, 3.224999991E-01, 4.124999960E-01, 1.090907964E+03
       406, 5.024999986E-01, 2.324999996E-01, 1.073985544E+03
       407, 3.974999999E-01, 3.224999999E-01, 1.084999168E+03
       408, 4.124999996E-01, 3.075000000E-01, 1.083563035E+03
       409, 4.274999996E-01, 2.925000000E-01, 1.082066854E+03
       410, 3.824999999E-01, 3.374999998E-01, 1.086366744E+03
       411, 3.674999998E-01, 3.524999976E-01, 1.087656314E+03
       412, 4.424999983E-01, 2.774999999E-01, 1.080518934E+03
       413, 4.574999980E-01, 2.625000000E-01, 1.078927788E+03
       414, 3.524999996E-01, 3.674999915E-01, 1.088856261E+03
       415, 3.374999996E-01, 3.824999873E-01, 1.089950936E+03
       416, 4.724999977E-01, 2.474999997E-01, 1.077302304E+03
       417, 4.874999955E-01, 2.324999996E-01, 1.075651770E+03
       418, 3.224999997E-01, 3.974999865E-01, 1.090918258E+03
       419, 3.075000007E-01, 4.124999957E-01, 1.091727438E+03
       420, 5.024999985E-01, 2.175000004E-01, 1.073985770E+03
       421, 3.974999994E-01, 3.074999999E-01, 1.085006785E+03
       422, 3.824999999E-01, 3.224999996E-01, 1.086376833E+03
       423, 4.124999994E-01, 2.925000000E-01, 1.083568677E+03
       424, 4.274999970E-01, 2.774999997E-01, 1.082070952E+03
       425, 3.674999997E-01, 3.374999964E-01, 1.087669374E+03
       426, 3.524999994E-01, 3.524999868E-01, 1.088872616E+03
       427, 4.424999966E-01, 2.625000000E-01, 1.080521841E+03
       428, 4.574999952E-01, 2.474999997E-01, 1.078929778E+03
       429, 3.374999992E-01, 3.674999785E-01, 1.089970272E+03
       430, 3.224999992E-01, 3.824999740E-01, 1.090938546E+03
       431, 4.724999908E-01, 2.324999997E-01, 1.077303584E+03
       432, 4.874999954E-01, 2.175000004E-01, 1.075652479E+03
       433, 3.075000007E-01, 3.974999869E-01, 1.091743080E+03
       434, 2.924999953E-01, 4.124999837E-01, 1.092338508E+03
       435, 5.024999927E-01, 2.024999977E-01, 1.073985996E+03
       436, 3.824999991E-01, 3.074999993E-01, 1.086388153E+03
       437, 3.974999990E-01, 2.924999999E-01, 1.085015128E+03
       438, 3.674999996E-01, 3.224999945E-01, 1.087684505E+03
       439, 4.124999947E-01, 2.774999996E-01, 1.083574736E+03
       440, 4.274999941E-01, 2.625000000E-01, 1.082075281E+03
       441, 3.524999990E-01, 3.374999800E-01, 1.088892446E+03
       442, 3.374999986E-01, 3.524999643E-01, 1.089995431E+03
       443, 4.424999917E-01, 2.474999996E-01, 1.080524867E+03
       444, 4.574999835E-01, 2.324999992E-01, 1.078931823E+03
       445, 3.224999987E-01, 3.674999552E-01, 1.090968492E+03
       446, 3.075000009E-01, 3.824999757E-01, 1.091774090E+03
       447, 4.724999895E-01, 2.174999999E-01, 1.077304879E+03
       448, 4.874999782E-01, 2.024999977E-01, 1.075653190E+03
       449, 2.924999954E-01, 3.974999513E-01, 1.092361099E+03
       450, 2.775000051E-01, 4.124999848E-01, 1.092674014E+03
       451, 5.024999926E-01, 1.875000023E-01, 1.073986219E+03
       452, 3.824999984E-01, 2.924999988E-01, 1.086400529E+03
       453, 3.674999985E-01, 3.074999922E-01, 1.087701449E+03
       454, 3.974999923E-01, 2.774999994E-01, 1.085024075E+03
       455, 3.524999985E-01, 3.224999700E-01, 1.088915384E+03
       456, 4.124999901E-01, 2.625000000E-01, 1.083581130E+03
       457, 4.274999859E-01, 2.474999993E-01, 1.082079783E+03
       458, 3.374999939E-01, 3.374999308E-01, 1.090025930E+03
       459, 3.224999977E-01, 3.524999240E-01, 1.091007569E+03
       460, 4.424999719E-01, 2.324999987E-01, 1.080527973E+03
       461, 4.574999734E-01, 2.174999983E-01, 1.078933894E+03
       462, 3.074999980E-01, 3.674999472E-01, 1.091820156E+03
       463, 2.924999938E-01, 3.824999123E-01, 1.092406256E+03
       464, 4.724999589E-01, 2.024999975E-01, 1.077306179E+03
       465, 4.874999749E-01, 1.875000012E-01, 1.075653891E+03
       466, 2.775000050E-01, 3.974999546E-01, 1.092702756E+03
       467, 5.024999682E-01, 1.724999896E-01, 1.073986439E+03
       468, 3.824999894E-01, 2.774999978E-01, 1.086413771E+03
       469, 3.674999975E-01, 2.924999894E-01, 1.087719924E+03
       470, 3.524999961E-01, 3.074999545E-01, 1.088941007E+03
       471, 3.974999838E-01, 2.624999991E-01, 1.085033499E+03
       472, 3.374999943E-01, 3.224998798E-01, 1.090061174E+03
       473, 4.124999765E-01, 2.474999988E-01, 1.083587772E+03
       474, 4.274999527E-01, 2.324999979E-01, 1.082084402E+03
       475, 3.224999919E-01, 3.374998379E-01, 1.091055059E+03
       476, 3.074999995E-01, 3.524998981E-01, 1.091880749E+03
       477, 4.424999476E-01, 2.174999989E-01, 1.080531118E+03
       478, 4.574999231E-01, 2.024999976E-01, 1.078935970E+03
       479, 2.924999937E-01, 3.674998431E-01, 1.092474152E+03
       480, 2.775000069E-01, 3.824999189E-01, 1.092760758E+03
       481, 4.724999511E-01, 1.875000019E-01, 1.077307460E+03
       482, 4.874999024E-01, 1.724999907E-01, 1.075654583E+03
       483, 5.024999684E-01, 1.575000105E-01, 1.073986648E+03
       484, 3.824999755E-01, 2.624999970E-01, 1.086427681E+03
       485, 3.674999864E-01, 2.774999862E-01, 1.087739626E+03
       486, 3.524999949E-01, 2.924999348E-01, 1.088968852E+03
       487, 3.374999851E-01, 3.074997969E-01, 1.090100459E+03
       488, 3.974999576E-01, 2.474999970E-01, 1.085043269E+03
       489, 3.224999919E-01, 3.224997052E-01, 1.091110034E+03
       490, 4.124999216E-01, 2.324999966E-01, 1.083594577E+03
       491, 4.274999097E-01, 2.174999980E-01, 1.082089076E+03
       492, 3.074999936E-01, 3.374997615E-01, 1.091955059E+03
       493, 2.924999875E-01, 3.524997307E-01, 1.092564966E+03
       494, 4.424998665E-01, 2.024999947E-01, 1.080534269E+03
       495, 4.574999150E-01, 1.875000026E-01, 1.078938015E+03
       496, 2.775000108E-01, 3.674998656E-01, 1.092849361E+03
       497, 4.724998213E-01, 1.724999869E-01, 1.077308723E+03
       498, 4.874999054E-01, 1.575000102E-01, 1.075655240E+03
       499, 5.024999799E-01, 1.424999934E-01, 1.073986844E+03
       500, 3.824999311E-01, 2.474999942E-01, 1.086442058E+03
       501, 3.674999655E-01, 2.624999827E-01, 1.087760245E+03
       502, 3.524999808E-01, 2.774999125E-01, 1.088998417E+03
       503, 3.374999842E-01, 2.924996831E-01, 1.090142999E+03
       504, 3.224999785E-01, 3.074994829E-01, 1.091171338E+03
       505, 3.974998608E-01, 2.324999923E-01, 1.085053258E+03
       506, 3.074999932E-01, 3.224995429E-01, 1.092041905E+03
       507, 4.124998467E-01, 2.174999963E-01, 1.083601453E+03
       508, 4.274997811E-01, 2.024999921E-01, 1.082093755E+03
       509, 2.924999940E-01, 3.374995186E-01, 1.092678748E+03
       510, 2.775000173E-01, 3.524997813E-01, 1.092970725E+03
       511, 4.424998547E-01, 1.875000034E-01, 1.080537373E+03
       512, 4.574997036E-01, 1.724999812E-01, 1.078940032E+03
       513, 4.724998296E-01, 1.575000140E-01, 1.077309924E+03
       514, 4.874999399E-01, 1.424999937E-01, 1.075655859E+03
       515, 5.024999796E-01, 1.275000065E-01, 1.073987029E+03
       516, 3.824997770E-01, 2.324999888E-01, 1.086456709E+03
       517, 3.674999012E-01, 2.474999785E-01, 1.087781460E+03
       518, 3.524999522E-01, 2.624998886E-01, 1.089029194E+03
       519, 3.374999613E-01, 2.774995393E-01, 1.090187936E+03
       520, 3.224999778E-01, 2.924991717E-01, 1.091237607E+03
       521, 3.074999669E-01, 3.074991223E-01, 1.092139595E+03
       522, 3.974997081E-01, 2.174999871E-01, 1.085063329E+03
       523, 2.924999788E-01, 3.224991801E-01, 1.092815223E+03
       524, 4.124996454E-01, 2.024999886E-01, 1.083608324E+03
       525, 4.274997092E-01, 1.874999891E-01, 1.082098362E+03
       526, 2.775000273E-01, 3.374996476E-01, 1.093128008E+03
       527, 4.424995215E-01, 1.724999718E-01, 1.080540432E+03
       528, 4.574996995E-01, 1.575000139E-01, 1.078941950E+03
       529, 4.724998883E-01, 1.424999904E-01, 1.077311056E+03
       530, 4.874999347E-01, 1.275000048E-01, 1.075656441E+03
       531, 3.824994940E-01, 2.174999779E-01, 1.086471432E+03
       532, 3.674996861E-01, 2.324999705E-01, 1.087802972E+03
       533, 3.524998700E-01, 2.474998633E-01, 1.089060665E+03
       534, 3.374999275E-01, 2.624993639E-01, 1.090234394E+03
       535, 3.224999611E-01, 2.774987946E-01, 1.091307282E+03
       536, 3.074999658E-01, 2.924985009E-01, 1.092245838E+03
       537, 2.925000011E-01, 3.074985865E-01, 1.092973349E+03
       538, 3.974994069E-01, 2.024999925E-01, 1.085073364E+03
       539, 2.775000427E-01, 3.224994376E-01, 1.093325737E+03
       540, 4.124994708E-01, 1.874999949E-01, 1.083615086E+03
       541, 4.274991918E-01, 1.724999735E-01, 1.082102895E+03
       542, 4.424994272E-01, 1.575000029E-01, 1.080543349E+03
       543, 4.574997830E-01, 1.424999901E-01, 1.078943760E+03
       544, 4.724998745E-01, 1.275000084E-01, 1.077312120E+03
       545, 3.674992587E-01, 2.174999618E-01, 1.087824479E+03
       546, 3.824990396E-01, 2.024999796E-01, 1.086486042E+03
       547, 3.524996008E-01, 2.324998367E-01, 1.089092351E+03
       548, 3.374998319E-01, 2.474991762E-01, 1.090281492E+03
       549, 3.224999095E-01, 2.624983000E-01, 1.091378717E+03
       550, 3.074998816E-01, 2.774975830E-01, 1.092357622E+03
       551, 2.924999664E-01, 2.924976816E-01, 1.093150719E+03
       552, 2.775000657E-01, 3.074991119E-01, 1.093570198E+03
       553, 3.974990365E-01, 1.874999562E-01, 1.085083227E+03
       554, 4.124986783E-01, 1.724999497E-01, 1.083621724E+03
       555, 4.274988611E-01, 1.574999725E-01, 1.082107232E+03
       556, 4.424995314E-01, 1.425000001E-01, 1.080546094E+03
       557, 4.574997770E-01, 1.275000140E-01, 1.078945457E+03
       558, 3.674985625E-01, 2.024999441E-01, 1.087845705E+03
       559, 3.524990308E-01, 2.174998086E-01, 1.089123787E+03
       560, 3.824983851E-01, 1.874999643E-01, 1.086500355E+03
       561, 3.374995274E-01, 2.324989684E-01, 1.090328426E+03
       562, 3.224998022E-01, 2.474976902E-01, 1.091450256E+03
       563, 3.074998658E-01, 2.624963200E-01, 1.092471298E+03
       564, 2.924999958E-01, 2.774962669E-01, 1.093342323E+03
       565, 2.775000998E-01, 2.924986137E-01, 1.093870302E+03
       566, 3.974978423E-01, 1.724999628E-01, 1.085092872E+03
       567, 4.124980282E-01, 1.574999972E-01, 1.083628078E+03
       568, 4.274989705E-01, 1.425000263E-01, 1.082111296E+03
       569, 4.424996067E-01, 1.275000233E-01, 1.080548656E+03
       570, 3.674974556E-01, 1.874999041E-01, 1.087866394E+03
       571, 3.524979842E-01, 2.024997681E-01, 1.089154568E+03
       572, 3.374988417E-01, 2.174987574E-01, 1.090374459E+03
       573, 3.824966192E-01, 1.724999140E-01, 1.086514289E+03
       574, 3.224994790E-01, 2.324969541E-01, 1.091520435E+03
       575, 3.074997458E-01, 2.474948057E-01, 1.092582935E+03
       576, 2.924998968E-01, 2.624942400E-01, 1.093538702E+03
       577, 2.775001467E-01, 2.774978650E-01, 1.094238566E+03
       578, 3.974968793E-01, 1.574999845E-01, 1.085102083E+03
       579, 4.124980973E-01, 1.424999908E-01, 1.083634020E+03
       580, 3.524962397E-01, 1.874997683E-01, 1.089184326E+03
       581, 3.674948938E-01, 1.724998975E-01, 1.087886402E+03
       582, 3.374974301E-01, 2.024985571E-01, 1.090418984E+03
       583, 3.224987194E-01, 2.174961193E-01, 1.091588032E+03
       584, 3.824951363E-01, 1.574999557E-01, 1.086527552E+03
       585, 3.074994098E-01, 2.324928538E-01, 1.092689474E+03
       586, 2.924997729E-01, 2.474915630E-01, 1.093722470E+03
       587, 2.774996297E-01, 2.624950688E-01, 1.094693137E+03
       588, 3.974967987E-01, 1.424999777E-01, 1.085110695E+03
       589, 3.524925999E-01, 1.724996966E-01, 1.089212843E+03
       590, 3.374950067E-01, 1.874984579E-01, 1.090461487E+03
       591, 3.674925540E-01, 1.574998987E-01, 1.087905359E+03
       592, 3.224970449E-01, 2.024952493E-01, 1.091652147E+03
       593, 3.074986096E-01, 2.174904410E-01, 1.092788874E+03
       594, 3.824946745E-01, 1.424999492E-01, 1.086539935E+03
       595, 2.924992968E-01, 2.324874502E-01, 1.093886961E+03
       596, 2.774996637E-01, 2.474900837E-01, 1.095018099E+03
       597, 2.625000002E-01, 2.624966675E-01, 1.097112294E+03
       598, 3.374898330E-01, 1.724983665E-01, 1.090501702E+03
       599, 3.524882828E-01, 1.574995334E-01, 1.089239728E+03
       600, 3.224937888E-01, 1.874944484E-01, 1.091712154E+03
       601, 3.674900989E-01, 1.424994935E-01, 1.087923113E+03
       602, 3.074967814E-01, 2.024876212E-01, 1.092880055E+03
       603, 2.924986522E-01, 2.174821713E-01, 1.094030633E+03
       604, 2.774996396E-01, 2.324838056E-01, 1.095257126E+03
       605, 2.624999518E-01, 2.474900114E-01, 1.097145799E+03
       606, 3.374822888E-01, 1.574983386E-01, 1.090539267E+03
       607, 3.224867211E-01, 1.724938477E-01, 1.091767815E+03
       608, 3.524826157E-01, 1.424997618E-01, 1.089264814E+03
       609, 3.074928981E-01, 1.874845451E-01, 1.092962617E+03
       610, 2.924968199E-01, 2.024761481E-01, 1.094154504E+03
       611, 2.774988595E-01, 2.174761551E-01, 1.095437386E+03
       612, 2.624997511E-01, 2.324829641E-01, 1.097190357E+03
       613, 3.224757004E-01, 1.574937103E-01, 1.091818898E+03
       614, 3.374713908E-01, 1.424980186E-01, 1.090574043E+03
       615, 3.074840043E-01, 1.724814811E-01, 1.093036825E+03
       616, 2.924926927E-01, 1.874690896E-01, 1.094260551E+03
       617, 2.774971842E-01, 2.024671895E-01, 1.095576261E+03
       618, 2.624991696E-01, 2.174746801E-01, 1.097235487E+03
       619, 2.774931673E-01, 1.874563299E-01, 1.095685266E+03
       620, 2.624976879E-01, 2.024643992E-01, 1.097276791E+03
       621, 2.624940131E-01, 1.874516301E-01, 1.097312908E+03
       622, 2.174690389E-01, 1.574857673E-01, 1.101877538E+03
       623, 2.024743503E-01, 1.574978383E-01, 1.103202207E+03
       624, 2.174894905E-01, 1.724896135E-01, 1.101951726E+03
       625, 1.874802662E-01, 1.575015436E-01, 1.104485208E+03
       626, 2.024917710E-01, 1.724987121E-01, 1.103265670E+03
       627, 2.324876721E-01, 1.724703707E-01, 1.100530843E+03
       628, 2.174968989E-01, 1.874925836E-01, 1.102040888E+03
       629, 1.724861935E-01, 1.575012344E-01, 1.105763791E+03
       630, 1.874940416E-01, 1.725013680E-01, 1.104534194E+03
       631, 2.024977392E-01, 1.874992865E-01, 1.103338638E+03
       632, 2.324961768E-01, 1.874780838E-01, 1.100616214E+03
       633, 2.174990361E-01, 2.024948441E-01, 1.102146380E+03
       634, 1.724961251E-01, 1.725009213E-01, 1.105799874E+03
       635, 1.574907898E-01, 1.575005431E-01, 1.107062463E+03
       636, 1.874984226E-01, 1.875010559E-01, 1.104588913E+03
       637, 2.024992767E-01, 2.024996665E-01, 1.103420760E+03
       638, 2.474952513E-01, 1.874598754E-01, 1.098988507E+03
       639, 2.324988283E-01, 2.024842061E-01, 1.100724588E+03
       640, 2.174997686E-01, 2.174965255E-01, 1.102270028E+03
       641, 1.574975473E-01, 1.725002883E-01, 1.107088395E+03
       642, 1.724989869E-01, 1.875006214E-01, 1.105839426E+03
       643, 1.424937629E-01, 1.575002893E-01, 1.108396233E+03
       644, 1.874994751E-01, 2.025008267E-01, 1.104648581E+03
       645, 2.024997996E-01, 2.174998901E-01, 1.103511752E+03
       646, 2.474984150E-01, 2.024708097E-01, 1.099023901E+03
       647, 2.324999383E-01, 2.174894145E-01, 1.100863194E+03
       648, 2.175000195E-01, 2.324976956E-01, 1.102413617E+03
       649, 1.574993540E-01, 1.875001613E-01, 1.107116458E+03
       650, 1.424983848E-01, 1.725000965E-01, 1.108414580E+03
       651, 1.724996688E-01, 2.025004594E-01, 1.105881688E+03
       652, 1.274961224E-01, 1.575002926E-01, 1.109773614E+03
       653, 1.874998346E-01, 2.175006300E-01, 1.104712546E+03
       654, 2.024999870E-01, 2.325000015E-01, 1.103611077E+03
       655, 2.474994543E-01, 2.174798796E-01, 1.099064946E+03
       656, 2.325000825E-01, 2.324933721E-01, 1.101043394E+03
       657, 2.175000648E-01, 2.474984889E-01, 1.102578061E+03
       658, 1.574998124E-01, 2.025001148E-01, 1.107146046E+03
       659, 1.424995923E-01, 1.875000549E-01, 1.108434268E+03
       660, 1.274989792E-01, 1.725000518E-01, 1.109786490E+03
       661, 1.724998942E-01, 2.175003371E-01, 1.105926095E+03
       662, 1.274909730E-01, 1.425001763E-01, 1.109761740E+03
       663, 1.124979852E-01, 1.575001661E-01, 1.111198750E+03
       664, 1.874999682E-01, 2.325004611E-01, 1.104780086E+03
       665, 2.025000228E-01, 2.475000483E-01, 1.103717591E+03
       666, 2.475000704E-01, 2.324870091E-01, 1.099109949E+03
       667, 2.325002344E-01, 2.474961556E-01, 1.101282389E+03
       668, 2.175000559E-01, 2.624990184E-01, 1.102761817E+03
       669, 1.424998902E-01, 2.025000279E-01, 1.108454850E+03
       670, 1.574999452E-01, 2.175000797E-01, 1.107176744E+03
       671, 1.274997716E-01, 1.875000247E-01, 1.109800204E+03
       672, 1.124993629E-01, 1.725000417E-01, 1.111207751E+03
       673, 1.724999745E-01, 2.325002378E-01, 1.105972083E+03
       674, 1.274845310E-01, 1.275002495E-01, 1.109750904E+03
       675, 1.124947006E-01, 1.425000971E-01, 1.111190449E+03
       676, 9.749895322E-02, 1.575000577E-01, 1.112672539E+03
       677, 1.874999979E-01, 2.475003291E-01, 1.104850253E+03
       678, 2.025000211E-01, 2.625000608E-01, 1.103829225E+03
       679, 2.475001490E-01, 2.474926023E-01, 1.099154485E+03
       680, 2.325001731E-01, 2.624983815E-01, 1.101607389E+03
       681, 2.175000385E-01, 2.774993683E-01, 1.102958189E+03
       682, 1.424999696E-01, 2.175000185E-01, 1.108476025E+03
       683, 1.274999288E-01, 2.025000081E-01, 1.109814459E+03
       684, 1.574999869E-01, 2.325000532E-01, 1.107208147E+03
       685, 1.124998753E-01, 1.875000114E-01, 1.111217247E+03
       686, 9.749959634E-02, 1.725000387E-01, 1.112678778E+03
       687, 1.724999940E-01, 2.475001652E-01, 1.106019009E+03
       688, 1.124898315E-01, 1.275001412E-01, 1.111182914E+03
       689, 9.749689696E-02, 1.425001591E-01, 1.112666783E+03
       690, 8.249936882E-02, 1.575000375E-01, 1.114193236E+03
       691, 1.875000020E-01, 2.625002285E-01, 1.104921797E+03
       692, 2.025000117E-01, 2.775000569E-01, 1.103942907E+03
       693, 2.475003025E-01, 2.624976459E-01, 1.099187959E+03
       694, 2.324999584E-01, 2.774994043E-01, 1.102061884E+03
       695, 2.175000241E-01, 2.924996043E-01, 1.103149796E+03
       696, 1.424999920E-01, 2.325000124E-01, 1.108497511E+03
       697, 1.274999806E-01, 2.175000045E-01, 1.109829039E+03
       698, 1.124999556E-01, 2.025000063E-01, 1.111227082E+03
       699, 1.574999985E-01, 2.475000358E-01, 1.107239828E+03
       700, 9.749992368E-02, 1.875000145E-01, 1.112685317E+03
       701, 8.249974588E-02, 1.725000271E-01, 1.114197511E+03
       702, 1.724999982E-01, 2.625001125E-01, 1.106066118E+03
       703, 9.749385026E-02, 1.275002755E-01, 1.112661538E+03
       704, 8.249810430E-02, 1.425001086E-01, 1.114189281E+03
       705, 6.749962267E-02, 1.575000135E-01, 1.115757001E+03
       706, 1.875000012E-01, 2.775001503E-01, 1.104993244E+03
       707, 2.025000105E-01, 2.925000470E-01, 1.104054695E+03
       708, 2.324999721E-01, 2.924996143E-01, 1.102430187E+03
       709, 2.175000183E-01, 3.074997564E-01, 1.103327177E+03
       710, 1.274999949E-01, 2.325000026E-01, 1.109843752E+03
       711, 1.424999988E-01, 2.475000083E-01, 1.108519022E+03
       712, 1.124999888E-01, 2.175000039E-01, 1.111237100E+03
       713, 9.749997329E-02, 2.025000092E-01, 1.112692070E+03
       714, 1.575000008E-01, 2.625000235E-01, 1.107271312E+03
       715, 8.249995307E-02, 1.875000103E-01, 1.114201980E+03
       716, 6.749984239E-02, 1.725000115E-01, 1.115759892E+03
       717, 1.724999956E-01, 2.775000698E-01, 1.106112591E+03
       718, 8.249681682E-02, 1.275001521E-01, 1.114185605E+03
       719, 6.749885128E-02, 1.425000563E-01, 1.115754320E+03
       720, 5.249977536E-02, 1.575000066E-01, 1.117358310E+03
       721, 1.874999980E-01, 2.925000852E-01, 1.105062935E+03
       722, 2.025000028E-01, 3.075000349E-01, 1.104160951E+03
       723, 2.324999817E-01, 3.074997532E-01, 1.102730284E+03
       724, 2.175000119E-01, 3.224998478E-01, 1.103485316E+03
       725, 1.274999991E-01, 2.475000015E-01, 1.109858405E+03
       726, 1.124999968E-01, 2.325000018E-01, 1.111247172E+03
       727, 1.425000003E-01, 2.625000053E-01, 1.108540250E+03
       728, 9.749999420E-02, 2.175000047E-01, 1.112698933E+03
       729, 8.249998348E-02, 2.025000064E-01, 1.114206589E+03
       730, 1.574999998E-01, 2.775000154E-01, 1.107302105E+03
       731, 6.749997191E-02, 1.875000026E-01, 1.115762910E+03
       732, 5.249990315E-02, 1.725000067E-01, 1.117360219E+03
       733, 1.724999973E-01, 2.925000352E-01, 1.106157545E+03
       734, 6.749833180E-02, 1.274999973E-01, 1.115751798E+03
       735, 5.249930691E-02, 1.425000341E-01, 1.117356537E+03
       736, 3.749986812E-02, 1.575000037E-01, 1.118990260E+03
       737, 1.874999989E-01, 3.075000452E-01, 1.105129220E+03
       738, 2.025000017E-01, 3.225000237E-01, 1.104258656E+03
       739, 2.324999882E-01, 3.224998439E-01, 1.102974788E+03
       740, 2.175000079E-01, 3.374999056E-01, 1.103621811E+03
       741, 1.274999999E-01, 2.625000009E-01, 1.109872795E+03
       742, 1.124999995E-01, 2.475000010E-01, 1.111257167E+03
       743, 9.749999800E-02, 2.325000024E-01, 1.112705815E+03
       744, 1.425000000E-01, 2.775000035E-01, 1.108560885E+03
       745, 8.249999656E-02, 2.175000035E-01, 1.114211264E+03
       746, 6.749999044E-02, 2.025000017E-01, 1.115766019E+03
       747, 1.574999994E-01, 2.925000088E-01, 1.107331688E+03
       748, 5.249998323E-02, 1.875000011E-01, 1.117362210E+03
       749, 3.749994162E-02, 1.725000044E-01, 1.118991457E+03
       750, 1.724999992E-01, 3.075000170E-01, 1.106200104E+03
       751, 5.249900578E-02, 1.274999941E-01, 1.117354869E+03
       752, 3.749958849E-02, 1.425000219E-01, 1.118989148E+03
       753, 2.249993522E-02, 1.575000047E-01, 1.120644870E+03
       754, 1.874999992E-01, 3.225000277E-01, 1.105190541E+03
       755, 2.025000014E-01, 3.375000137E-01, 1.104345520E+03
       756, 2.324999924E-01, 3.374999023E-01, 1.103172523E+03
       757, 2.175000051E-01, 3.524999414E-01, 1.103735611E+03
       758, 1.124999999E-01, 2.625000004E-01, 1.111266950E+03
       759, 1.274999999E-01, 2.775000005E-01, 1.109886723E+03
       760, 9.749999973E-02, 2.475000012E-01, 1.112712628E+03
       761, 8.249999874E-02, 2.325000017E-01, 1.114215945E+03
       762, 1.424999998E-01, 2.925000020E-01, 1.108580606E+03
       763, 6.749999859E-02, 2.175000007E-01, 1.115769170E+03
       764, 5.249999420E-02, 2.025000007E-01, 1.117364261E+03
       765, 1.574999998E-01, 3.075000043E-01, 1.107359553E+03
       766, 3.749999010E-02, 1.875000006E-01, 1.118992704E+03
       767, 2.249996801E-02, 1.725000030E-01, 1.120645526E+03
       768, 1.724999995E-01, 3.225000101E-01, 1.106239408E+03
       769, 3.749946449E-02, 1.275000112E-01, 1.118988096E+03
       770, 2.249977980E-02, 1.425000133E-01, 1.120644262E+03
       771, 7.499983531E-03, 1.574999992E-01, 1.122313389E+03
       772, 1.874999991E-01, 3.375000142E-01, 1.105245536E+03
       773, 2.025000005E-01, 3.525000057E-01, 1.104419848E+03
       774, 2.324999952E-01, 3.524999394E-01, 1.103329842E+03
       775, 2.175000031E-01, 3.674999638E-01, 1.103826445E+03
       776, 1.124999999E-01, 2.775000003E-01, 1.111276391E+03
       777, 9.749999991E-02, 2.625000005E-01, 1.112719283E+03
       778, 1.275000000E-01, 2.925000004E-01, 1.109899982E+03
       779, 8.249999976E-02, 2.475000009E-01, 1.114220573E+03
       780, 6.749999938E-02, 2.325000005E-01, 1.115772323E+03
       781, 1.424999999E-01, 3.075000009E-01, 1.108599101E+03
       782, 5.249999916E-02, 2.175000002E-01, 1.117366337E+03
       783, 3.749999660E-02, 2.025000004E-01, 1.118993989E+03
       784, 1.574999998E-01, 3.225000024E-01, 1.107385196E+03
       785, 2.249999512E-02, 1.875000006E-01, 1.120646209E+03
       786, 7.499989702E-03, 1.725000031E-01, 1.122313598E+03
       787, 1.724999995E-01, 3.375000049E-01, 1.106274672E+03
       788, 2.249976570E-02, 1.274999919E-01, 1.120643680E+03
       789, 7.499931547E-03, 1.425000184E-01, 1.122313196E+03
       790, 1.874999995E-01, 3.525000050E-01, 1.105293045E+03
       791, 2.025000001E-01, 3.675000024E-01, 1.104480461E+03
       792, 2.324999970E-01, 3.674999628E-01, 1.103451221E+03
       793, 2.175000020E-01, 3.824999782E-01, 1.103894361E+03
       794, 1.125000000E-01, 2.925000001E-01, 1.111285354E+03
       795, 9.749999995E-02, 2.775000003E-01, 1.112725692E+03
       796, 8.249999992E-02, 2.625000004E-01, 1.114225086E+03
       797, 1.275000000E-01, 3.075000002E-01, 1.109912377E+03
       798, 6.749999994E-02, 2.475000003E-01, 1.115775437E+03
       799, 5.249999962E-02, 2.325000001E-01, 1.117368415E+03
       800, 1.425000000E-01, 3.225000004E-01, 1.108616064E+03
       801, 3.749999957E-02, 2.175000001E-01, 1.118995289E+03
       802, 2.249999818E-02, 2.025000003E-01, 1.120646912E+03
       803, 1.574999998E-01, 3.375000013E-01, 1.107408155E+03
       804, 7.499998769E-03, 1.875000001E-01, 1.122313815E+03
       805, 1.724999999E-01, 3.525000018E-01, 1.106305192E+03
       806, 7.499931291E-03, 1.274999819E-01, 1.122313011E+03
       807, 1.875000000E-01, 3.675000021E-01, 1.105332142E+03
       808, 2.025000000E-01, 3.825000014E-01, 1.104526547E+03
       809, 2.324999981E-01, 3.824999776E-01, 1.103539851E+03
       810, 2.175000014E-01, 3.974999878E-01, 1.103939539E+03
       811, 1.125000000E-01, 3.075000001E-01, 1.111293715E+03
       812, 9.749999998E-02, 2.925000001E-01, 1.112731766E+03
       813, 8.249999996E-02, 2.775000002E-01, 1.114229428E+03
       814, 6.749999995E-02, 2.625000001E-01, 1.115778472E+03
       815, 1.275000000E-01, 3.225000001E-01, 1.109923716E+03
       816, 5.249999998E-02, 2.475000001E-01, 1.117370466E+03
       817, 3.749999977E-02, 2.325000001E-01, 1.118996591E+03
       818, 1.425000000E-01, 3.375000002E-01, 1.108631215E+03
       819, 2.249999983E-02, 2.175000001E-01, 1.120647625E+03
       820, 7.499999399E-03, 2.025000002E-01, 1.122314039E+03
       821, 1.575000000E-01, 3.525000005E-01, 1.107428005E+03
       822, 1.725000000E-01, 3.675000010E-01, 1.106330371E+03
       823, 1.875000000E-01, 3.825000012E-01, 1.105362109E+03
       824, 2.025000000E-01, 3.975000007E-01, 1.104557580E+03
       825, 2.324999986E-01, 3.974999874E-01, 1.103597883E+03
       826, 2.175000015E-01, 4.124999959E-01, 1.103962151E+03
       827, 9.750000000E-02, 3.075000001E-01, 1.112737425E+03
       828, 1.125000000E-01, 3.225000000E-01, 1.111301350E+03
       829, 8.249999999E-02, 2.925000001E-01, 1.114233540E+03
       830, 6.749999998E-02, 2.775000001E-01, 1.115781390E+03
       831, 5.249999997E-02, 2.625000000E-01, 1.117372465E+03
       832, 1.275000000E-01, 3.375000001E-01, 1.109933824E+03
       833, 3.749999999E-02, 2.475000000E-01, 1.118997875E+03
       834, 2.249999987E-02, 2.325000000E-01, 1.120648337E+03
       835, 1.425000000E-01, 3.525000001E-01, 1.108644296E+03
       836, 7.499999950E-03, 2.175000000E-01, 1.122314265E+03
       837, 1.575000000E-01, 3.675000003E-01, 1.107444382E+03
       838, 1.725000000E-01, 3.825000006E-01, 1.106349729E+03
       839, 1.875000000E-01, 3.975000006E-01, 1.105382421E+03
       840, 2.025000000E-01, 4.125000002E-01, 1.104573246E+03
       841, 2.324999986E-01, 4.124999958E-01, 1.103626646E+03
       842, 9.750000000E-02, 3.225000000E-01, 1.112742588E+03
       843, 8.249999999E-02, 3.075000001E-01, 1.114237368E+03
       844, 1.125000000E-01, 3.375000000E-01, 1.111308149E+03
       845, 6.749999999E-02, 2.925000000E-01, 1.115784153E+03
       846, 5.249999999E-02, 2.775000000E-01, 1.117374386E+03
       847, 3.749999998E-02, 2.625000000E-01, 1.118999127E+03
       848, 1.275000000E-01, 3.525000000E-01, 1.109942542E+03
       849, 2.250000000E-02, 2.475000000E-01, 1.120649040E+03
       850, 7.499999955E-03, 2.325000000E-01, 1.122314492E+03
       851, 1.425000000E-01, 3.675000001E-01, 1.108655083E+03
       852, 1.575000000E-01, 3.825000002E-01, 1.107456986E+03
       853, 1.725000000E-01, 3.975000003E-01, 1.106362894E+03
       854, 1.875000000E-01, 4.125000002E-01, 1.105392741E+03
       855, 9.750000000E-02, 3.375000000E-01, 1.112747183E+03
       856, 8.250000000E-02, 3.225000000E-01, 1.114240860E+03
       857, 6.750000000E-02, 3.075000000E-01, 1.115786724E+03
       858, 1.125000000E-01, 3.525000000E-01, 1.111314011E+03
       859, 5.250000000E-02, 2.925000000E-01, 1.117376205E+03
       860, 3.749999999E-02, 2.775000000E-01, 1.119000330E+03
       861, 2.249999999E-02, 2.625000000E-01, 1.120649726E+03
       862, 1.275000000E-01, 3.675000000E-01, 1.109949730E+03
       863, 7.499999998E-03, 2.475000000E-01, 1.122314715E+03
       864, 1.425000000E-01, 3.825000000E-01, 1.108663391E+03
       865, 1.575000000E-01, 3.975000001E-01, 1.107465577E+03
       866, 1.725000000E-01, 4.125000001E-01, 1.106369621E+03
       867, 8.250000000E-02, 3.375000000E-01, 1.114243969E+03
       868, 9.750000000E-02, 3.525000000E-01, 1.112751147E+03
       869, 6.750000000E-02, 3.225000000E-01, 1.115789070E+03
       870, 5.250000000E-02, 3.075000000E-01, 1.117377899E+03
       871, 1.125000000E-01, 3.675000000E-01, 1.111318846E+03
       872, 3.750000000E-02, 2.925000000E-01, 1.119001470E+03
       873, 2.250000000E-02, 2.775000000E-01, 1.120650385E+03
       874, 7.499999997E-03, 2.625000000E-01, 1.122314934E+03
       875, 1.275000000E-01, 3.825000000E-01, 1.109955275E+03
       876, 1.425000000E-01, 3.975000000E-01, 1.108669069E+03
       877, 1.575000000E-01, 4.125000000E-01, 1.107469998E+03
       878, 6.750000000E-02, 3.375000000E-01, 1.115791162E+03
       879, 8.250000000E-02, 3.525000000E-01, 1.114246654E+03
       880, 9.750000000E-02, 3.675000000E-01, 1.112754422E+03
       881, 5.250000000E-02, 3.225000000E-01, 1.117379445E+03
       882, 3.750000000E-02, 3.075000000E-01, 1.119002532E+03
       883, 1.125000000E-01, 3.825000000E-01, 1.111322587E+03
       884, 2.250000000E-02, 2.925000000E-01, 1.120651010E+03
       885, 7.499999998E-03, 2.775000000E-01, 1.122315143E+03
       886, 1.275000000E-01, 3.975000000E-01, 1.109959079E+03
       887, 1.425000000E-01, 4.125000000E-01, 1.108672019E+03
       888, 6.750000000E-02, 3.525000000E-01, 1.115792970E+03
       889, 5.250000000E-02, 3.375000000E-01, 1.117380825E+03
       890, 8.250000000E-02, 3.675000000E-01, 1.114248878E+03
       891, 9.750000000E-02, 3.825000000E-01, 1.112756965E+03
       892, 3.750000000E-02, 3.225000000E-01, 1.119003502E+03
       893, 2.250000000E-02, 3.075000000E-01, 1.120651592E+03
       894, 1.125000000E-01, 3.975000000E-01, 1.111325166E+03
       895, 7.499999999E-03, 2.925000000E-01, 1.122315342E+03
       896, 1.275000000E-01, 4.125000000E-01, 1.109961081E+03
       897, 6.750000000E-02, 3.675000000E-01, 1.115794474E+03
       898, 5.250000000E-02, 3.525000000E-01, 1.117382021E+03
       899, 3.750000000E-02, 3.375000000E-01, 1.119004369E+03
       900, 8.250000000E-02, 3.825000000E-01, 1.114250613E+03
       901, 9.750000000E-02, 3.975000000E-01, 1.112758730E+03
       902, 2.250000000E-02, 3.225000000E-01, 1.120652124E+03
       903, 7.500000000E-03, 3.075000000E-01, 1.122315527E+03
       904, 1.125000000E-01, 4.125000000E-01, 1.111326546E+03
       905, 5.250000000E-02, 3.675000000E-01, 1.117383019E+03
       906, 6.750000000E-02, 3.825000000E-01, 1.115795651E+03
       907, 3.750000000E-02, 3.525000000E-01, 1.119005122E+03
       908, 2.250000000E-02, 3.375000000E-01, 1.120652600E+03
       909, 8.250000000E-02, 3.975000000E-01, 1.114251828E+03
       910, 9.750000000E-02, 4.125000000E-01, 1.112759695E+03
       911, 7.500000000E-03, 3.225000000E-01, 1.122315697E+03
       912, 3.750000000E-02, 3.675000000E-01, 1.119005752E+03
       913, 5.250000000E-02, 3.825000000E-01, 1.117383806E+03
       914, 6.750000000E-02, 3.975000000E-01, 1.115796494E+03
       915, 2.250000000E-02, 3.525000000E-01, 1.120653015E+03
       916, 7.500000000E-03, 3.375000000E-01, 1.122315848E+03
       917, 8.250000000E-02, 4.125000000E-01, 1.114252508E+03
       918, 3.750000000E-02, 3.825000000E-01, 1.119006251E+03
       919, 2.250000000E-02, 3.675000000E-01, 1.120653362E+03
       920, 5.250000000E-02, 3.975000000E-01, 1.117384376E+03
       921, 6.750000000E-02, 4.125000000E-01, 1.115796976E+03
       922, 7.500000000E-03, 3.525000000E-01, 1.122315980E+03
       923, 3.750000000E-02, 3.975000000E-01, 1.119006618E+03
       924, 2.250000000E-02, 3.825000000E-01, 1.120653640E+03
       925, 7.500000000E-03, 3.675000000E-01, 1.122316092E+03
       926, 5.250000000E-02, 4.125000000E-01, 1.117384709E+03
       927, 2.250000000E-02, 3.975000000E-01, 1.120653841E+03
       928, 3.750000000E-02, 4.125000000E-01, 1.119006835E+03
       929, 7.500000000E-03, 3.825000000E-01, 1.122316180E+03
       930, 7.500000000E-03, 3.975000000E-01, 1.122316246E+03
       931, 2.250000000E-02, 4.125000000E-01, 1.120653963E+03
       932, 7.500000000E-03, 4.125000000E-01, 1.122316286E+03
