cellnumber,    x-coordinate,    y-coordinate,     temperature
         1, 7.499955596E-03, 7.499985174E-03, 1.122442306E+03
         2, 2.249986720E-02, 7.499985246E-03, 1.121027593E+03
         3, 7.499923154E-03, 2.250000395E-02, 1.122442339E+03
         4, 2.249977006E-02, 2.250000381E-02, 1.121027698E+03
         5, 3.749976769E-02, 7.499981377E-03, 1.119614798E+03
         6, 7.499945085E-03, 3.750000333E-02, 1.122442407E+03
         7, 2.249983563E-02, 3.750000328E-02, 1.121027910E+03
         8, 3.749959090E-02, 2.250000258E-02, 1.119614993E+03
         9, 5.249963340E-02, 7.499973379E-03, 1.118204934E+03
        10, 7.499953010E-03, 5.249999930E-02, 1.122442514E+03
        11, 3.749961187E-02, 3.749997531E-02, 1.119615389E+03
        12, 2.249980262E-02, 5.249998035E-02, 1.121028251E+03
        13, 5.249933150E-02, 2.249999950E-02, 1.118205249E+03
        14, 6.749944054E-02, 7.499961317E-03, 1.116798593E+03
        15, 7.499906384E-03, 6.749998511E-02, 1.122442663E+03
        16, 5.249924452E-02, 3.749998416E-02, 1.118205889E+03
        17, 3.749949708E-02, 5.250001446E-02, 1.119616012E+03
        18, 2.249966234E-02, 6.750000382E-02, 1.121028717E+03
        19, 6.749893295E-02, 2.249999427E-02, 1.116799080E+03
        20, 8.249916225E-02, 7.499944646E-03, 1.115395751E+03
        21, 7.499900377E-03, 8.250001282E-02, 1.122442843E+03
        22, 5.249903729E-02, 5.249999129E-02, 1.118206877E+03
        23, 6.749871647E-02, 3.749997294E-02, 1.116800049E+03
        24, 3.749932809E-02, 6.749999386E-02, 1.119616848E+03
        25, 2.249963103E-02, 8.249998962E-02, 1.121029283E+03
        26, 8.249811426E-02, 2.249991600E-02, 1.115396503E+03
        27, 9.749876837E-02, 7.499918547E-03, 1.113995536E+03
        28, 7.499909761E-03, 9.749999039E-02, 1.122443055E+03
        29, 5.249883377E-02, 6.749998350E-02, 1.118208189E+03
        30, 6.749834675E-02, 5.249998690E-02, 1.116801531E+03
        31, 8.249728112E-02, 3.749990664E-02, 1.115397967E+03
        32, 3.749925778E-02, 8.250000280E-02, 1.119617872E+03
        33, 2.249965915E-02, 9.750001367E-02, 1.121029944E+03
        34, 9.749689965E-02, 2.249992995E-02, 1.113996662E+03
        35, 1.124982233E-01, 7.499880770E-03, 1.112595954E+03
        36, 7.499933227E-03, 1.125000177E-01, 1.122443295E+03
        37, 6.749800766E-02, 6.749997587E-02, 1.116803490E+03
        38, 5.249871348E-02, 8.249999685E-02, 1.118209801E+03
        39, 8.249640037E-02, 5.249995775E-02, 1.115400152E+03
        40, 9.749464125E-02, 3.749974941E-02, 1.113998861E+03
        41, 3.749930728E-02, 9.750000369E-02, 1.119619069E+03
        42, 2.249977068E-02, 1.125000083E-01, 1.121030692E+03
        43, 1.124950260E-01, 2.249976359E-02, 1.112597614E+03
        44, 1.274974942E-01, 7.499841780E-03, 1.111193589E+03
        45, 8.249620045E-02, 6.750011878E-02, 1.115402966E+03
        46, 6.749743968E-02, 8.249987561E-02, 1.116805928E+03
        47, 5.249879258E-02, 9.750000270E-02, 1.118211685E+03
        48, 9.749295079E-02, 5.250009199E-02, 1.114002023E+03
        49, 1.124910611E-01, 3.749987031E-02, 1.112600795E+03
        50, 3.749946500E-02, 1.124999916E-01, 1.119620425E+03
        51, 1.274924699E-01, 2.249977128E-02, 1.111195971E+03
        52, 1.424965448E-01, 7.499773009E-03, 1.109783279E+03
        53, 8.249539710E-02, 8.249994488E-02, 1.115406498E+03
        54, 9.749332976E-02, 6.750000844E-02, 1.114005977E+03
        55, 6.749756315E-02, 9.750012743E-02, 1.116808731E+03
        56, 5.249898224E-02, 1.125000120E-01, 1.118213824E+03
        57, 1.124879351E-01, 5.249966386E-02, 1.112605320E+03
        58, 1.274865248E-01, 3.749967472E-02, 1.111200439E+03
        59, 1.424893897E-01, 2.249961866E-02, 1.109786580E+03
        60, 1.574953937E-01, 7.499716511E-03, 1.108357859E+03
        61, 8.249558333E-02, 9.750007633E-02, 1.115410561E+03
        62, 9.749250690E-02, 8.249991484E-02, 1.114010985E+03
        63, 1.124876360E-01, 6.749987580E-02, 1.112610966E+03
        64, 6.749824947E-02, 1.125000211E-01, 1.116811879E+03
        65, 1.274813489E-01, 5.249977441E-02, 1.111206803E+03
        66, 1.424806989E-01, 3.749946052E-02, 1.109792738E+03
        67, 1.574854751E-01, 2.249948552E-02, 1.108362313E+03
        68, 1.724939737E-01, 7.499501138E-03, 1.106908147E+03
        69, 9.749201079E-02, 9.749984519E-02, 1.114016852E+03
        70, 8.249661677E-02, 1.124999130E-01, 1.115415120E+03
        71, 1.124861334E-01, 8.249986831E-02, 1.112618051E+03
        72, 1.274794326E-01, 6.749984795E-02, 1.111214784E+03
        73, 1.424730861E-01, 5.249956250E-02, 1.109801475E+03
        74, 1.574731319E-01, 3.749928730E-02, 1.108370591E+03
        75, 1.724808214E-01, 2.249897925E-02, 1.106913928E+03
        76, 1.874924709E-01, 7.498971058E-03, 1.105423429E+03
        77, 1.124856124E-01, 9.750028579E-02, 1.112626307E+03
        78, 9.749265312E-02, 1.125000767E-01, 1.114023440E+03
        79, 1.274769609E-01, 8.249984601E-02, 1.111224673E+03
        80, 1.424687064E-01, 6.749932075E-02, 1.109812539E+03
        81, 1.574622433E-01, 5.249937251E-02, 1.108382299E+03
        82, 1.724642180E-01, 3.749866287E-02, 1.106924638E+03
        83, 1.874758242E-01, 2.249741931E-02, 1.105430545E+03
        84, 2.024908657E-01, 7.497785422E-03, 1.103893066E+03
        85, 1.124871011E-01, 1.125000462E-01, 1.112635554E+03
        86, 1.274758805E-01, 9.749964769E-02, 1.111236205E+03
        87, 1.424650488E-01, 8.250010695E-02, 1.109826099E+03
        88, 1.574546187E-01, 6.749945684E-02, 1.108397232E+03
        89, 1.724491027E-01, 5.249858209E-02, 1.106939802E+03
        90, 1.874547548E-01, 3.749614649E-02, 1.105443667E+03
        91, 2.024717039E-01, 2.249419619E-02, 1.103901094E+03
        92, 2.174897755E-01, 7.496316737E-03, 1.102309539E+03
        93, 1.274790881E-01, 1.125005544E-01, 1.111249015E+03
        94, 1.424633139E-01, 9.749993175E-02, 1.109841954E+03
        95, 1.574493720E-01, 8.249972675E-02, 1.108415419E+03
        96, 1.724383088E-01, 6.749876902E-02, 1.106959154E+03
        97, 1.874350068E-01, 5.249541180E-02, 1.105462287E+03
        98, 2.024477671E-01, 3.749104757E-02, 1.103915808E+03
        99, 2.174686054E-01, 2.248953227E-02, 1.102317628E+03
       100, 2.324889637E-01, 7.494682677E-03, 1.100673289E+03
       101, 1.424678540E-01, 1.125003149E-01, 1.109859589E+03
       102, 1.574476843E-01, 9.749995432E-02, 1.108436683E+03
       103, 1.724306884E-01, 8.249914969E-02, 1.106982811E+03
       104, 1.874203939E-01, 6.749539571E-02, 1.105486129E+03
       105, 2.024239071E-01, 5.248843266E-02, 1.103936869E+03
       106, 2.174428680E-01, 3.748339975E-02, 1.102332206E+03
       107, 2.324674083E-01, 2.248431148E-02, 1.100680014E+03
       108, 2.474892422E-01, 7.493210868E-03, 1.098996912E+03
       109, 1.424768904E-01, 1.275002944E-01, 1.109879041E+03
       110, 1.574538650E-01, 1.125005244E-01, 1.108460521E+03
       111, 1.724269300E-01, 9.749946307E-02, 1.107010705E+03
       112, 1.874100996E-01, 8.249602396E-02, 1.105515403E+03
       113, 2.024057169E-01, 6.748740874E-02, 1.103963953E+03
       114, 2.174159309E-01, 5.247769726E-02, 1.102353172E+03
       115, 2.324421641E-01, 3.747373673E-02, 1.100691654E+03
       116, 2.474687797E-01, 2.247932767E-02, 1.099000835E+03
       117, 2.624905080E-01, 7.493239412E-03, 1.097305412E+03
       118, 1.424858256E-01, 1.425004067E-01, 1.109900572E+03
       119, 1.574653141E-01, 1.275001580E-01, 1.108487065E+03
       120, 1.724346177E-01, 1.125007029E-01, 1.107042089E+03
       121, 1.874032779E-01, 9.749699036E-02, 1.105550348E+03
       122, 2.023925146E-01, 8.248783595E-02, 1.103997461E+03
       123, 2.173940635E-01, 6.747430115E-02, 1.102380259E+03
       124, 2.324117737E-01, 5.246262526E-02, 1.100708644E+03
       125, 2.474456378E-01, 3.746546862E-02, 1.099006754E+03
       126, 2.624718437E-01, 2.247857775E-02, 1.097305908E+03
       127, 2.774926780E-01, 7.495459408E-03, 1.095628787E+03
       128, 1.574779493E-01, 1.425010107E-01, 1.108516535E+03
       129, 1.724493440E-01, 1.275008144E-01, 1.107077350E+03
       130, 1.874121930E-01, 1.124991289E-01, 1.105589911E+03
       131, 2.023819474E-01, 9.748884770E-02, 1.104038056E+03
       132, 2.173778400E-01, 8.247271811E-02, 1.102413954E+03
       133, 2.323849822E-01, 6.745445197E-02, 1.100730438E+03
       134, 2.474138610E-01, 5.245092885E-02, 1.099015469E+03
       135, 2.624516946E-01, 3.746268371E-02, 1.097304916E+03
       136, 2.774776818E-01, 2.248480481E-02, 1.095626116E+03
       137, 2.924945534E-01, 7.498190786E-03, 1.093992186E+03
       138, 1.724667949E-01, 1.425013993E-01, 1.107116807E+03
       139, 1.874315384E-01, 1.275001377E-01, 1.105634797E+03
       140, 2.023902458E-01, 1.124910166E-01, 1.104084560E+03
       141, 2.173632834E-01, 9.747182334E-02, 1.102455411E+03
       142, 2.323663316E-01, 8.244699358E-02, 1.100757107E+03
       143, 2.473839429E-01, 6.743643892E-02, 1.099025984E+03
       144, 2.624218657E-01, 5.244551100E-02, 1.097303282E+03
       145, 2.774617142E-01, 3.747324616E-02, 1.095619071E+03
       146, 2.924825409E-01, 2.249352450E-02, 1.093987662E+03
       147, 3.074963940E-01, 7.499586429E-03, 1.092408303E+03
       148, 1.874544845E-01, 1.425014031E-01, 1.105685806E+03
       149, 2.024136008E-01, 1.274938021E-01, 1.104137957E+03
       150, 2.173691661E-01, 1.124732361E-01, 1.102503519E+03
       151, 2.323507123E-01, 9.744369065E-02, 1.100790029E+03
       152, 2.473628899E-01, 8.242220019E-02, 1.099037730E+03
       153, 2.623934291E-01, 6.742892659E-02, 1.097299619E+03
       154, 2.774365827E-01, 5.246096224E-02, 1.095608317E+03
       155, 2.924699451E-01, 3.748876395E-02, 1.093977208E+03
       156, 3.074878955E-01, 2.249793842E-02, 1.092403142E+03
       157, 3.224978866E-01, 7.500086182E-03, 1.090877594E+03
       158, 2.024424568E-01, 1.424962136E-01, 1.104199852E+03
       159, 2.173955933E-01, 1.274765478E-01, 1.102559395E+03
       160, 2.323534133E-01, 1.124415938E-01, 1.100828511E+03
       161, 2.473453726E-01, 9.741176187E-02, 1.099051639E+03
       162, 2.623735695E-01, 8.241297400E-02, 1.097292878E+03
       163, 2.774112269E-01, 6.744725147E-02, 1.095592476E+03
       164, 2.924515577E-01, 5.248368969E-02, 1.093961134E+03
       165, 3.074783357E-01, 3.749588570E-02, 1.092391897E+03
       166, 3.224921519E-01, 2.249971126E-02, 1.090872721E+03
       167, 3.374989826E-01, 7.500139938E-03, 1.089392603E+03
       168, 2.174312863E-01, 1.424814728E-01, 1.102625663E+03
       169, 2.323792771E-01, 1.274453474E-01, 1.100873340E+03
       170, 2.473451805E-01, 1.124060687E-01, 1.099066483E+03
       171, 2.623542721E-01, 9.739959398E-02, 1.097283687E+03
       172, 2.773916304E-01, 8.243574999E-02, 1.095570295E+03
       173, 2.924306136E-01, 6.747705110E-02, 1.093938698E+03
       174, 3.074662783E-01, 5.249442984E-02, 1.092374548E+03
       175, 3.224854379E-01, 3.749957956E-02, 1.090862377E+03
       176, 3.374954699E-01, 2.250018213E-02, 1.089388448E+03
       177, 3.524996557E-01, 7.500077367E-03, 1.087942685E+03
       178, 2.324220851E-01, 1.424528185E-01, 1.100927019E+03
       179, 2.473680755E-01, 1.274065796E-01, 1.099081972E+03
       180, 2.623507332E-01, 1.123922198E-01, 1.097269863E+03
       181, 2.773717163E-01, 9.742506626E-02, 1.095541675E+03
       182, 2.924123780E-01, 8.247035856E-02, 1.093908783E+03
       183, 3.074509433E-01, 6.749128491E-02, 1.092350926E+03
       184, 3.224794097E-01, 5.249932272E-02, 1.090846323E+03
       185, 3.374915323E-01, 3.750011078E-02, 1.089379736E+03
       186, 3.524977079E-01, 2.250008122E-02, 1.087939366E+03
       187, 3.674999390E-01, 7.500019584E-03, 1.086517128E+03
       188, 2.474156838E-01, 1.424163139E-01, 1.099098357E+03
       189, 2.324654246E-01, 1.574614643E-01, 1.100993886E+03
       190, 2.623677543E-01, 1.273917056E-01, 1.097250220E+03
       191, 2.773640552E-01, 1.124183900E-01, 1.095504125E+03
       192, 2.923928067E-01, 9.746296767E-02, 1.093871101E+03
       193, 3.074350928E-01, 8.248865637E-02, 1.092320404E+03
       194, 3.224685207E-01, 6.749813584E-02, 1.090825006E+03
       195, 3.374896541E-01, 5.250011558E-02, 1.089366215E+03
       196, 3.524954127E-01, 3.750006521E-02, 1.087932483E+03
       197, 3.674989151E-01, 2.250013873E-02, 1.086514600E+03
       198, 3.824999976E-01, 7.500001079E-03, 1.085106724E+03
       199, 2.624124287E-01, 1.424022336E-01, 1.097223105E+03
       200, 2.474627037E-01, 1.574314033E-01, 1.099119285E+03
       201, 2.773768788E-01, 1.274165144E-01, 1.095455218E+03
       202, 2.923843553E-01, 1.124561139E-01, 1.093823379E+03
       203, 3.074185510E-01, 9.748578307E-02, 1.092282579E+03
       204, 3.224543945E-01, 8.249787182E-02, 1.090798126E+03
       205, 3.374821230E-01, 6.750017502E-02, 1.089348622E+03
       206, 3.524950535E-01, 5.250000660E-02, 1.087921840E+03
       207, 3.674976295E-01, 3.750006651E-02, 1.086509380E+03
       208, 3.824996486E-01, 2.250007016E-02, 1.085104846E+03
       209, 3.975000000E-01, 7.500000095E-03, 1.083704291E+03
       210, 2.774153140E-01, 1.424196523E-01, 1.095392396E+03
       211, 2.624600140E-01, 1.574192482E-01, 1.097190586E+03
       212, 2.474857628E-01, 1.724465204E-01, 1.099148629E+03
       213, 2.923943747E-01, 1.274517473E-01, 1.093763642E+03
       214, 3.074100552E-01, 1.124819173E-01, 1.092236056E+03
       215, 3.224436087E-01, 9.749774929E-02, 1.090764871E+03
       216, 3.374706830E-01, 8.249993039E-02, 1.089326778E+03
       217, 3.524913236E-01, 6.750061095E-02, 1.087907976E+03
       218, 3.674976258E-01, 5.249999850E-02, 1.086501356E+03
       219, 3.824992286E-01, 3.750002127E-02, 1.085100973E+03
       220, 3.974999230E-01, 2.250002086E-02, 1.083702937E+03
       221, 4.125000000E-01, 7.500000024E-03, 1.082304656E+03
       222, 2.924266770E-01, 1.424496544E-01, 1.093690057E+03
       223, 2.774601357E-01, 1.574304265E-01, 1.095315230E+03
       224, 2.624836764E-01, 1.724363794E-01, 1.097155353E+03
       225, 3.074163507E-01, 1.274798575E-01, 1.092179565E+03
       226, 3.224371482E-01, 1.124957188E-01, 1.090724995E+03
       227, 3.374656981E-01, 9.749988861E-02, 1.089299680E+03
       228, 3.524846189E-01, 8.250025637E-02, 1.087890903E+03
       229, 3.674963908E-01, 6.750023128E-02, 1.086490812E+03
       230, 3.824993461E-01, 5.249996511E-02, 1.085095079E+03
       231, 3.974998399E-01, 3.750000272E-02, 1.083700133E+03
       232, 4.124999922E-01, 2.250000257E-02, 1.082303706E+03
       233, 4.275000000E-01, 7.500000005E-03, 1.080904399E+03
       234, 3.074414393E-01, 1.424783458E-01, 1.092112108E+03
       235, 2.924631110E-01, 1.574537051E-01, 1.093602864E+03
       236, 2.774825813E-01, 1.724438229E-01, 1.095223812E+03
       237, 3.224396205E-01, 1.274949797E-01, 1.090677888E+03
       238, 3.374620749E-01, 1.124992010E-01, 1.089267856E+03
       239, 3.524829242E-01, 9.750009234E-02, 1.087869933E+03
       240, 3.674935372E-01, 8.250018686E-02, 1.086477854E+03
       241, 3.824989994E-01, 6.750011430E-02, 1.085087306E+03
       242, 3.974998756E-01, 5.249998724E-02, 1.083695895E+03
       243, 4.124999813E-01, 3.749999872E-02, 1.082301718E+03
       244, 4.274999998E-01, 2.250000004E-02, 1.080903746E+03
       245, 4.425000000E-01, 7.500000003E-03, 1.079501524E+03
       246, 3.074687683E-01, 1.574789168E-01, 1.092034751E+03
       247, 3.224567444E-01, 1.424934929E-01, 1.090622900E+03
       248, 2.924825760E-01, 1.724613825E-01, 1.093502367E+03
       249, 3.374617358E-01, 1.274988523E-01, 1.089231170E+03
       250, 3.524810067E-01, 1.125000917E-01, 1.087845665E+03
       251, 3.674932644E-01, 9.749991403E-02, 1.086462173E+03
       252, 3.824976517E-01, 8.249998143E-02, 1.085077769E+03
       253, 3.974998020E-01, 6.750002900E-02, 1.083690283E+03
       254, 4.124999796E-01, 5.249999988E-02, 1.082298713E+03
       255, 4.274999959E-01, 3.750000117E-02, 1.080902360E+03
       256, 4.424999999E-01, 2.250000002E-02, 1.079501084E+03
       257, 4.575000000E-01, 7.500000001E-03, 1.078095155E+03
       258, 3.524784160E-01, 1.274993847E-01, 1.087818265E+03
       259, 3.674924840E-01, 1.125002168E-01, 1.086444175E+03
       260, 3.824974485E-01, 9.749994743E-02, 1.085066349E+03
       261, 3.974991467E-01, 8.250011096E-02, 1.083683396E+03
       262, 4.124999587E-01, 6.750000284E-02, 1.082294725E+03
       263, 4.274999920E-01, 5.249999981E-02, 1.080900258E+03
       264, 4.424999996E-01, 3.750000005E-02, 1.079500136E+03
       265, 4.575000000E-01, 2.250000001E-02, 1.078094867E+03
       266, 4.725000000E-01, 7.500000001E-03, 1.076685264E+03
       267, 3.674893882E-01, 1.275000234E-01, 1.086424161E+03
       268, 3.824971594E-01, 1.125000833E-01, 1.085053265E+03
       269, 3.974988864E-01, 9.749994531E-02, 1.083675211E+03
       270, 4.124997750E-01, 8.250001602E-02, 1.082289810E+03
       271, 4.274999850E-01, 6.750000258E-02, 1.080897462E+03
       272, 4.424999987E-01, 5.250000010E-02, 1.079498689E+03
       273, 4.574999998E-01, 3.750000004E-02, 1.078094236E+03
       274, 4.725000000E-01, 2.250000000E-02, 1.076685086E+03
       275, 4.875000000E-01, 7.500000001E-03, 1.075272445E+03
       276, 3.824952810E-01, 1.275000683E-01, 1.085038772E+03
       277, 3.974987641E-01, 1.125000827E-01, 1.083665836E+03
       278, 4.124997015E-01, 9.749999177E-02, 1.082283995E+03
       279, 4.274998850E-01, 8.250000717E-02, 1.080894015E+03
       280, 4.424999986E-01, 6.750000006E-02, 1.079496762E+03
       281, 4.574999993E-01, 5.250000004E-02, 1.078093268E+03
       282, 4.725000000E-01, 3.750000001E-02, 1.076684689E+03
       283, 4.875000000E-01, 2.250000000E-02, 1.075272349E+03
       284, 5.025000000E-01, 7.500000001E-03, 1.073857707E+03
       285, 3.974974993E-01, 1.274999716E-01, 1.083655482E+03
       286, 4.124996708E-01, 1.125000129E-01, 1.082277351E+03
       287, 4.274998400E-01, 9.749999550E-02, 1.080889939E+03
       288, 4.424999435E-01, 8.250000562E-02, 1.079494383E+03
       289, 4.574999993E-01, 6.749999999E-02, 1.078091976E+03
       290, 4.724999997E-01, 5.250000003E-02, 1.076684076E+03
       291, 4.875000000E-01, 3.750000000E-02, 1.075272130E+03
       292, 5.025000000E-01, 2.250000000E-02, 1.073857676E+03
       293, 4.124987916E-01, 1.275000638E-01, 1.082270031E+03
       294, 4.274998264E-01, 1.125000069E-01, 1.080885286E+03
       295, 4.424999143E-01, 9.749999753E-02, 1.079491571E+03
       296, 4.574999697E-01, 8.250000304E-02, 1.078090377E+03
       297, 4.724999996E-01, 6.749999999E-02, 1.076683256E+03
       298, 4.874999998E-01, 5.250000002E-02, 1.075271792E+03
       299, 5.025000000E-01, 3.750000000E-02, 1.073857607E+03
       300, 4.274993093E-01, 1.275000387E-01, 1.080880156E+03
       301, 4.424999089E-01, 1.125000036E-01, 1.079488361E+03
       302, 4.574999542E-01, 9.749999868E-02, 1.078088489E+03
       303, 4.724999837E-01, 8.250000164E-02, 1.076682241E+03
       304, 4.874999998E-01, 6.750000000E-02, 1.075271340E+03
       305, 5.024999999E-01, 5.250000002E-02, 1.073857499E+03
       306, 4.574999525E-01, 1.125000019E-01, 1.078086332E+03
       307, 4.724999778E-01, 9.750000001E-02, 1.076681040E+03
       308, 4.874999937E-01, 8.250000168E-02, 1.075270778E+03
       309, 5.024999999E-01, 6.749999999E-02, 1.073857354E+03
       310, 4.724999777E-01, 1.125000002E-01, 1.076679669E+03
       311, 4.874999928E-01, 9.749999844E-02, 1.075270114E+03
       312, 5.024999994E-01, 8.250000021E-02, 1.073857175E+03
       313, 4.874999932E-01, 1.125000016E-01, 1.075269356E+03
       314, 5.024999991E-01, 9.749999990E-02, 1.073856963E+03
       315, 5.024999993E-01, 1.125000001E-01, 1.073856720E+03
       316, 5.025000000E-01, 4.125000000E-01, 1.073851424E+03
       317, 4.875000000E-01, 4.125000000E-01, 1.075252789E+03
       318, 5.025000000E-01, 3.975000000E-01, 1.073851473E+03
       319, 4.875000000E-01, 3.975000000E-01, 1.075252940E+03
       320, 4.725000000E-01, 4.125000000E-01, 1.076649703E+03
       321, 5.025000000E-01, 3.825000000E-01, 1.073851561E+03
       322, 4.875000000E-01, 3.825000000E-01, 1.075253213E+03
       323, 4.725000000E-01, 3.975000000E-01, 1.076649974E+03
       324, 4.575000000E-01, 4.125000000E-01, 1.078039113E+03
       325, 5.025000000E-01, 3.675000000E-01, 1.073851686E+03
       326, 4.725000000E-01, 3.825000000E-01, 1.076650465E+03
       327, 4.875000000E-01, 3.675000000E-01, 1.075253605E+03
       328, 4.575000000E-01, 3.975000000E-01, 1.078039531E+03
       329, 4.425000000E-01, 4.125000000E-01, 1.079417793E+03
       330, 5.025000000E-01, 3.525000000E-01, 1.073851848E+03
       331, 4.575000000E-01, 3.825000000E-01, 1.078040302E+03
       332, 4.725000000E-01, 3.675000000E-01, 1.076651172E+03
       333, 4.875000000E-01, 3.525000000E-01, 1.075254111E+03
       334, 4.425000000E-01, 3.975000000E-01, 1.079418408E+03
       335, 4.275000000E-01, 4.125000000E-01, 1.080782217E+03
       336, 5.025000000E-01, 3.375000000E-01, 1.073852044E+03
       337, 4.575000000E-01, 3.675000000E-01, 1.078041414E+03
       338, 4.425000000E-01, 3.825000000E-01, 1.079419554E+03
       339, 4.725000000E-01, 3.525000000E-01, 1.076652086E+03
       340, 4.875000000E-01, 3.375000000E-01, 1.075254723E+03
       341, 4.275000000E-01, 3.975000000E-01, 1.080783103E+03
       342, 4.125000000E-01, 4.125000000E-01, 1.082128330E+03
       343, 5.025000000E-01, 3.225000000E-01, 1.073852271E+03
       344, 4.575000000E-01, 3.525000000E-01, 1.078042853E+03
       345, 4.425000000E-01, 3.675000000E-01, 1.079421215E+03
       346, 4.275000000E-01, 3.825000000E-01, 1.080784773E+03
       347, 4.725000000E-01, 3.375000000E-01, 1.076653194E+03
       348, 4.875000000E-01, 3.225000000E-01, 1.075255435E+03
       349, 4.125000000E-01, 3.975000000E-01, 1.082129600E+03
       350, 3.975000000E-01, 4.125000000E-01, 1.083451190E+03
       351, 5.025000000E-01, 3.075000000E-01, 1.073852528E+03
       352, 4.425000000E-01, 3.525000000E-01, 1.079423370E+03
       353, 4.575000000E-01, 3.375000000E-01, 1.078044601E+03
       354, 4.275000000E-01, 3.675000000E-01, 1.080787205E+03
       355, 4.125000000E-01, 3.825000000E-01, 1.082132022E+03
       356, 4.725000000E-01, 3.225000000E-01, 1.076654483E+03
       357, 4.875000000E-01, 3.075000000E-01, 1.075256238E+03
       358, 3.975000000E-01, 3.975000000E-01, 1.083453018E+03
       359, 3.825000000E-01, 4.125000000E-01, 1.084744393E+03
       360, 5.025000000E-01, 2.925000000E-01, 1.073852810E+03
       361, 4.275000000E-01, 3.525000000E-01, 1.080790365E+03
       362, 4.425000000E-01, 3.375000000E-01, 1.079425989E+03
       363, 4.575000000E-01, 3.225000000E-01, 1.078046636E+03
       364, 4.125000000E-01, 3.675000000E-01, 1.082135561E+03
       365, 3.975000000E-01, 3.825000000E-01, 1.083456538E+03
       366, 4.725000000E-01, 3.075000000E-01, 1.076655937E+03
       367, 4.875000000E-01, 2.925000000E-01, 1.075257121E+03
       368, 3.825000000E-01, 3.975000000E-01, 1.084747047E+03
       369, 3.675000000E-01, 4.124999999E-01, 1.085999128E+03
       370, 5.025000000E-01, 2.775000000E-01, 1.073853114E+03
       371, 4.275000000E-01, 3.375000000E-01, 1.080794210E+03
       372, 4.125000000E-01, 3.525000000E-01, 1.082140167E+03
       373, 4.425000000E-01, 3.225000000E-01, 1.079429039E+03
       374, 4.574999999E-01, 3.075000000E-01, 1.078048930E+03
       375, 3.975000000E-01, 3.675000000E-01, 1.083461697E+03
       376, 3.825000000E-01, 3.825000000E-01, 1.084752199E+03
       377, 4.724999999E-01, 2.925000000E-01, 1.076657535E+03
       378, 4.874999999E-01, 2.775000000E-01, 1.075258073E+03
       379, 3.674999999E-01, 3.974999995E-01, 1.086003030E+03
       380, 3.524999998E-01, 4.124999990E-01, 1.087202664E+03
       381, 5.024999999E-01, 2.625000000E-01, 1.073853437E+03
       382, 4.275000000E-01, 3.225000000E-01, 1.080798688E+03
       383, 4.125000000E-01, 3.375000000E-01, 1.082145773E+03
       384, 3.975000000E-01, 3.525000000E-01, 1.083468418E+03
       385, 4.424999999E-01, 3.075000000E-01, 1.079432477E+03
       386, 4.574999999E-01, 2.925000000E-01, 1.078051453E+03
       387, 3.825000000E-01, 3.674999999E-01, 1.084759766E+03
       388, 3.674999999E-01, 3.824999991E-01, 1.086010649E+03
       389, 4.724999995E-01, 2.774999999E-01, 1.076659259E+03
       390, 4.874999996E-01, 2.625000000E-01, 1.075259082E+03
       391, 3.524999998E-01, 3.974999970E-01, 1.087208479E+03
       392, 3.375000000E-01, 4.124999984E-01, 1.088335867E+03
       393, 5.024999999E-01, 2.475000000E-01, 1.073853773E+03
       394, 4.125000000E-01, 3.225000000E-01, 1.082152301E+03
       395, 4.274999998E-01, 3.075000000E-01, 1.080803736E+03
       396, 3.975000000E-01, 3.375000000E-01, 1.083476598E+03
       397, 3.825000000E-01, 3.524999999E-01, 1.084769627E+03
       398, 4.424999998E-01, 2.925000000E-01, 1.079436261E+03
       399, 4.574999990E-01, 2.774999999E-01, 1.078054174E+03
       400, 3.674999999E-01, 3.674999985E-01, 1.086021854E+03
       401, 3.524999997E-01, 3.824999947E-01, 1.087219887E+03
       402, 4.724999989E-01, 2.625000000E-01, 1.076661085E+03
       403, 4.874999993E-01, 2.475000000E-01, 1.075260135E+03
       404, 3.374999995E-01, 3.974999938E-01, 1.088344651E+03
       405, 3.224999991E-01, 4.124999960E-01, 1.089369283E+03
       406, 5.024999986E-01, 2.324999996E-01, 1.073854119E+03
       407, 3.974999999E-01, 3.224999999E-01, 1.083486116E+03
       408, 4.124999996E-01, 3.075000000E-01, 1.082159658E+03
       409, 4.274999996E-01, 2.925000000E-01, 1.080809287E+03
       410, 3.824999999E-01, 3.374999998E-01, 1.084781624E+03
       411, 3.674999998E-01, 3.524999976E-01, 1.086036455E+03
       412, 4.424999983E-01, 2.774999999E-01, 1.079440337E+03
       413, 4.574999980E-01, 2.625000000E-01, 1.078057057E+03
       414, 3.524999996E-01, 3.674999915E-01, 1.087236680E+03
       415, 3.374999996E-01, 3.824999873E-01, 1.088361945E+03
       416, 4.724999977E-01, 2.474999997E-01, 1.076662991E+03
       417, 4.874999955E-01, 2.324999996E-01, 1.075261219E+03
       418, 3.224999997E-01, 3.974999865E-01, 1.089382651E+03
       419, 3.075000007E-01, 4.124999957E-01, 1.090257494E+03
       420, 5.024999985E-01, 2.175000004E-01, 1.073854471E+03
       421, 3.974999994E-01, 3.074999999E-01, 1.083496831E+03
       422, 3.824999999E-01, 3.224999996E-01, 1.084795566E+03
       423, 4.124999994E-01, 2.925000000E-01, 1.082167739E+03
       424, 4.274999970E-01, 2.774999997E-01, 1.080815265E+03
       425, 3.674999997E-01, 3.374999964E-01, 1.086054199E+03
       426, 3.524999994E-01, 3.524999868E-01, 1.087258552E+03
       427, 4.424999966E-01, 2.625000000E-01, 1.079444655E+03
       428, 4.574999952E-01, 2.474999997E-01, 1.078060064E+03
       429, 3.374999992E-01, 3.674999785E-01, 1.088387426E+03
       430, 3.224999992E-01, 3.824999740E-01, 1.089409059E+03
       431, 4.724999908E-01, 2.324999997E-01, 1.076664953E+03
       432, 4.874999954E-01, 2.175000004E-01, 1.075262319E+03
       433, 3.075000007E-01, 3.974999869E-01, 1.090277635E+03
       434, 2.924999953E-01, 4.124999837E-01, 1.090933280E+03
       435, 5.024999927E-01, 2.024999977E-01, 1.073854824E+03
       436, 3.824999991E-01, 3.074999993E-01, 1.084811234E+03
       437, 3.974999990E-01, 2.924999999E-01, 1.083508585E+03
       438, 3.674999996E-01, 3.224999945E-01, 1.086074787E+03
       439, 4.124999947E-01, 2.774999996E-01, 1.082176433E+03
       440, 4.274999941E-01, 2.625000000E-01, 1.080821592E+03
       441, 3.524999990E-01, 3.374999800E-01, 1.087285101E+03
       442, 3.374999986E-01, 3.524999643E-01, 1.088420620E+03
       443, 4.424999917E-01, 2.474999996E-01, 1.079449157E+03
       444, 4.574999835E-01, 2.324999992E-01, 1.078063158E+03
       445, 3.224999987E-01, 3.674999552E-01, 1.089448063E+03
       446, 3.075000009E-01, 3.824999757E-01, 1.090317615E+03
       447, 4.724999895E-01, 2.174999999E-01, 1.076666945E+03
       448, 4.874999782E-01, 2.024999977E-01, 1.075263425E+03
       449, 2.924999954E-01, 3.974999513E-01, 1.090962175E+03
       450, 2.775000051E-01, 4.124999848E-01, 1.091309588E+03
       451, 5.024999926E-01, 1.875000023E-01, 1.073855174E+03
       452, 3.824999984E-01, 2.924999988E-01, 1.084828387E+03
       453, 3.674999985E-01, 3.074999922E-01, 1.086097869E+03
       454, 3.974999923E-01, 2.774999994E-01, 1.083521209E+03
       455, 3.524999985E-01, 3.224999700E-01, 1.087315844E+03
       456, 4.124999901E-01, 2.625000000E-01, 1.082185622E+03
       457, 4.274999859E-01, 2.474999993E-01, 1.080828182E+03
       458, 3.374999939E-01, 3.374999308E-01, 1.088460888E+03
       459, 3.224999977E-01, 3.524999240E-01, 1.089498988E+03
       460, 4.424999719E-01, 2.324999987E-01, 1.079453786E+03
       461, 4.574999734E-01, 2.174999983E-01, 1.078066299E+03
       462, 3.074999980E-01, 3.674999472E-01, 1.090377013E+03
       463, 2.924999938E-01, 3.824999123E-01, 1.091019967E+03
       464, 4.724999589E-01, 2.024999975E-01, 1.076668944E+03
       465, 4.874999749E-01, 1.875000012E-01, 1.075264518E+03
       466, 2.775000050E-01, 3.974999546E-01, 1.091346206E+03
       467, 5.024999682E-01, 1.724999896E-01, 1.073855518E+03
       468, 3.824999894E-01, 2.774999978E-01, 1.084846762E+03
       469, 3.674999975E-01, 2.924999894E-01, 1.086123065E+03
       470, 3.524999961E-01, 3.074999545E-01, 1.087350217E+03
       471, 3.974999838E-01, 2.624999991E-01, 1.083534524E+03
       472, 3.374999943E-01, 3.224998798E-01, 1.088507451E+03
       473, 4.124999765E-01, 2.474999988E-01, 1.082195180E+03
       474, 4.274999527E-01, 2.324999979E-01, 1.080834953E+03
       475, 3.224999919E-01, 3.374998379E-01, 1.089560891E+03
       476, 3.074999995E-01, 3.524998981E-01, 1.090455140E+03
       477, 4.424999476E-01, 2.174999989E-01, 1.079458483E+03
       478, 4.574999231E-01, 2.024999976E-01, 1.078069450E+03
       479, 2.924999937E-01, 3.674998431E-01, 1.091106834E+03
       480, 2.775000069E-01, 3.824999189E-01, 1.091420118E+03
       481, 4.724999511E-01, 1.875000019E-01, 1.076670922E+03
       482, 4.874999024E-01, 1.724999907E-01, 1.075265593E+03
       483, 5.024999684E-01, 1.575000105E-01, 1.073855847E+03
       484, 3.824999755E-01, 2.624999970E-01, 1.084866089E+03
       485, 3.674999864E-01, 2.774999862E-01, 1.086149965E+03
       486, 3.524999949E-01, 2.924999348E-01, 1.087387604E+03
       487, 3.374999851E-01, 3.074997969E-01, 1.088559386E+03
       488, 3.974999576E-01, 2.474999970E-01, 1.083548346E+03
       489, 3.224999919E-01, 3.224997052E-01, 1.089632567E+03
       490, 4.124999216E-01, 2.324999966E-01, 1.082204985E+03
       491, 4.274999097E-01, 2.174999980E-01, 1.080841815E+03
       492, 3.074999936E-01, 3.374997615E-01, 1.090550925E+03
       493, 2.924999875E-01, 3.524997307E-01, 1.091222949E+03
       494, 4.424998665E-01, 2.024999947E-01, 1.079463192E+03
       495, 4.574999150E-01, 1.875000026E-01, 1.078072565E+03
       496, 2.775000108E-01, 3.674998656E-01, 1.091532943E+03
       497, 4.724998213E-01, 1.724999869E-01, 1.076672866E+03
       498, 4.874999054E-01, 1.575000102E-01, 1.075266624E+03
       499, 5.024999799E-01, 1.424999934E-01, 1.073856159E+03
       500, 3.824999311E-01, 2.474999942E-01, 1.084886087E+03
       501, 3.674999655E-01, 2.624999827E-01, 1.086178145E+03
       502, 3.524999808E-01, 2.774999125E-01, 1.087427340E+03
       503, 3.374999842E-01, 2.924996831E-01, 1.088615661E+03
       504, 3.224999785E-01, 3.074994829E-01, 1.089712511E+03
       505, 3.974998608E-01, 2.324999923E-01, 1.083562491E+03
       506, 3.074999932E-01, 3.224995429E-01, 1.090662826E+03
       507, 4.124998467E-01, 2.174999963E-01, 1.082214905E+03
       508, 4.274997811E-01, 2.024999921E-01, 1.080848687E+03
       509, 2.924999940E-01, 3.374995186E-01, 1.091368298E+03
       510, 2.775000173E-01, 3.524997813E-01, 1.091687308E+03
       511, 4.424998547E-01, 1.875000034E-01, 1.079467843E+03
       512, 4.574997036E-01, 1.724999812E-01, 1.078075628E+03
       513, 4.724998296E-01, 1.575000140E-01, 1.076674729E+03
       514, 4.874999399E-01, 1.424999937E-01, 1.075267600E+03
       515, 5.024999796E-01, 1.275000065E-01, 1.073856453E+03
       516, 3.824997770E-01, 2.324999888E-01, 1.084906486E+03
       517, 3.674999012E-01, 2.474999785E-01, 1.086207176E+03
       518, 3.524999522E-01, 2.624998886E-01, 1.087468746E+03
       519, 3.374999613E-01, 2.774995393E-01, 1.088675157E+03
       520, 3.224999778E-01, 2.924991717E-01, 1.089798959E+03
       521, 3.074999669E-01, 3.074991223E-01, 1.090788656E+03
       522, 3.974997081E-01, 2.174999871E-01, 1.083576770E+03
       523, 2.924999788E-01, 3.224991801E-01, 1.091542437E+03
       524, 4.124996454E-01, 2.024999886E-01, 1.082224824E+03
       525, 4.274997092E-01, 1.874999891E-01, 1.080855471E+03
       526, 2.775000273E-01, 3.374996476E-01, 1.091887051E+03
       527, 4.424995215E-01, 1.724999718E-01, 1.079472414E+03
       528, 4.574996995E-01, 1.575000139E-01, 1.078078561E+03
       529, 4.724998883E-01, 1.424999904E-01, 1.076676495E+03
       530, 4.874999347E-01, 1.275000048E-01, 1.075268518E+03
       531, 3.824994940E-01, 2.174999779E-01, 1.084927007E+03
       532, 3.674996861E-01, 2.324999705E-01, 1.086236642E+03
       533, 3.524998700E-01, 2.474998633E-01, 1.087511136E+03
       534, 3.374999275E-01, 2.624993639E-01, 1.088736722E+03
       535, 3.224999611E-01, 2.774987946E-01, 1.089889901E+03
       536, 3.074999658E-01, 2.924985009E-01, 1.090925466E+03
       537, 2.925000011E-01, 3.074985865E-01, 1.091743960E+03
       538, 3.974994069E-01, 2.024999925E-01, 1.083591009E+03
       539, 2.775000427E-01, 3.224994376E-01, 1.092137665E+03
       540, 4.124994708E-01, 1.874999949E-01, 1.082234604E+03
       541, 4.274991918E-01, 1.724999735E-01, 1.080862129E+03
       542, 4.424994272E-01, 1.575000029E-01, 1.079476796E+03
       543, 4.574997830E-01, 1.424999901E-01, 1.078081342E+03
       544, 4.724998745E-01, 1.275000084E-01, 1.076678155E+03
       545, 3.674992587E-01, 2.174999618E-01, 1.086266135E+03
       546, 3.824990396E-01, 2.024999796E-01, 1.084947390E+03
       547, 3.524996008E-01, 2.324998367E-01, 1.087553862E+03
       548, 3.374998319E-01, 2.474991762E-01, 1.088799209E+03
       549, 3.224999095E-01, 2.624983000E-01, 1.089983211E+03
       550, 3.074998816E-01, 2.774975830E-01, 1.091069418E+03
       551, 2.924999664E-01, 2.924976816E-01, 1.091969732E+03
       552, 2.775000657E-01, 3.074991119E-01, 1.092446819E+03
       553, 3.974990365E-01, 1.874999562E-01, 1.083605020E+03
       554, 4.124986783E-01, 1.724999497E-01, 1.082244182E+03
       555, 4.274988611E-01, 1.574999725E-01, 1.080868521E+03
       556, 4.424995314E-01, 1.425000001E-01, 1.079480941E+03
       557, 4.574997770E-01, 1.275000140E-01, 1.078083951E+03
       558, 3.674985625E-01, 2.024999441E-01, 1.086295272E+03
       559, 3.524990308E-01, 2.174998086E-01, 1.087596304E+03
       560, 3.824983851E-01, 1.874999643E-01, 1.084967380E+03
       561, 3.374995274E-01, 2.324989684E-01, 1.088861553E+03
       562, 3.224998022E-01, 2.474976902E-01, 1.090076760E+03
       563, 3.074998658E-01, 2.624963200E-01, 1.091215870E+03
       564, 2.924999958E-01, 2.774962669E-01, 1.092213389E+03
       565, 2.775000998E-01, 2.924986137E-01, 1.092825362E+03
       566, 3.974978423E-01, 1.724999628E-01, 1.083618702E+03
       567, 4.124980282E-01, 1.574999972E-01, 1.082253375E+03
       568, 4.274989705E-01, 1.425000263E-01, 1.080874546E+03
       569, 4.424996067E-01, 1.275000233E-01, 1.079484819E+03
       570, 3.674974556E-01, 1.874999041E-01, 1.086323698E+03
       571, 3.524979842E-01, 2.024997681E-01, 1.087637906E+03
       572, 3.374988417E-01, 2.174987574E-01, 1.088922783E+03
       573, 3.824966192E-01, 1.724999140E-01, 1.084986822E+03
       574, 3.224994790E-01, 2.324969541E-01, 1.090168654E+03
       575, 3.074997458E-01, 2.474948057E-01, 1.091359849E+03
       576, 2.924998968E-01, 2.624942400E-01, 1.092463018E+03
       577, 2.775001467E-01, 2.774978650E-01, 1.093288609E+03
       578, 3.974968793E-01, 1.574999845E-01, 1.083631798E+03
       579, 4.124980973E-01, 1.424999908E-01, 1.082262021E+03
       580, 3.524962397E-01, 1.874997683E-01, 1.087678172E+03
       581, 3.674948938E-01, 1.724998975E-01, 1.086351180E+03
       582, 3.374974301E-01, 2.024985571E-01, 1.088982088E+03
       583, 3.224987194E-01, 2.174961193E-01, 1.090257307E+03
       584, 3.824951363E-01, 1.574999557E-01, 1.085005366E+03
       585, 3.074994098E-01, 2.324928538E-01, 1.091497456E+03
       586, 2.924997729E-01, 2.474915630E-01, 1.092696905E+03
       587, 2.774996297E-01, 2.624950688E-01, 1.093858735E+03
       588, 3.974967987E-01, 1.424999777E-01, 1.083644099E+03
       589, 3.524925999E-01, 1.724996966E-01, 1.087716766E+03
       590, 3.374950067E-01, 1.874984579E-01, 1.089038778E+03
       591, 3.674925540E-01, 1.574998987E-01, 1.086377266E+03
       592, 3.224970449E-01, 2.024952493E-01, 1.090341534E+03
       593, 3.074986096E-01, 2.174904410E-01, 1.091626089E+03
       594, 3.824946745E-01, 1.424999492E-01, 1.085022743E+03
       595, 2.924992968E-01, 2.324874502E-01, 1.092906663E+03
       596, 2.774996637E-01, 2.474900837E-01, 1.094267396E+03
       597, 2.625000002E-01, 2.624966675E-01, 1.096860958E+03
       598, 3.374898330E-01, 1.724983665E-01, 1.089092452E+03
       599, 3.524882828E-01, 1.574995334E-01, 1.087753193E+03
       600, 3.224937888E-01, 1.874944484E-01, 1.090420502E+03
       601, 3.674900989E-01, 1.424994935E-01, 1.086401724E+03
       602, 3.074967814E-01, 2.024876212E-01, 1.091744332E+03
       603, 2.924986522E-01, 2.174821713E-01, 1.093090326E+03
       604, 2.774996396E-01, 2.324838056E-01, 1.094568880E+03
       605, 2.624999518E-01, 2.474900114E-01, 1.096903245E+03
       606, 3.374822888E-01, 1.574983386E-01, 1.089142631E+03
       607, 3.224867211E-01, 1.724938477E-01, 1.090493840E+03
       608, 3.524826157E-01, 1.424997618E-01, 1.087787196E+03
       609, 3.074928981E-01, 1.874845451E-01, 1.091851644E+03
       610, 2.924968199E-01, 2.024761481E-01, 1.093249101E+03
       611, 2.774988595E-01, 2.174761551E-01, 1.094796991E+03
       612, 2.624997511E-01, 2.324829641E-01, 1.096959612E+03
       613, 3.224757004E-01, 1.574937103E-01, 1.090561224E+03
       614, 3.374713908E-01, 1.424980186E-01, 1.089189088E+03
       615, 3.074840043E-01, 1.724814811E-01, 1.091948285E+03
       616, 2.924926927E-01, 1.874690896E-01, 1.093385419E+03
       617, 2.774971842E-01, 2.024671895E-01, 1.094973335E+03
       618, 2.624991696E-01, 2.174746801E-01, 1.097016839E+03
       619, 2.774931673E-01, 1.874563299E-01, 1.095112244E+03
       620, 2.624976879E-01, 2.024643992E-01, 1.097069348E+03
       621, 2.624940131E-01, 1.874516301E-01, 1.097115384E+03
       622, 2.174690389E-01, 1.574857673E-01, 1.102704811E+03
       623, 2.024743503E-01, 1.574978383E-01, 1.104271181E+03
       624, 2.174894905E-01, 1.724896135E-01, 1.102800955E+03
       625, 1.874802662E-01, 1.575015436E-01, 1.105743115E+03
       626, 2.024917710E-01, 1.724987121E-01, 1.104354321E+03
       627, 2.324876721E-01, 1.724703707E-01, 1.101080004E+03
       628, 2.174968989E-01, 1.874925836E-01, 1.102915980E+03
       629, 1.724861935E-01, 1.575012344E-01, 1.107160401E+03
       630, 1.874940416E-01, 1.725013680E-01, 1.105808110E+03
       631, 2.024977392E-01, 1.874992865E-01, 1.104449481E+03
       632, 2.324961768E-01, 1.874780838E-01, 1.101189246E+03
       633, 2.174990361E-01, 2.024948441E-01, 1.103051604E+03
       634, 1.724961251E-01, 1.725009213E-01, 1.107208946E+03
       635, 1.574907898E-01, 1.575005431E-01, 1.108548820E+03
       636, 1.874984226E-01, 1.875010559E-01, 1.105880362E+03
       637, 2.024992767E-01, 2.024996665E-01, 1.104556251E+03
       638, 2.474952513E-01, 1.874598754E-01, 1.099186022E+03
       639, 2.324988283E-01, 2.024842061E-01, 1.101327351E+03
       640, 2.174997686E-01, 2.174965255E-01, 1.103210083E+03
       641, 1.574975473E-01, 1.725002883E-01, 1.108584228E+03
       642, 1.724989869E-01, 1.875006214E-01, 1.107261879E+03
       643, 1.424937629E-01, 1.575002893E-01, 1.109924076E+03
       644, 1.874994751E-01, 2.025008267E-01, 1.105958924E+03
       645, 2.024997996E-01, 2.174998901E-01, 1.104674250E+03
       646, 2.474984150E-01, 2.024708097E-01, 1.099231153E+03
       647, 2.324999383E-01, 2.174894145E-01, 1.101503346E+03
       648, 2.175000195E-01, 2.324976956E-01, 1.103393621E+03
       649, 1.574993540E-01, 1.875001613E-01, 1.108622329E+03
       650, 1.424983848E-01, 1.725000965E-01, 1.109949526E+03
       651, 1.724996688E-01, 2.025004594E-01, 1.107318288E+03
       652, 1.274961224E-01, 1.575002926E-01, 1.111295524E+03
       653, 1.874998346E-01, 2.175006300E-01, 1.106042961E+03
       654, 2.024999870E-01, 2.325000015E-01, 1.104802772E+03
       655, 2.474994543E-01, 2.174798796E-01, 1.099283327E+03
       656, 2.325000825E-01, 2.324933721E-01, 1.101731353E+03
       657, 2.175000648E-01, 2.474984889E-01, 1.103603296E+03
       658, 1.574998124E-01, 2.025001148E-01, 1.108662398E+03
       659, 1.424995923E-01, 1.875000549E-01, 1.109976670E+03
       660, 1.274989792E-01, 1.725000518E-01, 1.111313674E+03
       661, 1.724998942E-01, 2.175003371E-01, 1.107377446E+03
       662, 1.274909730E-01, 1.425001763E-01, 1.111278660E+03
       663, 1.124979852E-01, 1.575001661E-01, 1.112668762E+03
       664, 1.874999682E-01, 2.325004611E-01, 1.106131528E+03
       665, 2.025000228E-01, 2.475000483E-01, 1.104940327E+03
       666, 2.475000704E-01, 2.324870091E-01, 1.099340386E+03
       667, 2.325002344E-01, 2.474961556E-01, 1.102032783E+03
       668, 2.175000559E-01, 2.624990184E-01, 1.103837144E+03
       669, 1.424998902E-01, 2.025000279E-01, 1.110004972E+03
       670, 1.574999452E-01, 2.175000797E-01, 1.108703897E+03
       671, 1.274997716E-01, 1.875000247E-01, 1.111332887E+03
       672, 1.124993629E-01, 1.725000417E-01, 1.112681647E+03
       673, 1.724999745E-01, 2.325002378E-01, 1.107438609E+03
       674, 1.274845310E-01, 1.275002495E-01, 1.111263175E+03
       675, 1.124947006E-01, 1.425000971E-01, 1.112656768E+03
       676, 9.749895322E-02, 1.575000577E-01, 1.114046989E+03
       677, 1.874999979E-01, 2.475003291E-01, 1.106223386E+03
       678, 2.025000211E-01, 2.625000608E-01, 1.105084279E+03
       679, 2.475001490E-01, 2.474926023E-01, 1.099396713E+03
       680, 2.325001731E-01, 2.624983815E-01, 1.102441454E+03
       681, 2.175000385E-01, 2.774993683E-01, 1.104086740E+03
       682, 1.424999696E-01, 2.175000185E-01, 1.110034042E+03
       683, 1.274999288E-01, 2.025000081E-01, 1.111352806E+03
       684, 1.574999869E-01, 2.325000532E-01, 1.108746286E+03
       685, 1.124998753E-01, 1.875000114E-01, 1.112695176E+03
       686, 9.749959634E-02, 1.725000387E-01, 1.114056065E+03
       687, 1.724999940E-01, 2.475001652E-01, 1.107500924E+03
       688, 1.124898315E-01, 1.275001412E-01, 1.112645773E+03
       689, 9.749689696E-02, 1.425001591E-01, 1.114038524E+03
       690, 8.249936882E-02, 1.575000375E-01, 1.115431722E+03
       691, 1.875000020E-01, 2.625002285E-01, 1.106316920E+03
       692, 2.025000117E-01, 2.775000569E-01, 1.105230715E+03
       693, 2.475003025E-01, 2.624976459E-01, 1.099438959E+03
       694, 2.324999584E-01, 2.774994043E-01, 1.103011474E+03
       695, 2.175000241E-01, 2.924996043E-01, 1.104330377E+03
       696, 1.424999920E-01, 2.325000124E-01, 1.110063497E+03
       697, 1.274999806E-01, 2.175000045E-01, 1.111373145E+03
       698, 1.124999556E-01, 2.025000063E-01, 1.112709148E+03
       699, 1.574999985E-01, 2.475000358E-01, 1.108788990E+03
       700, 9.749992368E-02, 1.875000145E-01, 1.114065543E+03
       701, 8.249974588E-02, 1.725000271E-01, 1.115438050E+03
       702, 1.724999982E-01, 2.625001125E-01, 1.107563402E+03
       703, 9.749385026E-02, 1.275002755E-01, 1.114030732E+03
       704, 8.249810430E-02, 1.425001086E-01, 1.115425802E+03
       705, 6.749962267E-02, 1.575000135E-01, 1.116823362E+03
       706, 1.875000012E-01, 2.775001503E-01, 1.106410221E+03
       707, 2.025000105E-01, 2.925000470E-01, 1.105374650E+03
       708, 2.324999721E-01, 2.924996143E-01, 1.103474726E+03
       709, 2.175000183E-01, 3.074997564E-01, 1.104556135E+03
       710, 1.274999949E-01, 2.325000026E-01, 1.111393643E+03
       711, 1.424999988E-01, 2.475000083E-01, 1.110092946E+03
       712, 1.124999888E-01, 2.175000039E-01, 1.112723358E+03
       713, 9.749997329E-02, 2.025000092E-01, 1.114075303E+03
       714, 1.575000008E-01, 2.625000235E-01, 1.108831374E+03
       715, 8.249995307E-02, 1.875000103E-01, 1.115444643E+03
       716, 6.749984239E-02, 1.725000115E-01, 1.116827717E+03
       717, 1.724999956E-01, 2.775000698E-01, 1.107624964E+03
       718, 8.249681682E-02, 1.275001521E-01, 1.115420281E+03
       719, 6.749885128E-02, 1.425000563E-01, 1.116819279E+03
       720, 5.249977536E-02, 1.575000066E-01, 1.118221545E+03
       721, 1.874999980E-01, 2.925000852E-01, 1.106501159E+03
       722, 2.025000028E-01, 3.075000349E-01, 1.105511451E+03
       723, 2.324999817E-01, 3.074997532E-01, 1.103853244E+03
       724, 2.175000119E-01, 3.224998478E-01, 1.104757650E+03
       725, 1.274999991E-01, 2.475000015E-01, 1.111414029E+03
       726, 1.124999968E-01, 2.325000018E-01, 1.112737625E+03
       727, 1.425000003E-01, 2.625000053E-01, 1.110121972E+03
       728, 9.749999420E-02, 2.175000047E-01, 1.114085204E+03
       729, 8.249998348E-02, 2.025000064E-01, 1.115451418E+03
       730, 1.574999998E-01, 2.775000154E-01, 1.108872778E+03
       731, 6.749997191E-02, 1.875000026E-01, 1.116832245E+03
       732, 5.249990315E-02, 1.725000067E-01, 1.118224467E+03
       733, 1.724999973E-01, 2.925000352E-01, 1.107684457E+03
       734, 6.749833180E-02, 1.274999973E-01, 1.116815442E+03
       735, 5.249930691E-02, 1.425000341E-01, 1.118218801E+03
       736, 3.749986812E-02, 1.575000037E-01, 1.119625342E+03
       737, 1.874999989E-01, 3.075000452E-01, 1.106587602E+03
       738, 2.025000017E-01, 3.225000237E-01, 1.105637274E+03
       739, 2.324999882E-01, 3.224998439E-01, 1.104162412E+03
       740, 2.175000079E-01, 3.374999056E-01, 1.104931786E+03
       741, 1.274999999E-01, 2.625000009E-01, 1.111434025E+03
       742, 1.124999995E-01, 2.475000010E-01, 1.112751763E+03
       743, 9.749999800E-02, 2.325000024E-01, 1.114095118E+03
       744, 1.425000000E-01, 2.775000035E-01, 1.110150152E+03
       745, 8.249999656E-02, 2.175000035E-01, 1.115458279E+03
       746, 6.749999044E-02, 2.025000017E-01, 1.116836894E+03
       747, 1.574999994E-01, 2.925000088E-01, 1.108912514E+03
       748, 5.249998323E-02, 1.875000011E-01, 1.118227503E+03
       749, 3.749994162E-02, 1.725000044E-01, 1.119627199E+03
       750, 1.724999992E-01, 3.075000170E-01, 1.107740731E+03
       751, 5.249900578E-02, 1.274999941E-01, 1.118216220E+03
       752, 3.749958849E-02, 1.425000219E-01, 1.119623596E+03
       753, 2.249993522E-02, 1.575000047E-01, 1.121033417E+03
       754, 1.874999992E-01, 3.225000277E-01, 1.106667543E+03
       755, 2.025000014E-01, 3.375000137E-01, 1.105749172E+03
       756, 2.324999924E-01, 3.374999023E-01, 1.104413013E+03
       757, 2.175000051E-01, 3.524999414E-01, 1.105077132E+03
       758, 1.124999999E-01, 2.625000004E-01, 1.112765583E+03
       759, 1.274999999E-01, 2.775000005E-01, 1.111453351E+03
       760, 9.749999973E-02, 2.475000012E-01, 1.114104919E+03
       761, 8.249999874E-02, 2.325000017E-01, 1.115465137E+03
       762, 1.424999998E-01, 2.925000020E-01, 1.110177051E+03
       763, 6.749999859E-02, 2.175000007E-01, 1.116841595E+03
       764, 5.249999420E-02, 2.025000007E-01, 1.118230616E+03
       765, 1.574999998E-01, 3.075000043E-01, 1.108949901E+03
       766, 3.749999010E-02, 1.875000006E-01, 1.119629127E+03
       767, 2.249996801E-02, 1.725000030E-01, 1.121034445E+03
       768, 1.724999995E-01, 3.225000101E-01, 1.107792664E+03
       769, 3.749946449E-02, 1.275000112E-01, 1.119621950E+03
       770, 2.249977980E-02, 1.425000133E-01, 1.121032452E+03
       771, 7.499983531E-03, 1.574999992E-01, 1.122444166E+03
       772, 1.874999991E-01, 3.375000142E-01, 1.106739217E+03
       773, 2.025000005E-01, 3.525000057E-01, 1.105844955E+03
       774, 2.324999952E-01, 3.524999394E-01, 1.104612767E+03
       775, 2.175000031E-01, 3.674999638E-01, 1.105193246E+03
       776, 1.124999999E-01, 2.775000003E-01, 1.112778898E+03
       777, 9.749999991E-02, 2.625000005E-01, 1.114114477E+03
       778, 1.275000000E-01, 2.925000004E-01, 1.111471727E+03
       779, 8.249999976E-02, 2.475000009E-01, 1.115471906E+03
       780, 6.749999938E-02, 2.325000005E-01, 1.116846290E+03
       781, 1.424999999E-01, 3.075000009E-01, 1.110202248E+03
       782, 5.249999916E-02, 2.175000002E-01, 1.118233763E+03
       783, 3.749999660E-02, 2.025000004E-01, 1.119631103E+03
       784, 1.574999998E-01, 3.225000024E-01, 1.108984274E+03
       785, 2.249999512E-02, 1.875000006E-01, 1.121035511E+03
       786, 7.499989702E-03, 1.725000031E-01, 1.122444495E+03
       787, 1.724999995E-01, 3.375000049E-01, 1.107839227E+03
       788, 2.249976570E-02, 1.274999919E-01, 1.121031536E+03
       789, 7.499931547E-03, 1.425000184E-01, 1.122443858E+03
       790, 1.874999995E-01, 3.525000050E-01, 1.106801119E+03
       791, 2.025000001E-01, 3.675000024E-01, 1.105923080E+03
       792, 2.324999970E-01, 3.674999628E-01, 1.104767124E+03
       793, 2.175000020E-01, 3.824999782E-01, 1.105280110E+03
       794, 1.125000000E-01, 2.925000001E-01, 1.112791522E+03
       795, 9.749999995E-02, 2.775000003E-01, 1.114123666E+03
       796, 8.249999992E-02, 2.625000004E-01, 1.115478497E+03
       797, 1.275000000E-01, 3.075000002E-01, 1.111488880E+03
       798, 6.749999994E-02, 2.475000003E-01, 1.116850918E+03
       799, 5.249999962E-02, 2.325000001E-01, 1.118236904E+03
       800, 1.425000000E-01, 3.225000004E-01, 1.110225331E+03
       801, 3.749999957E-02, 2.175000001E-01, 1.119633100E+03
       802, 2.249999818E-02, 2.025000003E-01, 1.121036604E+03
       803, 1.574999998E-01, 3.375000013E-01, 1.109015016E+03
       804, 7.499998769E-03, 1.875000001E-01, 1.122444836E+03
       805, 1.724999999E-01, 3.525000018E-01, 1.107879494E+03
       806, 7.499931291E-03, 1.274999819E-01, 1.122443565E+03
       807, 1.875000000E-01, 3.675000021E-01, 1.106852042E+03
       808, 2.025000000E-01, 3.825000014E-01, 1.105982477E+03
       809, 2.324999981E-01, 3.824999776E-01, 1.104879953E+03
       810, 2.175000014E-01, 3.974999878E-01, 1.105337900E+03
       811, 1.125000000E-01, 3.075000001E-01, 1.112803278E+03
       812, 9.749999998E-02, 2.925000001E-01, 1.114132361E+03
       813, 8.249999996E-02, 2.775000002E-01, 1.115484823E+03
       814, 6.749999995E-02, 2.625000001E-01, 1.116855421E+03
       815, 1.275000000E-01, 3.225000001E-01, 1.111504548E+03
       816, 5.249999998E-02, 2.475000001E-01, 1.118239997E+03
       817, 3.749999977E-02, 2.325000001E-01, 1.119635092E+03
       818, 1.425000000E-01, 3.375000002E-01, 1.110245918E+03
       819, 2.249999983E-02, 2.175000001E-01, 1.121037708E+03
       820, 7.499999399E-03, 2.025000002E-01, 1.122445185E+03
       821, 1.575000000E-01, 3.525000005E-01, 1.109041565E+03
       822, 1.725000000E-01, 3.675000010E-01, 1.107912687E+03
       823, 1.875000000E-01, 3.825000012E-01, 1.106891045E+03
       824, 2.025000000E-01, 3.975000007E-01, 1.106022455E+03
       825, 2.324999986E-01, 3.974999874E-01, 1.104953857E+03
       826, 2.175000015E-01, 4.124999959E-01, 1.105366790E+03
       827, 9.750000000E-02, 3.075000001E-01, 1.114140443E+03
       828, 1.125000000E-01, 3.225000000E-01, 1.112813993E+03
       829, 8.249999999E-02, 2.925000001E-01, 1.115490802E+03
       830, 6.749999998E-02, 2.775000001E-01, 1.116859739E+03
       831, 5.249999997E-02, 2.625000000E-01, 1.118243005E+03
       832, 1.275000000E-01, 3.375000001E-01, 1.111518491E+03
       833, 3.749999999E-02, 2.475000000E-01, 1.119637053E+03
       834, 2.249999987E-02, 2.325000000E-01, 1.121038809E+03
       835, 1.425000000E-01, 3.525000001E-01, 1.110263663E+03
       836, 7.499999950E-03, 2.175000000E-01, 1.122445538E+03
       837, 1.575000000E-01, 3.675000003E-01, 1.109063437E+03
       838, 1.725000000E-01, 3.825000006E-01, 1.107938168E+03
       839, 1.875000000E-01, 3.975000006E-01, 1.106917451E+03
       840, 2.025000000E-01, 4.125000002E-01, 1.106042593E+03
       841, 2.324999986E-01, 4.124999958E-01, 1.104990467E+03
       842, 9.750000000E-02, 3.225000000E-01, 1.114147799E+03
       843, 8.249999999E-02, 3.075000001E-01, 1.115496354E+03
       844, 1.125000000E-01, 3.375000000E-01, 1.112823512E+03
       845, 6.749999999E-02, 2.925000000E-01, 1.116863816E+03
       846, 5.249999999E-02, 2.775000000E-01, 1.118245887E+03
       847, 3.749999998E-02, 2.625000000E-01, 1.119638960E+03
       848, 1.275000000E-01, 3.525000000E-01, 1.111530488E+03
       849, 2.250000000E-02, 2.475000000E-01, 1.121039892E+03
       850, 7.499999955E-03, 2.325000000E-01, 1.122445890E+03
       851, 1.425000000E-01, 3.675000001E-01, 1.110278264E+03
       852, 1.575000000E-01, 3.825000002E-01, 1.109080230E+03
       853, 1.725000000E-01, 3.975000003E-01, 1.107955460E+03
       854, 1.875000000E-01, 4.125000002E-01, 1.106930817E+03
       855, 9.750000000E-02, 3.375000000E-01, 1.114154328E+03
       856, 8.250000000E-02, 3.225000000E-01, 1.115501403E+03
       857, 6.750000000E-02, 3.075000000E-01, 1.116867599E+03
       858, 1.125000000E-01, 3.525000000E-01, 1.112831692E+03
       859, 5.250000000E-02, 2.925000000E-01, 1.118248608E+03
       860, 3.749999999E-02, 2.775000000E-01, 1.119640786E+03
       861, 2.249999999E-02, 2.625000000E-01, 1.121040945E+03
       862, 1.275000000E-01, 3.675000000E-01, 1.111540349E+03
       863, 7.499999998E-03, 2.475000000E-01, 1.122446236E+03
       864, 1.425000000E-01, 3.825000000E-01, 1.110289469E+03
       865, 1.575000000E-01, 3.975000001E-01, 1.109091637E+03
       866, 1.725000000E-01, 4.125000001E-01, 1.107964243E+03
       867, 8.250000000E-02, 3.375000000E-01, 1.115505881E+03
       868, 9.750000000E-02, 3.525000000E-01, 1.114159935E+03
       869, 6.750000000E-02, 3.225000000E-01, 1.116871039E+03
       870, 5.250000000E-02, 3.075000000E-01, 1.118251132E+03
       871, 1.125000000E-01, 3.675000000E-01, 1.112838413E+03
       872, 3.750000000E-02, 2.925000000E-01, 1.119642510E+03
       873, 2.250000000E-02, 2.775000000E-01, 1.121041954E+03
       874, 7.499999997E-03, 2.625000000E-01, 1.122446573E+03
       875, 1.275000000E-01, 3.825000000E-01, 1.111547917E+03
       876, 1.425000000E-01, 3.975000000E-01, 1.110297088E+03
       877, 1.575000000E-01, 4.125000000E-01, 1.109097451E+03
       878, 6.750000000E-02, 3.375000000E-01, 1.116874089E+03
       879, 8.250000000E-02, 3.525000000E-01, 1.115509726E+03
       880, 9.750000000E-02, 3.675000000E-01, 1.114164541E+03
       881, 5.250000000E-02, 3.225000000E-01, 1.118253427E+03
       882, 3.750000000E-02, 3.075000000E-01, 1.119644109E+03
       883, 1.125000000E-01, 3.825000000E-01, 1.112843572E+03
       884, 2.250000000E-02, 2.925000000E-01, 1.121042907E+03
       885, 7.499999998E-03, 2.775000000E-01, 1.122446895E+03
       886, 1.275000000E-01, 3.975000000E-01, 1.111553069E+03
       887, 1.425000000E-01, 4.125000000E-01, 1.110300989E+03
       888, 6.750000000E-02, 3.525000000E-01, 1.116876708E+03
       889, 5.250000000E-02, 3.375000000E-01, 1.118255461E+03
       890, 8.250000000E-02, 3.675000000E-01, 1.115512886E+03
       891, 9.750000000E-02, 3.825000000E-01, 1.114168081E+03
       892, 3.750000000E-02, 3.225000000E-01, 1.119645562E+03
       893, 2.250000000E-02, 3.075000000E-01, 1.121043790E+03
       894, 1.125000000E-01, 3.975000000E-01, 1.112847092E+03
       895, 7.499999999E-03, 2.925000000E-01, 1.122447199E+03
       896, 1.275000000E-01, 4.125000000E-01, 1.111555722E+03
       897, 6.750000000E-02, 3.675000000E-01, 1.116878863E+03
       898, 5.250000000E-02, 3.525000000E-01, 1.118257210E+03
       899, 3.750000000E-02, 3.375000000E-01, 1.119646852E+03
       900, 8.250000000E-02, 3.825000000E-01, 1.115515318E+03
       901, 9.750000000E-02, 3.975000000E-01, 1.114170503E+03
       902, 2.250000000E-02, 3.225000000E-01, 1.121044593E+03
       903, 7.500000000E-03, 3.075000000E-01, 1.122447481E+03
       904, 1.125000000E-01, 4.125000000E-01, 1.112848920E+03
       905, 5.250000000E-02, 3.675000000E-01, 1.118258649E+03
       906, 6.750000000E-02, 3.825000000E-01, 1.116880524E+03
       907, 3.750000000E-02, 3.525000000E-01, 1.119647960E+03
       908, 2.250000000E-02, 3.375000000E-01, 1.121045305E+03
       909, 8.250000000E-02, 3.975000000E-01, 1.115516989E+03
       910, 9.750000000E-02, 4.125000000E-01, 1.114171773E+03
       911, 7.500000000E-03, 3.225000000E-01, 1.122447738E+03
       912, 3.750000000E-02, 3.675000000E-01, 1.119648874E+03
       913, 5.250000000E-02, 3.825000000E-01, 1.118259761E+03
       914, 6.750000000E-02, 3.975000000E-01, 1.116881670E+03
       915, 2.250000000E-02, 3.525000000E-01, 1.121045918E+03
       916, 7.500000000E-03, 3.375000000E-01, 1.122447966E+03
       917, 8.250000000E-02, 4.125000000E-01, 1.115517875E+03
       918, 3.750000000E-02, 3.825000000E-01, 1.119649581E+03
       919, 2.250000000E-02, 3.675000000E-01, 1.121046423E+03
       920, 5.250000000E-02, 3.975000000E-01, 1.118260532E+03
       921, 6.750000000E-02, 4.125000000E-01, 1.116882285E+03
       922, 7.500000000E-03, 3.525000000E-01, 1.122448162E+03
       923, 3.750000000E-02, 3.975000000E-01, 1.119650073E+03
       924, 2.250000000E-02, 3.825000000E-01, 1.121046815E+03
       925, 7.500000000E-03, 3.675000000E-01, 1.122448323E+03
       926, 5.250000000E-02, 4.125000000E-01, 1.118260951E+03
       927, 2.250000000E-02, 3.975000000E-01, 1.121047088E+03
       928, 3.750000000E-02, 4.125000000E-01, 1.119650343E+03
       929, 7.500000000E-03, 3.825000000E-01, 1.122448449E+03
       930, 7.500000000E-03, 3.975000000E-01, 1.122448536E+03
       931, 2.250000000E-02, 4.125000000E-01, 1.121047240E+03
       932, 7.500000000E-03, 4.125000000E-01, 1.122448585E+03
