cellnumber,    x-coordinate,    y-coordinate,    x-coordinate,    y-coordinate,     temperature
         1, 1.275006837E-01, 7.505478406E-03, 1.275006837E-01, 7.505478406E-03, 1.105884120E+03
         2, 1.275025038E-01, 2.251642067E-02, 1.275025038E-01, 2.251642067E-02, 1.105883985E+03
         3, 1.425004411E-01, 7.506210707E-03, 1.425004411E-01, 7.506210707E-03, 1.104531923E+03
         4, 1.275070805E-01, 3.752776971E-02, 1.275070805E-01, 3.752776971E-02, 1.105884016E+03
         5, 1.425021221E-01, 2.251862306E-02, 1.425021221E-01, 2.251862306E-02, 1.104532040E+03
         6, 1.575001816E-01, 7.505774562E-03, 1.575001816E-01, 7.505774562E-03, 1.103337102E+03
         7, 1.275159786E-01, 5.254036566E-02, 1.275159786E-01, 5.254036566E-02, 1.105884080E+03
         8, 1.425066283E-01, 3.753145956E-02, 1.425066283E-01, 3.753145956E-02, 1.104532561E+03
         9, 1.575015820E-01, 2.251732001E-02, 1.575015820E-01, 2.251732001E-02, 1.103337543E+03
        10, 1.725000455E-01, 7.504694725E-03, 1.725000455E-01, 7.504694725E-03, 1.102286616E+03
        11, 1.275320302E-01, 6.755491358E-02, 1.275320302E-01, 6.755491358E-02, 1.105883933E+03
        12, 1.425164675E-01, 5.254566016E-02, 1.425164675E-01, 5.254566016E-02, 1.104533270E+03
        13, 1.575056691E-01, 3.752924057E-02, 1.575056691E-01, 3.752924057E-02, 1.103338690E+03
        14, 1.725013879E-01, 2.251488682E-02, 1.725013879E-01, 2.251488682E-02, 1.102287410E+03
        15, 1.875002105E-01, 7.504309910E-03, 1.875002105E-01, 7.504309910E-03, 1.101362446E+03
        16, 1.275735443E-01, 8.257177909E-02, 1.275735443E-01, 8.257177909E-02, 1.105881811E+03
        17, 1.425362646E-01, 6.756198391E-02, 1.425362646E-01, 6.756198391E-02, 1.104533814E+03
        18, 1.575158518E-01, 5.254243467E-02, 1.575158518E-01, 5.254243467E-02, 1.103340292E+03
        19, 1.725050632E-01, 3.752681883E-02, 1.725050632E-01, 3.752681883E-02, 1.102289268E+03
        20, 1.875007241E-01, 2.251371591E-02, 1.875007241E-01, 2.251371591E-02, 1.101363631E+03
        21, 2.024997627E-01, 7.503593492E-03, 2.024997627E-01, 7.503593492E-03, 1.100542738E+03
        22, 1.276623158E-01, 9.759109138E-02, 1.276623158E-01, 9.759109138E-02, 1.105875644E+03
        23, 1.425863917E-01, 8.258057383E-02, 1.425863917E-01, 8.258057383E-02, 1.104532458E+03
        24, 1.575388667E-01, 6.755762333E-02, 1.575388667E-01, 6.755762333E-02, 1.103341893E+03
        25, 1.725146902E-01, 5.254014931E-02, 1.725146902E-01, 5.254014931E-02, 1.102291968E+03
        26, 1.875033033E-01, 3.752496309E-02, 1.875033033E-01, 3.752496309E-02, 1.101366214E+03
        27, 2.025005877E-01, 2.251160433E-02, 2.025005877E-01, 2.251160433E-02, 1.100544130E+03
        28, 2.175003020E-01, 7.503488295E-03, 2.175003020E-01, 7.503488295E-03, 1.099803236E+03
        29, 1.278859759E-01, 1.126112438E-01, 1.278859759E-01, 1.126112438E-01, 1.105857102E+03
        30, 1.426962971E-01, 9.760176736E-02, 1.426962971E-01, 9.760176736E-02, 1.104526737E+03
        31, 1.575975625E-01, 8.257476881E-02, 1.575975625E-01, 8.257476881E-02, 1.103341798E+03
        32, 1.725392369E-01, 6.755558842E-02, 1.725392369E-01, 6.755558842E-02, 1.102294995E+03
        33, 1.875121056E-01, 5.253782599E-02, 1.875121056E-01, 5.253782599E-02, 1.101369996E+03
        34, 2.025030121E-01, 3.752170972E-02, 2.025030121E-01, 3.752170972E-02, 1.100547137E+03
        35, 2.175004062E-01, 2.251126578E-02, 2.175004062E-01, 2.251126578E-02, 1.099804625E+03
        36, 2.324999528E-01, 7.504129213E-03, 2.324999528E-01, 7.504129213E-03, 1.099119612E+03
        37, 1.281791123E-01, 1.276258101E-01, 1.281791123E-01, 1.276258101E-01, 1.105832477E+03
        38, 1.429745422E-01, 1.126200578E-01, 1.429745422E-01, 1.126200578E-01, 1.104507546E+03
        39, 1.577312353E-01, 9.759416489E-02, 1.577312353E-01, 9.759416489E-02, 1.103337137E+03
        40, 1.726051277E-01, 8.257390951E-02, 1.726051277E-01, 8.257390951E-02, 1.102296657E+03
        41, 1.875359304E-01, 6.755359059E-02, 1.875359304E-01, 6.755359059E-02, 1.101374574E+03
        42, 2.025101666E-01, 5.253365456E-02, 2.025101666E-01, 5.253365456E-02, 1.100551672E+03
        43, 2.175018396E-01, 3.752121041E-02, 2.175018396E-01, 3.752121041E-02, 1.099807557E+03
        44, 2.325002049E-01, 2.251235367E-02, 2.325002049E-01, 2.251235367E-02, 1.099120605E+03
        45, 2.475000063E-01, 7.503961556E-03, 2.475000063E-01, 7.503961556E-03, 1.098468704E+03
        46, 1.433655582E-01, 1.276363995E-01, 1.433655582E-01, 1.276363995E-01, 1.104479699E+03
        47, 1.284654315E-01, 1.426320487E-01, 1.284654315E-01, 1.426320487E-01, 1.105808997E+03
        48, 1.580637268E-01, 1.126083911E-01, 1.580637268E-01, 1.126083911E-01, 1.103318832E+03
        49, 1.727648798E-01, 9.759365530E-02, 1.727648798E-01, 9.759365530E-02, 1.102293630E+03
        50, 1.876070980E-01, 8.257220078E-02, 1.876070980E-01, 8.257220078E-02, 1.101378178E+03
        51, 2.025334757E-01, 6.754901040E-02, 2.025334757E-01, 6.754901040E-02, 1.100557295E+03
        52, 2.175083116E-01, 5.253317291E-02, 2.175083116E-01, 5.253317291E-02, 1.099811949E+03
        53, 2.325014397E-01, 3.752124034E-02, 2.325014397E-01, 3.752124034E-02, 1.099122694E+03
        54, 2.475001695E-01, 2.251184404E-02, 2.475001695E-01, 2.251184404E-02, 1.098469048E+03
        55, 2.624994044E-01, 7.502187536E-03, 2.624994044E-01, 7.502187536E-03, 1.097828697E+03
        56, 1.437524777E-01, 1.426338160E-01, 1.437524777E-01, 1.426338160E-01, 1.104453018E+03
        57, 1.585582356E-01, 1.276176435E-01, 1.585582356E-01, 1.276176435E-01, 1.103289845E+03
        58, 1.731439023E-01, 1.126048795E-01, 1.731439023E-01, 1.126048795E-01, 1.102277944E+03
        59, 1.877920609E-01, 9.759453045E-02, 1.877920609E-01, 9.759453045E-02, 1.101377163E+03
        60, 2.026048621E-01, 8.256880129E-02, 2.026048621E-01, 8.256880129E-02, 1.100562522E+03
        61, 2.175288425E-01, 6.754887562E-02, 2.175288425E-01, 6.754887562E-02, 1.099817547E+03
        62, 2.325067221E-01, 5.253228431E-02, 2.325067221E-01, 5.253228431E-02, 1.099125809E+03
        63, 2.475010772E-01, 3.752045774E-02, 2.475010772E-01, 3.752045774E-02, 1.098469759E+03
        64, 2.624995313E-01, 2.250654662E-02, 2.624995313E-01, 2.250654662E-02, 1.097828298E+03
        65, 2.775000386E-01, 7.500540611E-03, 2.775000386E-01, 7.500540611E-03, 1.097178107E+03
        66, 1.590720992E-01, 1.426132574E-01, 1.590720992E-01, 1.426132574E-01, 1.103260774E+03
        67, 1.441642858E-01, 1.576166237E-01, 1.441642858E-01, 1.576166237E-01, 1.104425101E+03
        68, 1.737349546E-01, 1.276154801E-01, 1.737349546E-01, 1.276154801E-01, 1.102250432E+03
        69, 1.882140873E-01, 1.126094633E-01, 1.882140873E-01, 1.126094633E-01, 1.101364739E+03
        70, 2.028060836E-01, 9.759151777E-02, 2.028060836E-01, 9.759151777E-02, 1.100563404E+03
        71, 2.175983720E-01, 8.256953605E-02, 2.175983720E-01, 8.256953605E-02, 1.099822900E+03
        72, 2.325255854E-01, 6.754678406E-02, 2.325255854E-01, 6.754678406E-02, 1.099129650E+03
        73, 2.475056135E-01, 5.253149856E-02, 2.475056135E-01, 5.253149856E-02, 1.098470735E+03
        74, 2.625002023E-01, 3.751175321E-02, 2.625002023E-01, 3.751175321E-02, 1.097827438E+03
        75, 2.775001050E-01, 2.250159654E-02, 2.775001050E-01, 2.250159654E-02, 1.097177059E+03
        76, 2.924990459E-01, 7.497848065E-03, 2.924990459E-01, 7.497848065E-03, 1.096495229E+03
        77, 1.595933062E-01, 1.575904836E-01, 1.595933062E-01, 1.575904836E-01, 1.103232536E+03
        78, 1.743898083E-01, 1.426109788E-01, 1.743898083E-01, 1.426109788E-01, 1.102220900E+03
        79, 1.445821637E-01, 1.725804283E-01, 1.445821637E-01, 1.725804283E-01, 1.104397499E+03
        80, 1.888962985E-01, 1.276217155E-01, 1.888962985E-01, 1.276217155E-01, 1.101340088E+03
        81, 2.032680096E-01, 1.126107182E-01, 2.032680096E-01, 1.126107182E-01, 1.100553574E+03
        82, 2.178102457E-01, 9.759376125E-02, 2.178102457E-01, 9.759376125E-02, 1.099823883E+03
        83, 2.325919050E-01, 8.256603412E-02, 2.325919050E-01, 8.256603412E-02, 1.099132841E+03
        84, 2.475223076E-01, 6.754647639E-02, 2.475223076E-01, 6.754647639E-02, 1.098471653E+03
        85, 2.625048940E-01, 5.252186580E-02, 2.625048940E-01, 5.252186580E-02, 1.097825943E+03
        86, 2.775005302E-01, 3.750340060E-02, 2.775005302E-01, 3.750340060E-02, 1.097174814E+03
        87, 2.924991124E-01, 2.249349795E-02, 2.924991124E-01, 2.249349795E-02, 1.096493815E+03
        88, 3.074963986E-01, 7.484264230E-03, 3.074963986E-01, 7.484264230E-03, 1.095756762E+03
        89, 1.750369674E-01, 1.575899847E-01, 1.750369674E-01, 1.575899847E-01, 1.102194054E+03
        90, 1.600865940E-01, 1.725493881E-01, 1.600865940E-01, 1.725493881E-01, 1.103207670E+03
        91, 1.897024355E-01, 1.426204716E-01, 1.897024355E-01, 1.426204716E-01, 1.101311443E+03
        92, 1.449525917E-01, 1.875427959E-01, 1.449525917E-01, 1.875427959E-01, 1.104374564E+03
        93, 2.040437468E-01, 1.276231323E-01, 2.040437468E-01, 1.276231323E-01, 1.100530889E+03
        94, 2.183008945E-01, 1.126123330E-01, 2.183008945E-01, 1.126123330E-01, 1.099814357E+03
        95, 2.328051600E-01, 9.759034316E-02, 2.328051600E-01, 9.759034316E-02, 1.099131089E+03
        96, 2.475839679E-01, 8.256683373E-02, 2.475839679E-01, 8.256683373E-02, 1.098471131E+03
        97, 2.625191615E-01, 6.753708818E-02, 2.625191615E-01, 6.753708818E-02, 1.097823536E+03
        98, 2.775037339E-01, 5.251157531E-02, 2.775037339E-01, 5.251157531E-02, 1.097171189E+03
        99, 2.924993443E-01, 3.748939368E-02, 2.924993443E-01, 3.748939368E-02, 1.096490774E+03
       100, 3.074964512E-01, 2.245284162E-02, 3.074964512E-01, 2.245284162E-02, 1.095755342E+03
       101, 3.225014931E-01, 7.477876731E-03, 3.225014931E-01, 7.477876731E-03, 1.094937527E+03
       102, 1.756151082E-01, 1.725496581E-01, 1.756151082E-01, 1.725496581E-01, 1.102173776E+03
       103, 1.904788831E-01, 1.575943691E-01, 1.904788831E-01, 1.575943691E-01, 1.101287768E+03
       104, 1.605043179E-01, 1.875035521E-01, 1.605043179E-01, 1.875035521E-01, 1.103189496E+03
       105, 2.049908797E-01, 1.426148913E-01, 2.049908797E-01, 1.426148913E-01, 1.100503279E+03
       106, 1.452544279E-01, 2.025052250E-01, 1.452544279E-01, 2.025052250E-01, 1.104357880E+03
       107, 2.191599931E-01, 1.276267818E-01, 2.191599931E-01, 1.276267818E-01, 1.099790482E+03
       108, 2.333066230E-01, 1.126155695E-01, 2.333066230E-01, 1.126155695E-01, 1.099118088E+03
       109, 2.477888922E-01, 9.759409717E-02, 2.477888922E-01, 9.759409717E-02, 1.098464900E+03
       110, 2.625759692E-01, 8.255985304E-02, 2.625759692E-01, 8.255985304E-02, 1.097818736E+03
       111, 2.775167320E-01, 6.752513593E-02, 2.775167320E-01, 6.752513593E-02, 1.097165747E+03
       112, 2.925017900E-01, 5.248872862E-02, 2.925017900E-01, 5.248872862E-02, 1.096485914E+03
       113, 3.074956755E-01, 3.741864490E-02, 3.074956755E-01, 3.741864490E-02, 1.095752286E+03
       114, 3.225004606E-01, 2.243010140E-02, 3.225004606E-01, 2.243010140E-02, 1.094936423E+03
       115, 3.375016352E-01, 7.486915555E-03, 3.375016352E-01, 7.486915555E-03, 1.094013714E+03
       116, 1.911364493E-01, 1.725582502E-01, 1.911364493E-01, 1.725582502E-01, 1.101274179E+03
       117, 1.760737844E-01, 1.875016016E-01, 1.760737844E-01, 1.875016016E-01, 1.102163093E+03
       118, 2.058907484E-01, 1.575946661E-01, 2.058907484E-01, 1.575946661E-01, 1.100482413E+03
       119, 1.608342691E-01, 2.024625625E-01, 1.608342691E-01, 2.024625625E-01, 1.103178682E+03
       120, 2.202533112E-01, 1.426212420E-01, 2.202533112E-01, 1.426212420E-01, 1.099759056E+03
       121, 1.454964981E-01, 2.174736707E-01, 1.454964981E-01, 2.174736707E-01, 1.104346585E+03
       122, 2.342079305E-01, 1.276230635E-01, 2.342079305E-01, 1.276230635E-01, 1.099088613E+03
       123, 2.482839271E-01, 1.126201721E-01, 2.482839271E-01, 1.126201721E-01, 1.098446347E+03
       124, 2.627661734E-01, 9.759037041E-02, 2.627661734E-01, 9.759037041E-02, 1.097807475E+03
       125, 2.775645782E-01, 8.254473507E-02, 2.775645782E-01, 8.254473507E-02, 1.097157211E+03
       126, 2.925131906E-01, 6.749091973E-02, 2.925131906E-01, 6.749091973E-02, 1.096478755E+03
       127, 3.074935616E-01, 5.236966565E-02, 3.074935616E-01, 5.236966565E-02, 1.095747549E+03
       128, 3.225015914E-01, 3.737581939E-02, 3.225015914E-01, 3.737581939E-02, 1.094933739E+03
       129, 3.375031196E-01, 2.245707270E-02, 3.375031196E-01, 2.245707270E-02, 1.094012779E+03
       130, 3.525014388E-01, 7.495625500E-03, 3.525014388E-01, 7.495625500E-03, 1.092963224E+03
       131, 2.066360525E-01, 1.725625026E-01, 2.066360525E-01, 1.725625026E-01, 1.100474232E+03
       132, 1.916476622E-01, 1.875189591E-01, 1.916476622E-01, 1.875189591E-01, 1.101272239E+03
       133, 1.764213377E-01, 2.024624787E-01, 1.764213377E-01, 2.024624787E-01, 1.102161266E+03
       134, 2.212992121E-01, 1.575945195E-01, 2.212992121E-01, 1.575945195E-01, 1.099733970E+03
       135, 1.610833563E-01, 2.174317460E-01, 1.610833563E-01, 2.174317460E-01, 1.103174527E+03
       136, 2.354523986E-01, 1.426288242E-01, 2.354523986E-01, 1.426288242E-01, 1.099044829E+03
       137, 1.456816315E-01, 2.324487073E-01, 1.456816315E-01, 2.324487073E-01, 1.104340275E+03
       138, 2.491758007E-01, 1.276338718E-01, 2.491758007E-01, 1.276338718E-01, 1.098410236E+03
       139, 2.632242922E-01, 1.126194316E-01, 2.632242922E-01, 1.126194316E-01, 1.097783545E+03
       140, 2.777329596E-01, 9.757258439E-02, 2.777329596E-01, 9.757258439E-02, 1.097141488E+03
       141, 2.925546974E-01, 8.249460448E-02, 2.925546974E-01, 8.249460448E-02, 1.096468105E+03
       142, 3.075027174E-01, 6.730882766E-02, 3.075027174E-01, 6.730882766E-02, 1.095740343E+03
       143, 3.225055966E-01, 5.230079715E-02, 3.225055966E-01, 5.230079715E-02, 1.094929406E+03
       144, 3.375031166E-01, 3.742307199E-02, 3.375031166E-01, 3.742307199E-02, 1.094010776E+03
       145, 3.525016007E-01, 2.248712530E-02, 3.525016007E-01, 2.248712530E-02, 1.092962687E+03
       146, 3.675005039E-01, 7.500961479E-03, 3.675005039E-01, 7.500961479E-03, 1.091768321E+03
       147, 2.221522299E-01, 1.725635436E-01, 2.221522299E-01, 1.725635436E-01, 1.099723080E+03
       148, 2.072221517E-01, 1.875301667E-01, 2.072221517E-01, 1.875301667E-01, 1.100479680E+03
       149, 1.920173744E-01, 2.024782655E-01, 1.920173744E-01, 2.024782655E-01, 1.101281647E+03
       150, 1.766789407E-01, 2.174342180E-01, 1.766789407E-01, 2.174342180E-01, 1.102166756E+03
       151, 2.366917302E-01, 1.575938410E-01, 2.366917302E-01, 1.575938410E-01, 1.099002135E+03
       152, 1.612611429E-01, 2.324112275E-01, 1.612611429E-01, 2.324112275E-01, 1.103176085E+03
       153, 2.505897661E-01, 1.426506456E-01, 2.505897661E-01, 1.426506456E-01, 1.098350079E+03
       154, 1.458160218E-01, 2.474297829E-01, 1.458160218E-01, 2.474297829E-01, 1.104338283E+03
       155, 2.640895597E-01, 1.276475693E-01, 2.640895597E-01, 1.276475693E-01, 1.097740098E+03
       156, 2.781392940E-01, 1.126007955E-01, 2.781392940E-01, 1.126007955E-01, 1.097112853E+03
       157, 2.926970515E-01, 9.750129220E-02, 2.926970515E-01, 9.750129220E-02, 1.096450339E+03
       158, 3.075331887E-01, 8.224157822E-02, 3.075331887E-01, 8.224157822E-02, 1.095730001E+03
       159, 3.225120465E-01, 6.720814279E-02, 3.225120465E-01, 6.720814279E-02, 1.094923372E+03
       160, 3.375056601E-01, 5.238172298E-02, 3.375056601E-01, 5.238172298E-02, 1.094007431E+03
       161, 3.525018633E-01, 3.747818028E-02, 3.525018633E-01, 3.747818028E-02, 1.092961255E+03
       162, 3.675004973E-01, 2.250312885E-02, 3.675004973E-01, 2.250312885E-02, 1.091768066E+03
       163, 3.825000558E-01, 7.502331454E-03, 3.825000558E-01, 7.502331454E-03, 1.090416017E+03
       164, 2.376642465E-01, 1.725660455E-01, 2.376642465E-01, 1.725660455E-01, 1.098972779E+03
       165, 2.227919645E-01, 1.875324737E-01, 2.227919645E-01, 1.875324737E-01, 1.099728803E+03
       166, 2.076176930E-01, 2.024948155E-01, 2.076176930E-01, 2.024948155E-01, 1.100501046E+03
       167, 1.922685738E-01, 2.174487042E-01, 1.922685738E-01, 2.174487042E-01, 1.101301093E+03
       168, 1.768333498E-01, 2.324101768E-01, 1.768333498E-01, 2.324101768E-01, 1.102179967E+03
       169, 2.520903842E-01, 1.575873024E-01, 2.520903842E-01, 1.575873024E-01, 1.098284225E+03
       170, 1.613542551E-01, 2.474010440E-01, 1.613542551E-01, 2.474010440E-01, 1.103183994E+03
       171, 2.657029532E-01, 1.426318797E-01, 2.657029532E-01, 1.426318797E-01, 1.097660597E+03
       172, 1.459024322E-01, 2.624280670E-01, 1.459024322E-01, 2.624280670E-01, 1.104340192E+03
       173, 2.789631651E-01, 1.276217667E-01, 2.789631651E-01, 1.276217667E-01, 1.097062340E+03
       174, 2.930411223E-01, 1.125128941E-01, 2.930411223E-01, 1.125128941E-01, 1.096420293E+03
       175, 3.076412136E-01, 9.716182515E-02, 3.076412136E-01, 9.716182515E-02, 1.095713426E+03
       176, 3.225378768E-01, 8.210699769E-02, 3.225378768E-01, 8.210699769E-02, 1.094914619E+03
       177, 3.375098256E-01, 6.733182948E-02, 3.375098256E-01, 6.733182948E-02, 1.094002746E+03
       178, 3.525033204E-01, 5.246728306E-02, 3.525033204E-01, 5.246728306E-02, 1.092958842E+03
       179, 3.675006415E-01, 3.750560371E-02, 3.675006415E-01, 3.750560371E-02, 1.091767160E+03
       180, 3.825001093E-01, 2.250698583E-02, 3.825001093E-01, 2.250698583E-02, 1.090415974E+03
       181, 2.531899056E-01, 1.725513603E-01, 2.531899056E-01, 1.725513603E-01, 1.098235124E+03
       182, 2.383487621E-01, 1.875458511E-01, 2.383487621E-01, 1.875458511E-01, 1.098958048E+03
       183, 2.232045760E-01, 2.025231661E-01, 2.232045760E-01, 2.025231661E-01, 1.099754075E+03
       184, 2.078463705E-01, 2.174771073E-01, 2.078463705E-01, 2.174771073E-01, 1.100538045E+03
       185, 1.923803599E-01, 2.324339086E-01, 1.923803599E-01, 2.324339086E-01, 1.101331268E+03
       186, 1.768691732E-01, 2.474110934E-01, 1.768691732E-01, 2.474110934E-01, 1.102201306E+03
       187, 2.675252104E-01, 1.575542890E-01, 2.675252104E-01, 1.575542890E-01, 1.097567417E+03
       188, 1.613903089E-01, 2.624074222E-01, 1.613903089E-01, 2.624074222E-01, 1.103195993E+03
       189, 2.808328443E-01, 1.426003796E-01, 2.808328443E-01, 1.426003796E-01, 1.096959619E+03
       190, 2.937772668E-01, 1.275209723E-01, 2.937772668E-01, 1.275209723E-01, 1.096368330E+03
       191, 3.079052544E-01, 1.120797968E-01, 3.079052544E-01, 1.120797968E-01, 1.095686355E+03
       192, 3.226224467E-01, 9.700510504E-02, 3.226224467E-01, 9.700510504E-02, 1.094900814E+03
       193, 3.375265372E-01, 8.227589613E-02, 3.375265372E-01, 8.227589613E-02, 1.093996000E+03
       194, 3.525075743E-01, 6.745465117E-02, 3.525075743E-01, 6.745465117E-02, 1.092955282E+03
       195, 3.675012552E-01, 5.250863491E-02, 3.675012552E-01, 5.250863491E-02, 1.091765578E+03
       196, 3.825001653E-01, 3.751194994E-02, 3.825001653E-01, 3.751194994E-02, 1.090415493E+03
       197, 2.687773755E-01, 1.725001350E-01, 2.687773755E-01, 1.725001350E-01, 1.097496446E+03
       198, 2.539306333E-01, 1.875331490E-01, 2.539306333E-01, 1.875331490E-01, 1.098201335E+03
       199, 2.387816233E-01, 2.025373693E-01, 2.387816233E-01, 2.025373693E-01, 1.098956595E+03
       200, 2.234351881E-01, 2.175095430E-01, 2.234351881E-01, 2.175095430E-01, 1.099799876E+03
       201, 2.079269354E-01, 2.324644558E-01, 2.079269354E-01, 2.324644558E-01, 1.100590371E+03
       202, 1.923434374E-01, 2.474263873E-01, 1.923434374E-01, 2.474263873E-01, 1.101371785E+03
       203, 1.768175494E-01, 2.624097882E-01, 1.768175494E-01, 2.624097882E-01, 1.102228231E+03
       204, 2.830464238E-01, 1.574378281E-01, 2.830464238E-01, 1.574378281E-01, 1.096834649E+03
       205, 2.961113516E-01, 1.424333530E-01, 2.961113516E-01, 1.424333530E-01, 1.096235691E+03
       206, 3.085233781E-01, 1.270098047E-01, 3.085233781E-01, 1.270098047E-01, 1.095638308E+03
       207, 3.228080562E-01, 1.119092967E-01, 3.228080562E-01, 1.119092967E-01, 1.094879527E+03
       208, 3.375731442E-01, 9.722603858E-02, 3.375731442E-01, 9.722603858E-02, 1.093986016E+03
       209, 3.525193697E-01, 8.243976009E-02, 3.525193697E-01, 8.243976009E-02, 1.092950223E+03
       210, 3.675027302E-01, 6.751393228E-02, 3.675027302E-01, 6.751393228E-02, 1.091763247E+03
       211, 3.825003510E-01, 5.251791554E-02, 3.825003510E-01, 5.251791554E-02, 1.090414558E+03
       212, 2.844434812E-01, 1.723824242E-01, 2.844434812E-01, 1.723824242E-01, 1.096740869E+03
       213, 2.695577051E-01, 1.874830893E-01, 2.695577051E-01, 1.874830893E-01, 1.097443850E+03
       214, 2.543814282E-01, 2.025286150E-01, 2.543814282E-01, 2.025286150E-01, 1.098180342E+03
       215, 2.390328945E-01, 2.175376231E-01, 2.390328945E-01, 2.175376231E-01, 1.098964952E+03
       216, 2.235131322E-01, 2.325092702E-01, 2.235131322E-01, 2.325092702E-01, 1.099869592E+03
       217, 2.078257111E-01, 2.474560384E-01, 2.078257111E-01, 2.474560384E-01, 1.100659479E+03
       218, 1.921652123E-01, 2.624268109E-01, 1.921652123E-01, 2.624268109E-01, 1.101420916E+03
       219, 2.988686941E-01, 1.570746980E-01, 2.988686941E-01, 1.570746980E-01, 1.096078104E+03
       220, 3.118159087E-01, 1.417287038E-01, 3.118159087E-01, 1.417287038E-01, 1.095448851E+03
       221, 3.232497432E-01, 1.268303665E-01, 3.232497432E-01, 1.268303665E-01, 1.094841873E+03
       222, 3.376881357E-01, 1.121828793E-01, 3.376881357E-01, 1.121828793E-01, 1.093970280E+03
       223, 3.525487221E-01, 9.741914462E-02, 3.525487221E-01, 9.741914462E-02, 1.092942895E+03
       224, 3.675082762E-01, 8.252212886E-02, 3.675082762E-01, 8.252212886E-02, 1.091759910E+03
       225, 3.825008188E-01, 6.752553245E-02, 3.825008188E-01, 6.752553245E-02, 1.090413127E+03
       226, 3.002737335E-01, 1.720679927E-01, 3.002737335E-01, 1.720679927E-01, 1.095980358E+03
       227, 2.852390345E-01, 1.873834125E-01, 2.852390345E-01, 1.873834125E-01, 1.096667612E+03
       228, 2.700112397E-01, 2.024856022E-01, 2.700112397E-01, 2.024856022E-01, 1.097403768E+03
       229, 2.546445425E-01, 2.175328557E-01, 2.546445425E-01, 2.175328557E-01, 1.098167802E+03
       230, 2.391380247E-01, 2.325415404E-01, 2.391380247E-01, 2.325415404E-01, 1.098980589E+03
       231, 2.233893970E-01, 2.475050912E-01, 2.233893970E-01, 2.475050912E-01, 1.099973141E+03
       232, 2.074864373E-01, 2.624379605E-01, 2.074864373E-01, 2.624379605E-01, 1.100745434E+03
       233, 3.153447252E-01, 1.561843152E-01, 3.153447252E-01, 1.561843152E-01, 1.095242845E+03
       234, 3.234508281E-01, 1.387959501E-01, 3.234508281E-01, 1.387959501E-01, 1.094819174E+03
       235, 3.379467997E-01, 1.271363775E-01, 3.379467997E-01, 1.271363775E-01, 1.093943849E+03
       236, 3.526015137E-01, 1.123923597E-01, 3.526015137E-01, 1.123923597E-01, 1.092932861E+03
       237, 3.675192190E-01, 9.753148972E-02, 3.675192190E-01, 9.753148972E-02, 1.091755448E+03
       238, 3.825021490E-01, 8.253515691E-02, 3.825021490E-01, 8.253515691E-02, 1.090411164E+03
       239, 3.162914240E-01, 1.716455178E-01, 3.162914240E-01, 1.716455178E-01, 1.095168014E+03
       240, 3.010034246E-01, 1.871542936E-01, 3.010034246E-01, 1.871542936E-01, 1.095909688E+03
       241, 2.856764039E-01, 2.023970272E-01, 2.856764039E-01, 2.023970272E-01, 1.096601989E+03
       242, 2.702762656E-01, 2.174981385E-01, 2.702762656E-01, 2.174981385E-01, 1.097370637E+03
       243, 2.547959240E-01, 2.325376374E-01, 2.547959240E-01, 2.325376374E-01, 1.098160410E+03
       244, 2.390802346E-01, 2.475471196E-01, 2.390802346E-01, 2.475471196E-01, 1.099002699E+03
       245, 2.228437919E-01, 2.624605197E-01, 2.228437919E-01, 2.624605197E-01, 1.100134163E+03
       246, 3.320733704E-01, 1.560598417E-01, 3.320733704E-01, 1.560598417E-01, 1.094288494E+03
       247, 3.350858969E-01, 1.417510013E-01, 3.350858969E-01, 1.417510013E-01, 1.094116169E+03
       248, 3.527268696E-01, 1.273665835E-01, 3.527268696E-01, 1.273665835E-01, 1.092916436E+03
       249, 3.675216492E-01, 1.125408636E-01, 3.675216492E-01, 1.125408636E-01, 1.091751052E+03
       250, 3.825032150E-01, 9.754826903E-02, 3.825032150E-01, 9.754826903E-02, 1.090408780E+03
       251, 3.323977616E-01, 1.716044794E-01, 3.323977616E-01, 1.716044794E-01, 1.094251257E+03
       252, 3.168195419E-01, 1.868986068E-01, 3.168195419E-01, 1.868986068E-01, 1.095112760E+03
       253, 3.013892271E-01, 2.022389438E-01, 3.013892271E-01, 2.022389438E-01, 1.095849503E+03
       254, 2.859195967E-01, 2.174237310E-01, 2.859195967E-01, 2.174237310E-01, 1.096533393E+03
       255, 2.704670952E-01, 2.325130540E-01, 2.704670952E-01, 2.325130540E-01, 1.097340378E+03
       256, 2.548933236E-01, 2.475456104E-01, 2.548933236E-01, 2.475456104E-01, 1.098155524E+03
       257, 2.386679067E-01, 2.625759721E-01, 2.386679067E-01, 2.625759721E-01, 1.099040282E+03
       258, 3.488805579E-01, 1.569188804E-01, 3.488805579E-01, 1.569188804E-01, 1.093177737E+03
       259, 3.510213723E-01, 1.423022974E-01, 3.510213723E-01, 1.423022974E-01, 1.093033314E+03
       260, 3.675474224E-01, 1.275505125E-01, 3.675474224E-01, 1.275505125E-01, 1.091744037E+03
       261, 3.824806660E-01, 1.125633466E-01, 3.824806660E-01, 1.125633466E-01, 1.090408221E+03
       262, 3.485759594E-01, 1.720403936E-01, 3.485759594E-01, 1.720403936E-01, 1.093188357E+03
       263, 3.327174626E-01, 1.868898996E-01, 3.327174626E-01, 1.868898996E-01, 1.094213082E+03
       264, 3.171124103E-01, 2.020745935E-01, 3.171124103E-01, 2.020745935E-01, 1.095067044E+03
       265, 3.015804148E-01, 2.173095793E-01, 3.015804148E-01, 2.173095793E-01, 1.095791517E+03
       266, 2.861167980E-01, 2.324516425E-01, 2.861167980E-01, 2.324516425E-01, 1.096450265E+03
       267, 2.707138811E-01, 2.475311964E-01, 2.707138811E-01, 2.475311964E-01, 1.097308393E+03
       268, 2.550940069E-01, 2.625977302E-01, 2.550940069E-01, 2.625977302E-01, 1.098145265E+03
       269, 3.650966637E-01, 1.574442583E-01, 3.650966637E-01, 1.574442583E-01, 1.091936110E+03
       270, 3.665513962E-01, 1.425960217E-01, 3.665513962E-01, 1.425960217E-01, 1.091821999E+03
       271, 3.824467531E-01, 1.275797232E-01, 3.824467531E-01, 1.275797232E-01, 1.090408320E+03
       272, 3.486425535E-01, 1.871506006E-01, 3.486425535E-01, 1.871506006E-01, 1.093171763E+03
       273, 3.646069317E-01, 1.724103960E-01, 3.646069317E-01, 1.724103960E-01, 1.091969222E+03
       274, 3.328605866E-01, 2.020707190E-01, 3.328605866E-01, 2.020707190E-01, 1.094184259E+03
       275, 3.172357698E-01, 2.172106879E-01, 3.172357698E-01, 2.172106879E-01, 1.095027052E+03
       276, 3.017367506E-01, 2.323653709E-01, 3.017367506E-01, 2.323653709E-01, 1.095727259E+03
       277, 2.864180806E-01, 2.474733485E-01, 2.864180806E-01, 2.474733485E-01, 1.096337811E+03
       278, 2.713933229E-01, 2.625321646E-01, 2.713933229E-01, 2.625321646E-01, 1.097254674E+03
       279, 3.818168610E-01, 1.426181003E-01, 3.818168610E-01, 1.426181003E-01, 1.090464516E+03
       280, 3.645069771E-01, 1.874229283E-01, 3.645069771E-01, 1.874229283E-01, 1.091969843E+03
       281, 3.486355015E-01, 2.022441232E-01, 3.486355015E-01, 2.022441232E-01, 1.093159491E+03
       282, 3.328965391E-01, 2.172063461E-01, 3.328965391E-01, 2.172063461E-01, 1.094160456E+03
       283, 3.173224509E-01, 2.323054433E-01, 3.173224509E-01, 2.323054433E-01, 1.094985954E+03
       284, 3.019937840E-01, 2.474052853E-01, 3.019937840E-01, 2.474052853E-01, 1.095650361E+03
       285, 2.871010066E-01, 2.624434826E-01, 2.871010066E-01, 2.624434826E-01, 1.096169602E+03
       286, 3.643756078E-01, 2.024269514E-01, 3.643756078E-01, 2.024269514E-01, 1.091972539E+03
       287, 3.485683449E-01, 2.173097829E-01, 3.485683449E-01, 2.173097829E-01, 1.093150645E+03
       288, 3.329044465E-01, 2.322999223E-01, 3.329044465E-01, 2.322999223E-01, 1.094137103E+03
       289, 3.174912618E-01, 2.473679677E-01, 3.174912618E-01, 2.473679677E-01, 1.094938248E+03
       290, 3.024620695E-01, 2.624094263E-01, 3.024620695E-01, 2.624094263E-01, 1.095558609E+03
       291, 3.642365513E-01, 2.174328633E-01, 3.642365513E-01, 2.174328633E-01, 1.091975400E+03
       292, 3.485039909E-01, 2.323566203E-01, 3.485039909E-01, 2.323566203E-01, 1.093141005E+03
       293, 3.329684155E-01, 2.473673900E-01, 3.329684155E-01, 2.473673900E-01, 1.094109553E+03
       294, 3.177871584E-01, 2.624054003E-01, 3.177871584E-01, 2.624054003E-01, 1.094883070E+03
       295, 3.641315678E-01, 2.324330781E-01, 3.641315678E-01, 2.324330781E-01, 1.091975199E+03
       296, 3.484799088E-01, 2.473968903E-01, 3.484799088E-01, 2.473968903E-01, 1.093128172E+03
       297, 3.331356140E-01, 2.624155133E-01, 3.331356140E-01, 2.624155133E-01, 1.094075722E+03
       298, 3.640496733E-01, 2.474365346E-01, 3.640496733E-01, 2.474365346E-01, 1.091972937E+03
       299, 3.485398142E-01, 2.624226069E-01, 3.485398142E-01, 2.624226069E-01, 1.093109502E+03
       300, 3.640335619E-01, 2.624418867E-01, 3.640335619E-01, 2.624418867E-01, 1.091965392E+03
       301, 5.023432211E-01, 4.125046115E-01, 5.023432211E-01, 4.125046115E-01, 1.074365490E+03
       302, 4.870269456E-01, 4.125058496E-01, 4.870269456E-01, 4.125058496E-01, 1.076778531E+03
       303, 5.023631713E-01, 3.975078137E-01, 5.023631713E-01, 3.975078137E-01, 1.074362365E+03
       304, 4.870866798E-01, 3.975128575E-01, 4.870866798E-01, 3.975128575E-01, 1.076769317E+03
       305, 4.717088877E-01, 4.125053049E-01, 4.717088877E-01, 4.125053049E-01, 1.079137671E+03
       306, 5.023825088E-01, 3.825086880E-01, 5.023825088E-01, 3.825086880E-01, 1.074359341E+03
       307, 4.718003655E-01, 3.975105105E-01, 4.718003655E-01, 3.975105105E-01, 1.079124005E+03
       308, 4.871463380E-01, 3.825160402E-01, 4.871463380E-01, 3.825160402E-01, 1.076760124E+03
       309, 4.563886304E-01, 4.125035772E-01, 4.563886304E-01, 4.125035772E-01, 1.081409397E+03
       310, 5.023979466E-01, 3.675079556E-01, 5.023979466E-01, 3.675079556E-01, 1.074356938E+03
       311, 4.718914404E-01, 3.825152503E-01, 4.718914404E-01, 3.825152503E-01, 1.079110416E+03
       312, 4.565001565E-01, 3.975049985E-01, 4.565001565E-01, 3.975049985E-01, 1.081393534E+03
       313, 4.871852780E-01, 3.675134601E-01, 4.871852780E-01, 3.675134601E-01, 1.076754182E+03
       314, 4.410621105E-01, 4.125001381E-01, 4.410621105E-01, 4.125001381E-01, 1.083564308E+03
       315, 5.024042082E-01, 3.525051495E-01, 5.024042082E-01, 3.525051495E-01, 1.074355993E+03
       316, 4.719521151E-01, 3.675179726E-01, 4.719521151E-01, 3.675179726E-01, 1.079101457E+03
       317, 4.566044526E-01, 3.825075609E-01, 4.566044526E-01, 3.825075609E-01, 1.081378753E+03
       318, 4.411885346E-01, 3.974983074E-01, 4.411885346E-01, 3.974983074E-01, 1.083547454E+03
       319, 4.872022025E-01, 3.525148539E-01, 4.872022025E-01, 3.525148539E-01, 1.076751685E+03
       320, 4.257284773E-01, 4.124962908E-01, 4.257284773E-01, 4.124962908E-01, 1.085577149E+03
       321, 5.024099754E-01, 3.375067878E-01, 5.024099754E-01, 3.375067878E-01, 1.074355126E+03
       322, 4.566821052E-01, 3.675098514E-01, 4.566821052E-01, 3.675098514E-01, 1.081367871E+03
       323, 4.719878300E-01, 3.525176663E-01, 4.719878300E-01, 3.525176663E-01, 1.079096291E+03
       324, 4.412994967E-01, 3.824954383E-01, 4.412994967E-01, 3.824954383E-01, 1.083532774E+03
       325, 4.258589012E-01, 3.974873047E-01, 4.258589012E-01, 3.974873047E-01, 1.085561181E+03
       326, 4.872217300E-01, 3.375126733E-01, 4.872217300E-01, 3.375126733E-01, 1.076748780E+03
       327, 4.103920097E-01, 4.124941768E-01, 4.103920097E-01, 4.124941768E-01, 1.087427192E+03
       328, 5.024166314E-01, 3.225044414E-01, 5.024166314E-01, 3.225044414E-01, 1.074354119E+03
       329, 4.413823809E-01, 3.674943300E-01, 4.413823809E-01, 3.674943300E-01, 1.083521997E+03
       330, 4.567396617E-01, 3.525118860E-01, 4.567396617E-01, 3.525118860E-01, 1.081359914E+03
       331, 4.720201745E-01, 3.375143651E-01, 4.720201745E-01, 3.375143651E-01, 1.079091648E+03
       332, 4.259661284E-01, 3.824793612E-01, 4.259661284E-01, 3.824793612E-01, 1.085548272E+03
       333, 4.105156650E-01, 3.974838811E-01, 4.105156650E-01, 3.974838811E-01, 1.087413587E+03
       334, 4.872440803E-01, 3.225127744E-01, 4.872440803E-01, 3.225127744E-01, 1.076745433E+03
       335, 3.950521510E-01, 4.124932505E-01, 3.950521510E-01, 4.124932505E-01, 1.089100118E+03
       336, 5.024135874E-01, 3.075025582E-01, 5.024135874E-01, 3.075025582E-01, 1.074354652E+03
       337, 4.414421936E-01, 3.524908846E-01, 4.414421936E-01, 3.524908846E-01, 1.083514414E+03
       338, 4.260424064E-01, 3.674723352E-01, 4.260424064E-01, 3.674723352E-01, 1.085539399E+03
       339, 4.567747209E-01, 3.375082241E-01, 4.567747209E-01, 3.375082241E-01, 1.081355240E+03
       340, 4.720436204E-01, 3.225115680E-01, 4.720436204E-01, 3.225115680E-01, 1.079088366E+03
       341, 4.106100949E-01, 3.824717020E-01, 4.106100949E-01, 3.824717020E-01, 1.087403571E+03
       342, 3.951616423E-01, 3.974809108E-01, 3.951616423E-01, 3.974809108E-01, 1.089089649E+03
       343, 4.872411335E-01, 3.075081202E-01, 4.872411335E-01, 3.075081202E-01, 1.076746047E+03
       344, 3.797106938E-01, 4.124929767E-01, 3.797106938E-01, 4.124929767E-01, 1.090586395E+03
       345, 5.024137480E-01, 2.925044057E-01, 5.024137480E-01, 2.925044057E-01, 1.074354676E+03
       346, 4.414662427E-01, 3.374926545E-01, 4.414662427E-01, 3.374926545E-01, 1.083511763E+03
       347, 4.260870614E-01, 3.524659933E-01, 4.260870614E-01, 3.524659933E-01, 1.085534611E+03
       348, 4.106684225E-01, 3.674586415E-01, 4.106684225E-01, 3.674586415E-01, 1.087397943E+03
       349, 4.567953411E-01, 3.225145784E-01, 4.567953411E-01, 3.225145784E-01, 1.081352672E+03
       350, 4.720454305E-01, 3.075146548E-01, 4.720454305E-01, 3.075146548E-01, 1.079088374E+03
       351, 3.952393534E-01, 3.824685371E-01, 3.952393534E-01, 3.824685371E-01, 1.089082851E+03
       352, 3.798006776E-01, 3.974824898E-01, 3.798006776E-01, 3.974824898E-01, 1.090579341E+03
       353, 4.872416436E-01, 2.925090579E-01, 4.872416436E-01, 2.925090579E-01, 1.076746122E+03
       354, 3.643684950E-01, 4.124946220E-01, 3.643684950E-01, 4.124946220E-01, 1.091881068E+03
       355, 5.024189534E-01, 2.775031452E-01, 5.024189534E-01, 2.775031452E-01, 1.074353897E+03
       356, 4.260927311E-01, 3.374642354E-01, 4.260927311E-01, 3.374642354E-01, 1.085534846E+03
       357, 4.414914740E-01, 3.224952466E-01, 4.414914740E-01, 3.224952466E-01, 1.083508984E+03
       358, 4.106903545E-01, 3.524468763E-01, 4.106903545E-01, 3.524468763E-01, 1.087396695E+03
       359, 3.952796762E-01, 3.674554722E-01, 3.952796762E-01, 3.674554722E-01, 1.089080294E+03
       360, 4.568172280E-01, 3.075121792E-01, 4.568172280E-01, 3.075121792E-01, 1.081349933E+03
       361, 4.720596508E-01, 2.925122311E-01, 4.720596508E-01, 2.925122311E-01, 1.079086492E+03
       362, 3.798571851E-01, 3.824710572E-01, 3.798571851E-01, 3.824710572E-01, 1.090576001E+03
       363, 3.644395858E-01, 3.974878821E-01, 3.644395858E-01, 3.974878821E-01, 1.091877100E+03
       364, 4.872572300E-01, 2.775071060E-01, 4.872572300E-01, 2.775071060E-01, 1.076743835E+03
       365, 3.490265128E-01, 4.124974198E-01, 3.490265128E-01, 4.124974198E-01, 1.092981876E+03
       366, 5.024215444E-01, 2.625025864E-01, 5.024215444E-01, 2.625025864E-01, 1.074353533E+03
       367, 4.106703737E-01, 3.374401373E-01, 4.106703737E-01, 3.374401373E-01, 1.087400461E+03
       368, 4.261072729E-01, 3.224652263E-01, 4.261072729E-01, 3.224652263E-01, 1.085534033E+03
       369, 4.415366551E-01, 3.074987315E-01, 4.415366551E-01, 3.074987315E-01, 1.083503510E+03
       370, 3.952782379E-01, 3.524403979E-01, 3.952782379E-01, 3.524403979E-01, 1.089082378E+03
       371, 3.798752853E-01, 3.674592300E-01, 3.798752853E-01, 3.674592300E-01, 1.090576810E+03
       372, 4.568483677E-01, 2.925091724E-01, 4.568483677E-01, 2.925091724E-01, 1.081345867E+03
       373, 4.720882627E-01, 2.775096401E-01, 4.720882627E-01, 2.775096401E-01, 1.079082424E+03
       374, 3.644779881E-01, 3.824820598E-01, 3.644779881E-01, 3.824820598E-01, 1.091876831E+03
       375, 3.490780194E-01, 3.974963333E-01, 3.490780194E-01, 3.974963333E-01, 1.092980883E+03
       376, 4.872650667E-01, 2.625060142E-01, 4.872650667E-01, 2.625060142E-01, 1.076742759E+03
       377, 3.336850718E-01, 4.124991636E-01, 3.336850718E-01, 4.124991636E-01, 1.093886928E+03
       378, 5.024298403E-01, 2.475043035E-01, 5.024298403E-01, 2.475043035E-01, 1.074352261E+03
       379, 4.106612499E-01, 3.224408268E-01, 4.106612499E-01, 3.224408268E-01, 1.087403127E+03
       380, 3.952308663E-01, 3.374316201E-01, 3.952308663E-01, 3.374316201E-01, 1.089089527E+03
       381, 4.261578881E-01, 3.074751091E-01, 4.261578881E-01, 3.074751091E-01, 1.085528710E+03
       382, 4.415741124E-01, 2.925022335E-01, 4.415741124E-01, 2.925022335E-01, 1.083499115E+03
       383, 3.798487145E-01, 3.524497365E-01, 3.798487145E-01, 3.524497365E-01, 1.090582266E+03
       384, 3.644733155E-01, 3.674777082E-01, 3.644733155E-01, 3.674777082E-01, 1.091881038E+03
       385, 4.568847607E-01, 2.775111318E-01, 4.568847607E-01, 2.775111318E-01, 1.081341046E+03
       386, 4.721006123E-01, 2.625079616E-01, 4.721006123E-01, 2.625079616E-01, 1.079080829E+03
       387, 3.490992017E-01, 3.824964977E-01, 3.490992017E-01, 3.824964977E-01, 1.092983809E+03
       388, 3.337191853E-01, 3.975011707E-01, 3.337191853E-01, 3.975011707E-01, 1.093888830E+03
       389, 4.872897770E-01, 2.475074993E-01, 4.872897770E-01, 2.475074993E-01, 1.076739038E+03
       390, 3.183457145E-01, 4.124999508E-01, 3.183457145E-01, 4.124999508E-01, 1.094591070E+03
       391, 5.024320724E-01, 2.325001201E-01, 5.024320724E-01, 2.325001201E-01, 1.074351951E+03
       392, 4.106911931E-01, 3.074422589E-01, 4.106911931E-01, 3.074422589E-01, 1.087401417E+03
       393, 3.951934822E-01, 3.224243369E-01, 3.951934822E-01, 3.224243369E-01, 1.089095926E+03
       394, 3.797772192E-01, 3.374407073E-01, 3.797772192E-01, 3.374407073E-01, 1.090592362E+03
       395, 4.262037672E-01, 2.924838127E-01, 4.262037672E-01, 2.924838127E-01, 1.085524040E+03
       396, 4.416133011E-01, 2.775087521E-01, 4.416133011E-01, 2.775087521E-01, 1.083494499E+03
       397, 3.644221624E-01, 3.524746673E-01, 3.644221624E-01, 3.524746673E-01, 1.091889903E+03
       398, 3.490788439E-01, 3.674980960E-01, 3.490788439E-01, 3.674980960E-01, 1.092991328E+03
       399, 4.569084931E-01, 2.625136261E-01, 4.569084931E-01, 2.625136261E-01, 1.081338067E+03
       400, 4.721397260E-01, 2.475105980E-01, 4.721397260E-01, 2.475105980E-01, 1.079075161E+03
       401, 3.337278340E-01, 3.825048673E-01, 3.337278340E-01, 3.825048673E-01, 1.093895329E+03
       402, 3.183653270E-01, 3.975028791E-01, 3.183653270E-01, 3.975028791E-01, 1.094596071E+03
       403, 4.872963980E-01, 2.325035425E-01, 4.872963980E-01, 2.325035425E-01, 1.076738146E+03
       404, 3.030070086E-01, 4.125009820E-01, 3.030070086E-01, 4.125009820E-01, 1.095082113E+03
       405, 5.024260713E-01, 2.175013026E-01, 5.024260713E-01, 2.175013026E-01, 1.074352948E+03
       406, 3.951808720E-01, 3.074310732E-01, 3.951808720E-01, 3.074310732E-01, 1.089100005E+03
       407, 4.107266559E-01, 2.924650329E-01, 4.107266559E-01, 2.924650329E-01, 1.087399165E+03
       408, 3.797039835E-01, 3.224343694E-01, 3.797039835E-01, 3.224343694E-01, 1.090603111E+03
       409, 3.643286162E-01, 3.374723664E-01, 3.643286162E-01, 3.374723664E-01, 1.091903041E+03
       410, 4.262330182E-01, 2.774968551E-01, 4.262330182E-01, 2.774968551E-01, 1.085521526E+03
       411, 4.416486715E-01, 2.625132774E-01, 4.416486715E-01, 2.625132774E-01, 1.083490422E+03
       412, 3.490232676E-01, 3.525029831E-01, 3.490232676E-01, 3.525029831E-01, 1.093002903E+03
       413, 3.337014483E-01, 3.675097939E-01, 3.337014483E-01, 3.675097939E-01, 1.093906845E+03
       414, 4.569448627E-01, 2.475081321E-01, 4.569448627E-01, 2.475081321E-01, 1.081333254E+03
       415, 4.721514244E-01, 2.325080893E-01, 4.721514244E-01, 2.325080893E-01, 1.079073658E+03
       416, 3.183666479E-01, 3.825068260E-01, 3.183666479E-01, 3.825068260E-01, 1.094607155E+03
       417, 3.030165410E-01, 3.975047487E-01, 3.030165410E-01, 3.975047487E-01, 1.095090479E+03
       418, 4.872785288E-01, 2.175048817E-01, 4.872785288E-01, 2.175048817E-01, 1.076741086E+03
       419, 2.876685323E-01, 4.125002430E-01, 2.876685323E-01, 4.125002430E-01, 1.095338680E+03
       420, 5.024309336E-01, 2.025035114E-01, 5.024309336E-01, 2.025035114E-01, 1.074352216E+03
       421, 3.951837824E-01, 2.924439160E-01, 3.951837824E-01, 2.924439160E-01, 1.089102679E+03
       422, 3.796552300E-01, 3.074363257E-01, 3.796552300E-01, 3.074363257E-01, 1.090612051E+03
       423, 4.107485991E-01, 2.774904011E-01, 4.107485991E-01, 2.774904011E-01, 1.087398544E+03
       424, 3.642314053E-01, 3.224689894E-01, 3.642314053E-01, 3.224689894E-01, 1.091917322E+03
       425, 3.489240735E-01, 3.374995609E-01, 3.489240735E-01, 3.374995609E-01, 1.093018991E+03
       426, 4.262709718E-01, 2.625210759E-01, 4.262709718E-01, 2.625210759E-01, 1.085517926E+03
       427, 4.416680031E-01, 2.475174469E-01, 4.416680031E-01, 2.475174469E-01, 1.083488548E+03
       428, 3.336473118E-01, 3.525111907E-01, 3.336473118E-01, 3.525111907E-01, 1.093922844E+03
       429, 3.183430355E-01, 3.675107929E-01, 3.183430355E-01, 3.675107929E-01, 1.094624515E+03
       430, 4.569627211E-01, 2.325224611E-01, 4.569627211E-01, 2.325224611E-01, 1.081331126E+03
       431, 4.721237691E-01, 2.175101444E-01, 4.721237691E-01, 2.175101444E-01, 1.079078135E+03
       432, 3.030158334E-01, 3.825081060E-01, 3.030158334E-01, 3.825081060E-01, 1.095107424E+03
       433, 2.876714891E-01, 3.975024418E-01, 2.876714891E-01, 3.975024418E-01, 1.095349890E+03
       434, 4.872930986E-01, 2.025072556E-01, 4.872930986E-01, 2.025072556E-01, 1.076738937E+03
       435, 5.024465918E-01, 1.875046894E-01, 5.024465918E-01, 1.875046894E-01, 1.074349763E+03
       436, 3.951943593E-01, 2.774725589E-01, 3.951943593E-01, 2.774725589E-01, 1.089104705E+03
       437, 3.796241344E-01, 2.924413979E-01, 3.796241344E-01, 2.924413979E-01, 1.090619728E+03
       438, 3.641595890E-01, 3.074636036E-01, 3.641595890E-01, 3.074636036E-01, 1.091930343E+03
       439, 4.107846445E-01, 2.625213003E-01, 4.107846445E-01, 2.625213003E-01, 1.087396354E+03
       440, 3.488123790E-01, 3.224986250E-01, 3.488123790E-01, 3.224986250E-01, 1.093037397E+03
       441, 3.335583461E-01, 3.375193017E-01, 3.335583461E-01, 3.375193017E-01, 1.093943505E+03
       442, 4.263008957E-01, 2.475346743E-01, 4.263008957E-01, 2.475346743E-01, 1.085515347E+03
       443, 4.416963378E-01, 2.325302884E-01, 4.416963378E-01, 2.325302884E-01, 1.083485431E+03
       444, 3.182913452E-01, 3.525139706E-01, 3.182913452E-01, 3.525139706E-01, 1.094648153E+03
       445, 3.030007485E-01, 3.675110441E-01, 3.030007485E-01, 3.675110441E-01, 1.095133186E+03
       446, 4.569452577E-01, 2.175165803E-01, 4.569452577E-01, 2.175165803E-01, 1.081334122E+03
       447, 4.721489363E-01, 2.025126830E-01, 4.721489363E-01, 2.025126830E-01, 1.079074567E+03
       448, 2.876710920E-01, 3.825044417E-01, 2.876710920E-01, 3.825044417E-01, 1.095372306E+03
       449, 4.873321147E-01, 1.875059051E-01, 4.873321147E-01, 1.875059051E-01, 1.076732948E+03
       450, 5.024573033E-01, 1.725016336E-01, 5.024573033E-01, 1.725016336E-01, 1.074348094E+03
       451, 3.952233478E-01, 2.625019702E-01, 3.952233478E-01, 2.625019702E-01, 1.089104920E+03
       452, 3.796094066E-01, 2.774521917E-01, 3.796094066E-01, 2.774521917E-01, 1.090626173E+03
       453, 3.641024137E-01, 2.924565231E-01, 3.641024137E-01, 2.924565231E-01, 1.091942821E+03
       454, 3.487353603E-01, 3.074937860E-01, 3.487353603E-01, 3.074937860E-01, 1.093054751E+03
       455, 4.108358927E-01, 2.475508153E-01, 4.108358927E-01, 2.475508153E-01, 1.087392433E+03
       456, 3.334539697E-01, 3.225138172E-01, 3.334539697E-01, 3.225138172E-01, 1.093967579E+03
       457, 3.182257403E-01, 3.375162355E-01, 3.182257403E-01, 3.375162355E-01, 1.094677310E+03
       458, 4.263470785E-01, 2.325448862E-01, 4.263470785E-01, 2.325448862E-01, 1.085510708E+03
       459, 4.417115330E-01, 2.175311831E-01, 4.417115330E-01, 2.175311831E-01, 1.083484096E+03
       460, 3.029673867E-01, 3.525129616E-01, 3.029673867E-01, 3.525129616E-01, 1.095168054E+03
       461, 2.876664024E-01, 3.675062653E-01, 2.876664024E-01, 3.675062653E-01, 1.095406589E+03
       462, 4.569812849E-01, 2.025228089E-01, 4.569812849E-01, 2.025228089E-01, 1.081329326E+03
       463, 4.722066114E-01, 1.875125009E-01, 4.722066114E-01, 1.875125009E-01, 1.079066037E+03
       464, 4.873643223E-01, 1.725081133E-01, 4.873643223E-01, 1.725081133E-01, 1.076728013E+03
       465, 5.024694114E-01, 1.575048348E-01, 5.024694114E-01, 1.575048348E-01, 1.074346198E+03
       466, 3.952758321E-01, 2.475343836E-01, 3.952758321E-01, 2.475343836E-01, 1.089102738E+03
       467, 3.796187401E-01, 2.624652738E-01, 3.796187401E-01, 2.624652738E-01, 1.090630599E+03
       468, 3.640574292E-01, 2.774496553E-01, 3.640574292E-01, 2.774496553E-01, 1.091954790E+03
       469, 3.486657283E-01, 2.924768633E-01, 3.486657283E-01, 2.924768633E-01, 1.093072635E+03
       470, 3.333750954E-01, 3.075013048E-01, 3.333750954E-01, 3.075013048E-01, 1.093992474E+03
       471, 4.109036749E-01, 2.325703985E-01, 4.109036749E-01, 2.325703985E-01, 1.087386601E+03
       472, 3.181532281E-01, 3.225097226E-01, 3.181532281E-01, 3.225097226E-01, 1.094711395E+03
       473, 3.029302102E-01, 3.375102010E-01, 3.029302102E-01, 3.375102010E-01, 1.095211836E+03
       474, 4.263940350E-01, 2.175529292E-01, 4.263940350E-01, 2.175529292E-01, 1.085505954E+03
       475, 4.417666769E-01, 2.025352694E-01, 4.417666769E-01, 2.025352694E-01, 1.083477264E+03
       476, 2.876556857E-01, 3.525078093E-01, 2.876556857E-01, 3.525078093E-01, 1.095453786E+03
       477, 4.570638384E-01, 1.875209324E-01, 4.570638384E-01, 1.875209324E-01, 1.081317735E+03
       478, 4.722514333E-01, 1.725093412E-01, 4.722514333E-01, 1.725093412E-01, 1.079059441E+03
       479, 4.874043387E-01, 1.575071114E-01, 4.874043387E-01, 1.575071114E-01, 1.076721841E+03
       480, 5.024864691E-01, 1.425029149E-01, 5.024864691E-01, 1.425029149E-01, 1.074343511E+03
       481, 3.953649288E-01, 2.325608853E-01, 3.953649288E-01, 2.325608853E-01, 1.089096745E+03
       482, 3.796617639E-01, 2.474856162E-01, 3.796617639E-01, 2.474856162E-01, 1.090632019E+03
       483, 3.486079976E-01, 2.774619422E-01, 3.486079976E-01, 2.774619422E-01, 1.093090464E+03
       484, 3.333086175E-01, 2.924892994E-01, 3.333086175E-01, 2.924892994E-01, 1.094018423E+03
       485, 3.180801343E-01, 3.074997026E-01, 3.180801343E-01, 3.074997026E-01, 1.094749598E+03
       486, 4.109692290E-01, 2.175771978E-01, 4.109692290E-01, 2.175771978E-01, 1.087381000E+03
       487, 3.028867527E-01, 3.225052337E-01, 3.028867527E-01, 3.225052337E-01, 1.095264679E+03
       488, 2.876440907E-01, 3.375059282E-01, 2.876440907E-01, 3.375059282E-01, 1.095515382E+03
       489, 4.264837005E-01, 2.025542963E-01, 4.264837005E-01, 2.025542963E-01, 1.085495742E+03
       490, 4.418830320E-01, 1.875355238E-01, 4.418830320E-01, 1.875355238E-01, 1.083462000E+03
       491, 4.571193966E-01, 1.725199407E-01, 4.571193966E-01, 1.725199407E-01, 1.081310041E+03
       492, 4.723232537E-01, 1.575159810E-01, 4.723232537E-01, 1.575159810E-01, 1.079048711E+03
       493, 4.874553570E-01, 1.425076085E-01, 4.874553570E-01, 1.425076085E-01, 1.076713932E+03
       494, 5.024945672E-01, 1.275014747E-01, 5.024945672E-01, 1.275014747E-01, 1.074342242E+03
       495, 3.797624245E-01, 2.325030027E-01, 3.797624245E-01, 2.325030027E-01, 1.090628143E+03
       496, 3.954621031E-01, 2.175785761E-01, 3.954621031E-01, 2.175785761E-01, 1.089089848E+03
       497, 3.332590224E-01, 2.774562750E-01, 3.332590224E-01, 2.774562750E-01, 1.094044649E+03
       498, 3.180271861E-01, 2.924800192E-01, 3.180271861E-01, 2.924800192E-01, 1.094790245E+03
       499, 3.028386753E-01, 3.074946682E-01, 3.028386753E-01, 3.074946682E-01, 1.095326349E+03
       500, 4.110962861E-01, 2.025843379E-01, 4.110962861E-01, 2.025843379E-01, 1.087368197E+03
       501, 2.876295091E-01, 3.225047288E-01, 2.876295091E-01, 3.225047288E-01, 1.095593570E+03
       502, 4.266377561E-01, 1.875525462E-01, 4.266377561E-01, 1.875525462E-01, 1.085477277E+03
       503, 4.419621401E-01, 1.725309676E-01, 4.419621401E-01, 1.725309676E-01, 1.083451801E+03
       504, 4.572154007E-01, 1.575178187E-01, 4.572154007E-01, 1.575178187E-01, 1.081296423E+03
       505, 4.724198875E-01, 1.425119892E-01, 4.724198875E-01, 1.425119892E-01, 1.079034176E+03
       506, 4.874827393E-01, 1.275040121E-01, 4.874827393E-01, 1.275040121E-01, 1.076709707E+03
       507, 5.024977337E-01, 1.125008955E-01, 5.024977337E-01, 1.125008955E-01, 1.074341752E+03
       508, 3.798835224E-01, 2.175183673E-01, 3.798835224E-01, 2.175183673E-01, 1.090622282E+03
       509, 3.956141007E-01, 2.025762515E-01, 3.956141007E-01, 2.025762515E-01, 1.089077153E+03
       510, 3.179836471E-01, 2.774515994E-01, 3.179836471E-01, 2.774515994E-01, 1.094832624E+03
       511, 3.028048276E-01, 2.924775044E-01, 3.028048276E-01, 2.924775044E-01, 1.095395490E+03
       512, 2.876132111E-01, 3.074991411E-01, 2.876132111E-01, 3.074991411E-01, 1.095691323E+03
       513, 4.112771791E-01, 1.875738351E-01, 4.112771791E-01, 1.875738351E-01, 1.087349023E+03
       514, 4.267473688E-01, 1.725472832E-01, 4.267473688E-01, 1.725472832E-01, 1.085464406E+03
       515, 4.420842698E-01, 1.575294885E-01, 4.420842698E-01, 1.575294885E-01, 1.083435643E+03
       516, 4.573690524E-01, 1.425230693E-01, 4.573690524E-01, 1.425230693E-01, 1.081274361E+03
       517, 4.724698190E-01, 1.275076979E-01, 4.724698190E-01, 1.275076979E-01, 1.079026717E+03
       518, 4.874922455E-01, 1.125034139E-01, 4.874922455E-01, 1.125034139E-01, 1.076708264E+03
       519, 5.024990759E-01, 9.750053704E-02, 5.024990759E-01, 9.750053704E-02, 1.074341544E+03
       520, 3.800439071E-01, 2.025312713E-01, 3.800439071E-01, 2.025312713E-01, 1.090612615E+03
       521, 3.958016738E-01, 1.875832880E-01, 3.958016738E-01, 1.875832880E-01, 1.089060575E+03
       522, 3.027735551E-01, 2.774571216E-01, 3.027735551E-01, 2.774571216E-01, 1.095470496E+03
       523, 2.876018509E-01, 2.924912197E-01, 2.876018509E-01, 2.924912197E-01, 1.095812848E+03
       524, 4.114227310E-01, 1.725772205E-01, 4.114227310E-01, 1.725772205E-01, 1.087333838E+03
       525, 4.269084619E-01, 1.575427244E-01, 4.269084619E-01, 1.575427244E-01, 1.085444891E+03
       526, 4.423024959E-01, 1.425302045E-01, 4.423024959E-01, 1.425302045E-01, 1.083406214E+03
       527, 4.574547625E-01, 1.275125763E-01, 4.574547625E-01, 1.275125763E-01, 1.081262134E+03
       528, 4.724858969E-01, 1.125062395E-01, 4.724858969E-01, 1.125062395E-01, 1.079024376E+03
       529, 4.874972225E-01, 9.750214345E-02, 4.874972225E-01, 9.750214345E-02, 1.076707508E+03
       530, 5.024995557E-01, 8.250034109E-02, 5.024995557E-01, 8.250034109E-02, 1.074341466E+03
       531, 3.802190813E-01, 1.875379993E-01, 3.802190813E-01, 1.875379993E-01, 1.090601311E+03
       532, 3.959814367E-01, 1.725793516E-01, 3.959814367E-01, 1.725793516E-01, 1.089044631E+03
       533, 2.875921867E-01, 2.774820234E-01, 2.875921867E-01, 2.774820234E-01, 1.095963908E+03
       534, 4.116720536E-01, 1.575712500E-01, 4.116720536E-01, 1.575712500E-01, 1.087306390E+03
       535, 4.272190478E-01, 1.425477657E-01, 4.272190478E-01, 1.425477657E-01, 1.085406157E+03
       536, 4.424374339E-01, 1.275187321E-01, 4.424374339E-01, 1.275187321E-01, 1.083388139E+03
       537, 4.574778075E-01, 1.125108120E-01, 4.574778075E-01, 1.125108120E-01, 1.081258987E+03
       538, 4.724954159E-01, 9.750418027E-02, 4.724954159E-01, 9.750418027E-02, 1.079022995E+03
       539, 4.874986680E-01, 8.250146829E-02, 4.874986680E-01, 8.250146829E-02, 1.076707284E+03
       540, 5.024997837E-01, 6.750024551E-02, 5.024997837E-01, 6.750024551E-02, 1.074341420E+03
       541, 3.803944077E-01, 1.725416071E-01, 3.803944077E-01, 1.725416071E-01, 1.090589702E+03
       542, 3.963485878E-01, 1.575850213E-01, 3.963485878E-01, 1.575850213E-01, 1.089008732E+03
       543, 4.121210700E-01, 1.425670978E-01, 4.121210700E-01, 1.425670978E-01, 1.087255378E+03
       544, 4.274220430E-01, 1.275296925E-01, 4.274220430E-01, 1.275296925E-01, 1.085381003E+03
       545, 4.424681973E-01, 1.125152941E-01, 4.424681973E-01, 1.125152941E-01, 1.083384309E+03
       546, 4.574936300E-01, 9.750718717E-02, 4.574936300E-01, 9.750718717E-02, 1.081256834E+03
       547, 4.724978226E-01, 8.250286471E-02, 4.724978226E-01, 8.250286471E-02, 1.079022657E+03
       548, 4.874993530E-01, 6.750101644E-02, 4.874993530E-01, 6.750101644E-02, 1.076707152E+03
       549, 5.024999267E-01, 5.250015605E-02, 5.024999267E-01, 5.250015605E-02, 1.074341379E+03
       550, 3.808529279E-01, 1.575653422E-01, 3.808529279E-01, 1.575653422E-01, 1.090551242E+03
       551, 3.970021375E-01, 1.425985654E-01, 3.970021375E-01, 1.425985654E-01, 1.088942161E+03
       552, 4.124117471E-01, 1.275461813E-01, 4.124117471E-01, 1.275461813E-01, 1.087222643E+03
       553, 4.274605376E-01, 1.125228756E-01, 4.274605376E-01, 1.125228756E-01, 1.085376779E+03
       554, 4.424920193E-01, 9.751035347E-02, 4.424920193E-01, 9.751035347E-02, 1.083381345E+03
       555, 4.574969078E-01, 8.250481909E-02, 4.574969078E-01, 8.250481909E-02, 1.081256449E+03
       556, 4.724989604E-01, 6.750197321E-02, 4.724989604E-01, 6.750197321E-02, 1.079022465E+03
       557, 4.874997817E-01, 5.250066975E-02, 4.874997817E-01, 5.250066975E-02, 1.076707036E+03
       558, 5.024999720E-01, 3.750009608E-02, 5.024999720E-01, 3.750009608E-02, 1.074341344E+03
       559, 3.974175361E-01, 1.275692797E-01, 3.974175361E-01, 1.275692797E-01, 1.088900287E+03
       560, 4.124556704E-01, 1.125375023E-01, 4.124556704E-01, 1.125375023E-01, 1.087218686E+03
       561, 4.274904664E-01, 9.751659692E-02, 4.274904664E-01, 9.751659692E-02, 1.085373527E+03
       562, 4.424964618E-01, 8.250732055E-02, 4.424964618E-01, 8.250732055E-02, 1.083380957E+03
       563, 4.574985357E-01, 6.750318420E-02, 4.574985357E-01, 6.750318420E-02, 1.081256234E+03
       564, 4.724996618E-01, 5.250131313E-02, 4.724996618E-01, 5.250131313E-02, 1.079022296E+03
       565, 4.874999077E-01, 3.750039589E-02, 4.874999077E-01, 3.750039589E-02, 1.076706937E+03
       566, 5.024999848E-01, 2.250005578E-02, 5.024999848E-01, 2.250005578E-02, 1.074341307E+03
       567, 3.974623089E-01, 1.125539627E-01, 3.974623089E-01, 1.125539627E-01, 1.088897497E+03
       568, 4.124898557E-01, 9.752804509E-02, 4.124898557E-01, 9.752804509E-02, 1.087215682E+03
       569, 4.274957858E-01, 8.251226073E-02, 4.274957858E-01, 8.251226073E-02, 1.085373295E+03
       570, 4.424983038E-01, 6.750499801E-02, 4.424983038E-01, 6.750499801E-02, 1.083380824E+03
       571, 4.574995359E-01, 5.250211069E-02, 4.574995359E-01, 5.250211069E-02, 1.081256042E+03
       572, 4.724998769E-01, 3.750076672E-02, 4.724998769E-01, 3.750076672E-02, 1.079022147E+03
       573, 4.874999625E-01, 2.250019945E-02, 4.874999625E-01, 2.250019945E-02, 1.076706828E+03
       574, 5.024999917E-01, 7.500018834E-03, 5.024999917E-01, 7.500018834E-03, 1.074341263E+03
       575, 3.974937464E-01, 9.754142493E-02, 3.974937464E-01, 9.754142493E-02, 1.088895851E+03
       576, 4.124958457E-01, 8.252087482E-02, 4.124958457E-01, 8.252087482E-02, 1.087215801E+03
       577, 4.274980869E-01, 6.750889049E-02, 4.274980869E-01, 6.750889049E-02, 1.085373303E+03
       578, 4.424994360E-01, 5.250327831E-02, 4.424994360E-01, 5.250327831E-02, 1.083380688E+03
       579, 4.574998549E-01, 3.750130859E-02, 4.574998549E-01, 3.750130859E-02, 1.081255869E+03
       580, 4.724999457E-01, 2.250037290E-02, 4.724999457E-01, 2.250037290E-02, 1.079021982E+03
       581, 4.874999834E-01, 7.500066833E-03, 4.874999834E-01, 7.500066833E-03, 1.076706701E+03
       582, 3.974976902E-01, 8.253066752E-02, 3.974976902E-01, 8.253066752E-02, 1.088896845E+03
       583, 4.124983180E-01, 6.751501486E-02, 4.124983180E-01, 6.751501486E-02, 1.087216123E+03
       584, 4.274994242E-01, 5.250611125E-02, 4.274994242E-01, 5.250611125E-02, 1.085373289E+03
       585, 4.424998005E-01, 3.750193443E-02, 4.424998005E-01, 3.750193443E-02, 1.083380542E+03
       586, 4.574999027E-01, 2.250067207E-02, 4.574999027E-01, 2.250067207E-02, 1.081255674E+03
       587, 4.724999800E-01, 7.500124658E-03, 4.724999800E-01, 7.500124658E-03, 1.079021779E+03
       588, 3.974992017E-01, 6.752225728E-02, 3.974992017E-01, 6.752225728E-02, 1.088897791E+03
       589, 4.124994712E-01, 5.251057480E-02, 4.124994712E-01, 5.251057480E-02, 1.087216387E+03
       590, 4.274997665E-01, 3.750387047E-02, 4.274997665E-01, 3.750387047E-02, 1.085373238E+03
       591, 4.424999449E-01, 2.250099950E-02, 4.424999449E-01, 2.250099950E-02, 1.083380332E+03
       592, 4.574999713E-01, 7.500198431E-03, 4.574999713E-01, 7.500198431E-03, 1.081255409E+03
       593, 3.974997558E-01, 5.251564186E-02, 3.974997558E-01, 5.251564186E-02, 1.088898526E+03
       594, 4.124997987E-01, 3.750706306E-02, 4.124997987E-01, 3.750706306E-02, 1.087216516E+03
       595, 4.274998317E-01, 2.250217807E-02, 4.274998317E-01, 2.250217807E-02, 1.085373083E+03
       596, 4.424999654E-01, 7.500306192E-03, 4.424999654E-01, 7.500306192E-03, 1.083380040E+03
       597, 3.974998888E-01, 3.751043455E-02, 3.974998888E-01, 3.751043455E-02, 1.088898973E+03
       598, 4.124998825E-01, 2.250412702E-02, 4.124998825E-01, 2.250412702E-02, 1.087216464E+03
       599, 4.274998691E-01, 7.500726287E-03, 4.274998691E-01, 7.500726287E-03, 1.085372784E+03
       600, 3.974999085E-01, 2.250609473E-02, 3.974999085E-01, 2.250609473E-02, 1.088899121E+03
       601, 4.124998984E-01, 7.501376266E-03, 4.124998984E-01, 7.501376266E-03, 1.087216204E+03
       602, 3.974998899E-01, 7.502032246E-03, 3.974998899E-01, 7.502032246E-03, 1.088898956E+03
       603, 7.668389974E-03, 4.124998959E-01, 7.668389974E-03, 4.124998959E-01, 1.121932649E+03
       604, 7.670981069E-03, 3.975015867E-01, 7.670981069E-03, 3.975015867E-01, 1.121932193E+03
       605, 2.300626759E-02, 4.125002919E-01, 2.300626759E-02, 4.125002919E-01, 1.119516224E+03
       606, 2.301499341E-02, 3.975028640E-01, 2.301499341E-02, 3.975028640E-01, 1.119514726E+03
       607, 7.670281404E-03, 3.825037040E-01, 7.670281404E-03, 3.825037040E-01, 1.121932255E+03
       608, 3.834471574E-02, 4.124988197E-01, 3.834471574E-02, 4.124988197E-01, 1.117154131E+03
       609, 2.301386580E-02, 3.825060097E-01, 2.301386580E-02, 3.825060097E-01, 1.119514758E+03
       610, 3.836241509E-02, 3.974995661E-01, 3.836241509E-02, 3.974995661E-01, 1.117151225E+03
       611, 7.664952070E-03, 3.675063394E-01, 7.664952070E-03, 3.675063394E-01, 1.121933051E+03
       612, 5.368382142E-02, 4.124963055E-01, 5.368382142E-02, 4.124963055E-01, 1.114880039E+03
       613, 3.836264388E-02, 3.825019753E-01, 3.836264388E-02, 3.825019753E-01, 1.117150948E+03
       614, 2.299905527E-02, 3.675094955E-01, 2.299905527E-02, 3.675094955E-01, 1.119516922E+03
       615, 5.371457533E-02, 3.974929147E-01, 5.371457533E-02, 3.974929147E-01, 1.114875275E+03
       616, 7.653330477E-03, 3.525092047E-01, 7.653330477E-03, 3.525092047E-01, 1.121934848E+03
       617, 6.902457710E-02, 4.124933602E-01, 6.902457710E-02, 4.124933602E-01, 1.112723827E+03
       618, 5.372072046E-02, 3.824932567E-01, 5.372072046E-02, 3.824932567E-01, 1.114874035E+03
       619, 3.834055108E-02, 3.675052732E-01, 3.834055108E-02, 3.675052732E-01, 1.117154037E+03
       620, 2.296443984E-02, 3.525140010E-01, 2.296443984E-02, 3.525140010E-01, 1.119522187E+03
       621, 6.907149427E-02, 3.974846192E-01, 6.907149427E-02, 3.974846192E-01, 1.112717032E+03
       622, 7.636598609E-03, 3.375110230E-01, 7.636598609E-03, 3.375110230E-01, 1.121937457E+03
       623, 8.436658850E-02, 4.124900803E-01, 8.436658850E-02, 4.124900803E-01, 1.110710886E+03
       624, 5.369625291E-02, 3.674966425E-01, 5.369625291E-02, 3.674966425E-01, 1.114877190E+03
       625, 6.909033967E-02, 3.824797191E-01, 6.909033967E-02, 3.824797191E-01, 1.112713983E+03
       626, 3.828645041E-02, 3.525100586E-01, 3.828645041E-02, 3.525100586E-01, 1.117161984E+03
       627, 2.291416039E-02, 3.375168422E-01, 2.291416039E-02, 3.375168422E-01, 1.119529904E+03
       628, 8.443134474E-02, 3.974750488E-01, 8.443134474E-02, 3.974750488E-01, 1.110702210E+03
       629, 7.617597256E-03, 3.225115719E-01, 7.617597256E-03, 3.225115719E-01, 1.121940429E+03
       630, 9.970764486E-02, 4.124885823E-01, 9.970764486E-02, 4.124885823E-01, 1.108861430E+03
       631, 5.363033645E-02, 3.525011354E-01, 5.363033645E-02, 3.525011354E-01, 1.114886342E+03
       632, 6.907080244E-02, 3.674799210E-01, 6.907080244E-02, 3.674799210E-01, 1.112716089E+03
       633, 8.446831693E-02, 3.824622928E-01, 8.446831693E-02, 3.824622928E-01, 1.110696898E+03
       634, 3.820820460E-02, 3.375147414E-01, 3.820820460E-02, 3.375147414E-01, 1.117173592E+03
       635, 2.286320951E-02, 3.225170166E-01, 2.286320951E-02, 3.225170166E-01, 1.119537726E+03
       636, 9.979356121E-02, 3.974685856E-01, 9.979356121E-02, 3.974685856E-01, 1.108850914E+03
       637, 7.601048886E-03, 3.075099407E-01, 7.601048886E-03, 3.075099407E-01, 1.121943011E+03
       638, 1.150476110E-01, 4.124903522E-01, 1.150476110E-01, 4.124903522E-01, 1.107189822E+03
       639, 6.900743332E-02, 3.524811232E-01, 6.900743332E-02, 3.524811232E-01, 1.112724129E+03
       640, 5.353339678E-02, 3.375079043E-01, 5.353339678E-02, 3.375079043E-01, 1.114899979E+03
       641, 8.446476584E-02, 3.674558714E-01, 8.446476584E-02, 3.674558714E-01, 1.110696560E+03
       642, 9.985227270E-02, 3.824527803E-01, 9.985227270E-02, 3.824527803E-01, 1.108843287E+03
       643, 3.813172635E-02, 3.225196764E-01, 3.813172635E-02, 3.225196764E-01, 1.117184931E+03
       644, 2.281981545E-02, 3.075173545E-01, 2.281981545E-02, 3.075173545E-01, 1.119544366E+03
       645, 1.151526678E-01, 3.974731119E-01, 1.151526678E-01, 3.974731119E-01, 1.107178178E+03
       646, 7.593355394E-03, 2.925068791E-01, 7.593355394E-03, 2.925068791E-01, 1.121944185E+03
       647, 1.303858316E-01, 4.124930412E-01, 1.303858316E-01, 4.124930412E-01, 1.105705206E+03
       648, 8.441533520E-02, 3.524557782E-01, 8.441533520E-02, 3.524557782E-01, 1.110701919E+03
       649, 6.890350525E-02, 3.374900452E-01, 6.890350525E-02, 3.374900452E-01, 1.112737666E+03
       650, 5.343555734E-02, 3.225155839E-01, 5.343555734E-02, 3.225155839E-01, 1.114913739E+03
       651, 9.986988733E-02, 3.674391482E-01, 9.986988733E-02, 3.674391482E-01, 1.108840148E+03
       652, 1.152332421E-01, 3.824564854E-01, 1.152332421E-01, 3.824564854E-01, 1.107168647E+03
       653, 3.807237410E-02, 3.075193595E-01, 3.807237410E-02, 3.075193595E-01, 1.117193667E+03
       654, 2.279637088E-02, 2.925149704E-01, 2.279637088E-02, 2.925149704E-01, 1.119547884E+03
       655, 1.305022527E-01, 3.974797173E-01, 1.305022527E-01, 3.974797173E-01, 1.105693545E+03
       656, 7.586044155E-03, 2.775073645E-01, 7.586044155E-03, 2.775073645E-01, 1.121945299E+03
       657, 1.457208598E-01, 4.124961861E-01, 1.457208598E-01, 4.124961861E-01, 1.104412476E+03
       658, 8.432056912E-02, 3.374579925E-01, 8.432056912E-02, 3.374579925E-01, 1.110712912E+03
       659, 9.983853520E-02, 3.524335679E-01, 9.983853520E-02, 3.524335679E-01, 1.108842454E+03
       660, 6.878884985E-02, 3.224979046E-01, 6.878884985E-02, 3.224979046E-01, 1.112752643E+03
       661, 5.335771585E-02, 3.075235895E-01, 5.335771585E-02, 3.075235895E-01, 1.114924591E+03
       662, 1.152744082E-01, 3.674420429E-01, 1.152744082E-01, 3.674420429E-01, 1.107162771E+03
       663, 1.305999671E-01, 3.824663614E-01, 1.305999671E-01, 3.824663614E-01, 1.105682888E+03
       664, 3.802848709E-02, 2.925247122E-01, 3.802848709E-02, 2.925247122E-01, 1.117200053E+03
       665, 2.277205950E-02, 2.775151112E-01, 2.277205950E-02, 2.775151112E-01, 1.119551540E+03
       666, 1.458404299E-01, 3.974874924E-01, 1.458404299E-01, 3.974874924E-01, 1.104401561E+03
       667, 7.586247888E-03, 2.625017881E-01, 7.586247888E-03, 2.625017881E-01, 1.121945218E+03
       668, 1.610530908E-01, 4.125002966E-01, 1.610530908E-01, 4.125002966E-01, 1.103313613E+03
       669, 8.420714702E-02, 3.224680481E-01, 8.420714702E-02, 3.224680481E-01, 1.110726199E+03
       670, 9.976362692E-02, 3.374326550E-01, 9.976362692E-02, 3.374326550E-01, 1.108849596E+03
       671, 1.152651379E-01, 3.524326644E-01, 1.152651379E-01, 3.524326644E-01, 1.107161750E+03
       672, 6.869360262E-02, 3.075097646E-01, 6.869360262E-02, 3.075097646E-01, 1.112764943E+03
       673, 5.329279996E-02, 2.925258342E-01, 5.329279996E-02, 2.925258342E-01, 1.114933558E+03
       674, 1.306655580E-01, 3.674531673E-01, 1.306655580E-01, 3.674531673E-01, 1.105674464E+03
       675, 1.459460898E-01, 3.824786997E-01, 1.459460898E-01, 3.824786997E-01, 1.104390566E+03
       676, 3.799168869E-02, 2.775163630E-01, 3.799168869E-02, 2.775163630E-01, 1.117205359E+03
       677, 2.276459525E-02, 2.625111114E-01, 2.276459525E-02, 2.625111114E-01, 1.119552559E+03
       678, 1.611657484E-01, 3.974978219E-01, 1.611657484E-01, 3.974978219E-01, 1.103303868E+03
       679, 7.587762574E-03, 2.475044861E-01, 7.587762574E-03, 2.475044861E-01, 1.121944930E+03
       680, 1.763798076E-01, 4.125032374E-01, 1.763798076E-01, 4.125032374E-01, 1.102410580E+03
       681, 9.966992713E-02, 3.224410741E-01, 9.966992713E-02, 3.224410741E-01, 1.108858760E+03
       682, 8.410355447E-02, 3.074868364E-01, 8.410355447E-02, 3.074868364E-01, 1.110738197E+03
       683, 1.152119916E-01, 3.374294280E-01, 1.152119916E-01, 3.374294280E-01, 1.107164936E+03
       684, 1.306803662E-01, 3.524432744E-01, 1.306803662E-01, 3.524432744E-01, 1.105670038E+03
       685, 6.861674493E-02, 2.925206491E-01, 6.861674493E-02, 2.925206491E-01, 1.112774706E+03
       686, 5.324987316E-02, 2.775289467E-01, 5.324987316E-02, 2.775289467E-01, 1.114939328E+03
       687, 1.460291039E-01, 3.674684300E-01, 1.460291039E-01, 3.674684300E-01, 1.104380199E+03
       688, 1.612737058E-01, 3.824937123E-01, 1.612737058E-01, 3.824937123E-01, 1.103292459E+03
       689, 3.797510908E-02, 2.625227402E-01, 3.797510908E-02, 2.625227402E-01, 1.117207594E+03
       690, 2.276250096E-02, 2.475110292E-01, 2.276250096E-02, 2.475110292E-01, 1.119552737E+03
       691, 1.764763224E-01, 3.975055025E-01, 1.764763224E-01, 3.975055025E-01, 1.102401811E+03
       692, 7.580191143E-03, 2.325029721E-01, 7.580191143E-03, 2.325029721E-01, 1.121946088E+03
       693, 1.917014871E-01, 4.125044706E-01, 1.917014871E-01, 4.125044706E-01, 1.101708162E+03
       694, 9.957162190E-02, 3.074544122E-01, 9.957162190E-02, 3.074544122E-01, 1.108868335E+03
       695, 1.151369938E-01, 3.224320763E-01, 1.151369938E-01, 3.224320763E-01, 1.107170106E+03
       696, 8.401682899E-02, 2.925037962E-01, 8.401682899E-02, 2.925037962E-01, 1.110748021E+03
       697, 1.306544678E-01, 3.374337372E-01, 1.306544678E-01, 3.374337372E-01, 1.105668746E+03
       698, 1.460644705E-01, 3.524601161E-01, 1.460644705E-01, 3.524601161E-01, 1.104372507E+03
       699, 6.857958408E-02, 2.775262999E-01, 6.857958408E-02, 2.775262999E-01, 1.112779024E+03
       700, 5.321852602E-02, 2.625323038E-01, 5.321852602E-02, 2.625323038E-01, 1.114943410E+03
       701, 1.613635900E-01, 3.674930210E-01, 1.613635900E-01, 3.674930210E-01, 1.103280319E+03
       702, 1.765764775E-01, 3.825076137E-01, 1.765764775E-01, 3.825076137E-01, 1.102389549E+03
       703, 3.794778648E-02, 2.475203624E-01, 3.794778648E-02, 2.475203624E-01, 1.117211470E+03
       704, 2.274028112E-02, 2.325091328E-01, 2.274028112E-02, 2.325091328E-01, 1.119556071E+03
       705, 1.917767283E-01, 3.975088260E-01, 1.917767283E-01, 3.975088260E-01, 1.101699436E+03
       706, 7.573461461E-03, 2.175033936E-01, 7.573461461E-03, 2.175033936E-01, 1.121947115E+03
       707, 2.070219614E-01, 4.125048844E-01, 2.070219614E-01, 4.125048844E-01, 1.101218384E+03
       708, 1.150679682E-01, 3.074381253E-01, 1.150679682E-01, 3.074381253E-01, 1.107174430E+03
       709, 9.948644810E-02, 2.924781258E-01, 9.948644810E-02, 2.924781258E-01, 1.108876298E+03
       710, 1.306015000E-01, 3.224357572E-01, 1.306015000E-01, 3.224357572E-01, 1.105669440E+03
       711, 8.398162385E-02, 2.775237337E-01, 8.398162385E-02, 2.775237337E-01, 1.110751283E+03
       712, 1.460643103E-01, 3.374508155E-01, 1.460643103E-01, 3.374508155E-01, 1.104366643E+03
       713, 1.614057707E-01, 3.524873991E-01, 1.614057707E-01, 3.524873991E-01, 1.103269521E+03
       714, 6.852425468E-02, 2.625426894E-01, 6.852425468E-02, 2.625426894E-01, 1.112785825E+03
       715, 5.316061343E-02, 2.475286835E-01, 5.316061343E-02, 2.475286835E-01, 1.114951348E+03
       716, 1.766613723E-01, 3.675072132E-01, 1.766613723E-01, 3.675072132E-01, 1.102374857E+03
       717, 1.918544544E-01, 3.825134844E-01, 1.918544544E-01, 3.825134844E-01, 1.101685201E+03
       718, 3.790687631E-02, 2.325176655E-01, 3.790687631E-02, 2.325176655E-01, 1.117217416E+03
       719, 2.272729377E-02, 2.175068587E-01, 2.272729377E-02, 2.175068587E-01, 1.119557965E+03
       720, 2.070701368E-01, 3.975110038E-01, 2.070701368E-01, 3.975110038E-01, 1.101208594E+03
       721, 7.565568427E-03, 2.025033797E-01, 7.565568427E-03, 2.025033797E-01, 1.121948329E+03
       722, 2.223413240E-01, 4.125037449E-01, 2.223413240E-01, 4.125037449E-01, 1.100962469E+03
       723, 1.150013012E-01, 2.924608273E-01, 1.150013012E-01, 2.924608273E-01, 1.107178331E+03
       724, 1.305644708E-01, 3.074317163E-01, 1.305644708E-01, 3.074317163E-01, 1.105668281E+03
       725, 9.944101658E-02, 2.775046802E-01, 9.944101658E-02, 2.775046802E-01, 1.108879601E+03
       726, 1.460421485E-01, 3.224403015E-01, 1.460421485E-01, 3.224403015E-01, 1.104361660E+03
       727, 8.390826533E-02, 2.625390409E-01, 8.390826533E-02, 2.625390409E-01, 1.110759348E+03
       728, 1.614266148E-01, 3.374773892E-01, 1.614266148E-01, 3.374773892E-01, 1.103258493E+03
       729, 1.767061406E-01, 3.525028970E-01, 1.767061406E-01, 3.525028970E-01, 1.102359235E+03
       730, 6.842966956E-02, 2.475439896E-01, 6.842966956E-02, 2.475439896E-01, 1.112798010E+03
       731, 5.310458887E-02, 2.325297208E-01, 5.310458887E-02, 2.325297208E-01, 1.114959020E+03
       732, 1.919205017E-01, 3.675129252E-01, 1.919205017E-01, 3.675129252E-01, 1.101666063E+03
       733, 2.071180793E-01, 3.825140500E-01, 2.071180793E-01, 3.825140500E-01, 1.101190449E+03
       734, 3.789057540E-02, 2.175157685E-01, 3.789057540E-02, 2.175157685E-01, 1.117219628E+03
       735, 2.270370652E-02, 2.025111144E-01, 2.270370652E-02, 2.025111144E-01, 1.119561528E+03
       736, 2.223574041E-01, 3.975066238E-01, 2.223574041E-01, 3.975066238E-01, 1.100951176E+03
       737, 7.556476869E-03, 1.875041449E-01, 7.556476869E-03, 1.875041449E-01, 1.121949737E+03
       738, 1.149437365E-01, 2.774853100E-01, 1.149437365E-01, 2.774853100E-01, 1.107181153E+03
       739, 1.305284268E-01, 2.924417595E-01, 1.305284268E-01, 2.924417595E-01, 1.105666689E+03
       740, 1.460335704E-01, 3.074369594E-01, 1.460335704E-01, 3.074369594E-01, 1.104354912E+03
       741, 9.935472734E-02, 2.625284458E-01, 9.935472734E-02, 2.625284458E-01, 1.108887576E+03
       742, 1.614372991E-01, 3.224703577E-01, 1.614372991E-01, 3.224703577E-01, 1.103246694E+03
       743, 8.378021933E-02, 2.475561192E-01, 8.378021933E-02, 2.475561192E-01, 1.110774344E+03
       744, 1.767330912E-01, 3.375032656E-01, 1.767330912E-01, 3.375032656E-01, 1.102341771E+03
       745, 1.919621888E-01, 3.525092132E-01, 1.919621888E-01, 3.525092132E-01, 1.101642686E+03
       746, 6.835703702E-02, 2.325481510E-01, 6.835703702E-02, 2.325481510E-01, 1.112807197E+03
       747, 5.307659563E-02, 2.175291039E-01, 5.307659563E-02, 2.175291039E-01, 1.114962632E+03
       748, 2.071580659E-01, 3.675139830E-01, 2.071580659E-01, 3.675139830E-01, 1.101163985E+03
       749, 2.223730786E-01, 3.825080831E-01, 2.223730786E-01, 3.825080831E-01, 1.100928699E+03
       750, 3.785125948E-02, 2.025173246E-01, 3.785125948E-02, 2.025173246E-01, 1.117225351E+03
       751, 2.266945784E-02, 1.875092914E-01, 2.266945784E-02, 1.875092914E-01, 1.119566773E+03
       752, 7.546752455E-03, 1.725038547E-01, 7.546752455E-03, 1.725038547E-01, 1.121951250E+03
       753, 1.148567397E-01, 2.625041844E-01, 1.148567397E-01, 2.625041844E-01, 1.107186920E+03
       754, 1.304613498E-01, 2.774577070E-01, 1.304613498E-01, 2.774577070E-01, 1.105667689E+03
       755, 1.460273469E-01, 2.924285116E-01, 1.460273469E-01, 2.924285116E-01, 1.104347393E+03
       756, 1.614450612E-01, 3.074583988E-01, 1.614450612E-01, 3.074583988E-01, 1.103233889E+03
       757, 9.921392129E-02, 2.475530141E-01, 9.921392129E-02, 2.475530141E-01, 1.108901852E+03
       758, 1.767592913E-01, 3.224856302E-01, 1.767592913E-01, 3.224856302E-01, 1.102321812E+03
       759, 8.368174149E-02, 2.325680111E-01, 8.368174149E-02, 2.325680111E-01, 1.110785603E+03
       760, 1.919793015E-01, 3.375016145E-01, 1.919793015E-01, 3.375016145E-01, 1.101615355E+03
       761, 2.071869455E-01, 3.525083413E-01, 2.071869455E-01, 3.525083413E-01, 1.101129108E+03
       762, 6.830789645E-02, 2.175500947E-01, 6.830789645E-02, 2.175500947E-01, 1.112813181E+03
       763, 5.301579945E-02, 2.025300834E-01, 5.301579945E-02, 2.025300834E-01, 1.114971034E+03
       764, 2.223864976E-01, 3.675079291E-01, 2.223864976E-01, 3.675079291E-01, 1.100894386E+03
       765, 3.778779959E-02, 1.875160494E-01, 3.778779959E-02, 1.875160494E-01, 1.117234764E+03
       766, 2.264023415E-02, 1.725087345E-01, 2.264023415E-02, 1.725087345E-01, 1.119571241E+03
       767, 7.538599021E-03, 1.575036533E-01, 7.538599021E-03, 1.575036533E-01, 1.121952517E+03
       768, 1.147228853E-01, 2.475312414E-01, 1.147228853E-01, 2.475312414E-01, 1.107197523E+03
       769, 1.303835511E-01, 2.624681536E-01, 1.303835511E-01, 2.624681536E-01, 1.105669507E+03
       770, 1.459717248E-01, 2.774276986E-01, 1.459717248E-01, 2.774276986E-01, 1.104343375E+03
       771, 1.614461718E-01, 2.924420976E-01, 1.614461718E-01, 2.924420976E-01, 1.103220540E+03
       772, 1.767749763E-01, 3.074790068E-01, 1.767749763E-01, 3.074790068E-01, 1.102300315E+03
       773, 9.908944073E-02, 2.325730013E-01, 9.908944073E-02, 2.325730013E-01, 1.108914252E+03
       774, 1.920061554E-01, 3.224926915E-01, 1.920061554E-01, 3.224926915E-01, 1.101583055E+03
       775, 8.360338096E-02, 2.175754873E-01, 8.360338096E-02, 2.175754873E-01, 1.110794335E+03
       776, 2.071966520E-01, 3.375039039E-01, 2.071966520E-01, 3.375039039E-01, 1.101085943E+03
       777, 2.223985078E-01, 3.525064589E-01, 2.223985078E-01, 3.525064589E-01, 1.100847191E+03
       778, 6.821992335E-02, 2.025511199E-01, 6.821992335E-02, 2.025511199E-01, 1.112824508E+03
       779, 5.292324840E-02, 1.875279825E-01, 5.292324840E-02, 1.875279825E-01, 1.114984084E+03
       780, 3.773859279E-02, 1.725149163E-01, 3.773859279E-02, 1.725149163E-01, 1.117242030E+03
       781, 2.261569750E-02, 1.575082093E-01, 2.261569750E-02, 1.575082093E-01, 1.119574989E+03
       782, 7.528818637E-03, 1.425042198E-01, 7.528818637E-03, 1.425042198E-01, 1.121954048E+03
       783, 1.302699989E-01, 2.474892766E-01, 1.302699989E-01, 2.474892766E-01, 1.105674543E+03
       784, 1.145763922E-01, 2.325572334E-01, 1.145763922E-01, 2.325572334E-01, 1.107209470E+03
       785, 1.614202334E-01, 2.774186273E-01, 1.614202334E-01, 2.774186273E-01, 1.103208328E+03
       786, 1.767602192E-01, 2.924614510E-01, 1.767602192E-01, 2.924614510E-01, 1.102278835E+03
       787, 1.920271649E-01, 3.074814202E-01, 1.920271649E-01, 3.074814202E-01, 1.101546990E+03
       788, 9.898000250E-02, 2.175858916E-01, 9.898000250E-02, 2.175858916E-01, 1.108924946E+03
       789, 2.072113099E-01, 3.224965934E-01, 2.072113099E-01, 3.224965934E-01, 1.101033805E+03
       790, 8.348195006E-02, 2.025794976E-01, 8.348195006E-02, 2.025794976E-01, 1.110808581E+03
       791, 2.224015289E-01, 3.375012202E-01, 2.224015289E-01, 3.375012202E-01, 1.100785640E+03
       792, 6.809181076E-02, 1.875522746E-01, 6.809181076E-02, 1.875522746E-01, 1.112841383E+03
       793, 5.285219087E-02, 1.725259495E-01, 5.285219087E-02, 1.725259495E-01, 1.114994038E+03
       794, 3.769707111E-02, 1.575138248E-01, 3.769707111E-02, 1.575138248E-01, 1.117248152E+03
       795, 2.258635369E-02, 1.425083392E-01, 2.258635369E-02, 1.425083392E-01, 1.119579505E+03
       796, 7.518439238E-03, 1.275035270E-01, 7.518439238E-03, 1.275035270E-01, 1.121955680E+03
       797, 1.301161551E-01, 2.325097734E-01, 1.301161551E-01, 2.325097734E-01, 1.105683309E+03
       798, 1.144273501E-01, 2.175780999E-01, 1.144273501E-01, 2.175780999E-01, 1.107221763E+03
       799, 1.767572745E-01, 2.774367232E-01, 1.767572745E-01, 2.774367232E-01, 1.102255633E+03
       800, 1.920020595E-01, 2.924663242E-01, 1.920020595E-01, 2.924663242E-01, 1.101509809E+03
       801, 2.072252423E-01, 3.074857902E-01, 2.072252423E-01, 3.074857902E-01, 1.100973079E+03
       802, 9.881773448E-02, 2.025989041E-01, 9.881773448E-02, 2.025989041E-01, 1.108941846E+03
       803, 2.224036838E-01, 3.225009104E-01, 2.224036838E-01, 3.225009104E-01, 1.100707556E+03
       804, 8.331392263E-02, 1.875798660E-01, 8.331392263E-02, 1.875798660E-01, 1.110828826E+03
       805, 6.799103575E-02, 1.725471530E-01, 6.799103575E-02, 1.725471530E-01, 1.112854557E+03
       806, 5.279173320E-02, 1.575237632E-01, 5.279173320E-02, 1.575237632E-01, 1.115002488E+03
       807, 3.764727197E-02, 1.425132497E-01, 3.764727197E-02, 1.425132497E-01, 1.117255560E+03
       808, 2.255522761E-02, 1.275071206E-01, 2.255522761E-02, 1.275071206E-01, 1.119584318E+03
       809, 7.510114808E-03, 1.125030621E-01, 7.510114808E-03, 1.125030621E-01, 1.121956991E+03
       810, 1.299356691E-01, 2.175377660E-01, 1.299356691E-01, 2.175377660E-01, 1.105694658E+03
       811, 1.142278856E-01, 2.025923222E-01, 1.142278856E-01, 2.025923222E-01, 1.107239434E+03
       812, 1.920075426E-01, 2.774532229E-01, 1.920075426E-01, 2.774532229E-01, 1.101469347E+03
       813, 2.072091960E-01, 2.924744498E-01, 2.072091960E-01, 2.924744498E-01, 1.100905619E+03
       814, 2.224079630E-01, 3.074959174E-01, 2.224079630E-01, 3.074959174E-01, 1.100609923E+03
       815, 9.860376629E-02, 1.876045803E-01, 9.860376629E-02, 1.876045803E-01, 1.108964881E+03
       816, 8.317114550E-02, 1.725775298E-01, 8.317114550E-02, 1.725775298E-01, 1.110845938E+03
       817, 6.790840474E-02, 1.575426503E-01, 6.790840474E-02, 1.575426503E-01, 1.112865298E+03
       818, 5.271864684E-02, 1.425218423E-01, 5.271864684E-02, 1.425218423E-01, 1.115012819E+03
       819, 3.759438684E-02, 1.275111148E-01, 3.759438684E-02, 1.275111148E-01, 1.117263471E+03
       820, 2.253024034E-02, 1.125059995E-01, 2.253024034E-02, 1.125059995E-01, 1.119588188E+03
       821, 7.504383863E-03, 9.750203743E-02, 7.504383863E-03, 9.750203743E-02, 1.121957897E+03
       822, 1.297100763E-01, 2.025615275E-01, 1.297100763E-01, 2.025615275E-01, 1.105710391E+03
       823, 1.139736036E-01, 1.876111258E-01, 1.139736036E-01, 1.876111258E-01, 1.107263035E+03
       824, 2.072188047E-01, 2.774682009E-01, 2.072188047E-01, 2.774682009E-01, 1.100831642E+03
       825, 2.224030630E-01, 2.924911629E-01, 2.224030630E-01, 2.924911629E-01, 1.100488625E+03
       826, 9.841158791E-02, 1.726057608E-01, 9.841158791E-02, 1.726057608E-01, 1.108985511E+03
       827, 8.305513465E-02, 1.575684407E-01, 8.305513465E-02, 1.575684407E-01, 1.110859727E+03
       828, 6.780738123E-02, 1.425382626E-01, 6.780738123E-02, 1.425382626E-01, 1.112878629E+03
       829, 5.264474258E-02, 1.275167571E-01, 5.264474258E-02, 1.275167571E-01, 1.115023321E+03
       830, 3.755177300E-02, 1.125090067E-01, 3.755177300E-02, 1.125090067E-01, 1.117269852E+03
       831, 2.251302730E-02, 9.750428061E-02, 2.251302730E-02, 9.750428061E-02, 1.119590862E+03
       832, 7.502086425E-03, 8.250117627E-02, 7.502086425E-03, 8.250117627E-02, 1.121958264E+03
       833, 1.294331173E-01, 1.875880251E-01, 1.294331173E-01, 1.875880251E-01, 1.105731208E+03
       834, 1.137241494E-01, 1.726208075E-01, 1.137241494E-01, 1.726208075E-01, 1.107286359E+03
       835, 2.224080619E-01, 2.774917259E-01, 2.224080619E-01, 2.774917259E-01, 1.100337864E+03
       836, 9.824440401E-02, 1.575983784E-01, 9.824440401E-02, 1.575983784E-01, 1.109003374E+03
       837, 8.292003447E-02, 1.425610570E-01, 8.292003447E-02, 1.425610570E-01, 1.110876052E+03
       838, 6.770821169E-02, 1.275315320E-01, 6.770821169E-02, 1.275315320E-01, 1.112891786E+03
       839, 5.258144205E-02, 1.125157353E-01, 5.258144205E-02, 1.125157353E-01, 1.115032333E+03
       840, 3.752308197E-02, 9.750612399E-02, 3.752308197E-02, 9.750612399E-02, 1.117274153E+03
       841, 2.250569344E-02, 8.250285768E-02, 2.250569344E-02, 8.250285768E-02, 1.119592010E+03
       842, 7.501297906E-03, 6.750078117E-02, 7.501297906E-03, 6.750078117E-02, 1.121958400E+03
       843, 1.291200387E-01, 1.726158152E-01, 1.291200387E-01, 1.726158152E-01, 1.105755788E+03
       844, 1.134840796E-01, 1.576217687E-01, 1.134840796E-01, 1.576217687E-01, 1.107308955E+03
       845, 9.806298581E-02, 1.425861826E-01, 9.806298581E-02, 1.425861826E-01, 1.109023065E+03
       846, 8.278571205E-02, 1.275511114E-01, 8.278571205E-02, 1.275511114E-01, 1.110892400E+03
       847, 6.761914553E-02, 1.125260889E-01, 6.761914553E-02, 1.125260889E-01, 1.112903635E+03
       848, 5.253555198E-02, 9.751002256E-02, 5.253555198E-02, 9.751002256E-02, 1.115038871E+03
       849, 3.751016607E-02, 8.250441628E-02, 3.751016607E-02, 8.250441628E-02, 1.117276092E+03
       850, 2.250325974E-02, 6.750163829E-02, 2.250325974E-02, 6.750163829E-02, 1.119592415E+03
       851, 7.500773721E-03, 5.250042338E-02, 7.500773721E-03, 5.250042338E-02, 1.121958502E+03
       852, 1.287887984E-01, 1.576299389E-01, 1.287887984E-01, 1.576299389E-01, 1.105782525E+03
       853, 1.132383228E-01, 1.426094486E-01, 1.132383228E-01, 1.426094486E-01, 1.107332428E+03
       854, 9.788528580E-02, 1.275722797E-01, 9.788528580E-02, 1.275722797E-01, 1.109042512E+03
       855, 8.266362667E-02, 1.125423114E-01, 8.266362667E-02, 1.125423114E-01, 1.110907309E+03
       856, 6.755153204E-02, 9.751854485E-02, 6.755153204E-02, 9.751854485E-02, 1.112912624E+03
       857, 5.251620692E-02, 8.250668355E-02, 5.251620692E-02, 8.250668355E-02, 1.115041600E+03
       858, 3.750516417E-02, 6.750252537E-02, 3.750516417E-02, 6.750252537E-02, 1.117276873E+03
       859, 2.250215913E-02, 5.250098785E-02, 2.250215913E-02, 5.250098785E-02, 1.119592637E+03
       860, 7.500425296E-03, 3.750020543E-02, 7.500425296E-03, 3.750020543E-02, 1.121958585E+03
       861, 1.130146699E-01, 1.275954958E-01, 1.130146699E-01, 1.275954958E-01, 1.107353862E+03
       862, 9.772064618E-02, 1.125589730E-01, 9.772064618E-02, 1.125589730E-01, 1.109060622E+03
       863, 8.257213008E-02, 9.753156355E-02, 8.257213008E-02, 9.753156355E-02, 1.110918442E+03
       864, 6.752454502E-02, 8.251339415E-02, 6.752454502E-02, 8.251339415E-02, 1.112916117E+03
       865, 5.250783619E-02, 6.750398536E-02, 5.250783619E-02, 6.750398536E-02, 1.115042799E+03
       866, 3.750355993E-02, 5.250145487E-02, 3.750355993E-02, 5.250145487E-02, 1.117277180E+03
       867, 2.250119565E-02, 3.750050574E-02, 2.250119565E-02, 3.750050574E-02, 1.119592867E+03
       868, 7.500160671E-03, 2.250007626E-02, 7.500160671E-03, 2.250007626E-02, 1.121958662E+03
       869, 1.127960512E-01, 1.125839899E-01, 1.127960512E-01, 1.125839899E-01, 1.107375077E+03
       870, 9.759706503E-02, 9.754389277E-02, 9.759706503E-02, 9.754389277E-02, 1.109074121E+03
       871, 8.253476690E-02, 8.252337864E-02, 8.253476690E-02, 8.252337864E-02, 1.110922778E+03
       872, 6.751194807E-02, 6.750858503E-02, 6.751194807E-02, 6.750858503E-02, 1.112917731E+03
       873, 5.250549337E-02, 5.250249977E-02, 5.250549337E-02, 5.250249977E-02, 1.115043187E+03
       874, 3.750210380E-02, 3.750091628E-02, 3.750210380E-02, 3.750091628E-02, 1.117277518E+03
       875, 2.250046065E-02, 2.250024559E-02, 2.250046065E-02, 2.250024559E-02, 1.119593083E+03
       876, 7.500031492E-03, 7.500017194E-03, 7.500031492E-03, 7.500017194E-03, 1.121958725E+03
       877, 1.126282053E-01, 9.756540893E-02, 1.126282053E-01, 9.756540893E-02, 1.107391228E+03
       878, 9.754622872E-02, 8.253313021E-02, 9.754622872E-02, 8.253313021E-02, 1.109079273E+03
       879, 8.251628320E-02, 6.751633696E-02, 8.251628320E-02, 6.751633696E-02, 1.110924843E+03
       880, 6.750777265E-02, 5.250507363E-02, 6.750777265E-02, 5.250507363E-02, 1.112918287E+03
       881, 5.250309396E-02, 3.750144659E-02, 5.250309396E-02, 3.750144659E-02, 1.115043663E+03
       882, 3.750080036E-02, 2.250049291E-02, 3.750080036E-02, 2.250049291E-02, 1.117277871E+03
       883, 2.250010359E-02, 7.500073989E-03, 2.250010359E-02, 7.500073989E-03, 1.119593263E+03
       884, 1.125599427E-01, 8.255072573E-02, 1.125599427E-01, 8.255072573E-02, 1.107397088E+03
       885, 9.752125578E-02, 6.752448935E-02, 9.752125578E-02, 6.752448935E-02, 1.109081598E+03
       886, 8.251000542E-02, 5.251061979E-02, 8.251000542E-02, 5.251061979E-02, 1.110925490E+03
       887, 6.750419435E-02, 3.750283907E-02, 6.750419435E-02, 3.750283907E-02, 1.112918876E+03
       888, 5.250113398E-02, 2.250079757E-02, 5.250113398E-02, 2.250079757E-02, 1.115044137E+03
       889, 3.750015383E-02, 7.500144862E-03, 3.750015383E-02, 7.500144862E-03, 1.117278167E+03
       890, 1.125269079E-01, 6.753825376E-02, 1.125269079E-01, 6.753825376E-02, 1.107399508E+03
       891, 9.751206904E-02, 5.251738053E-02, 9.751206904E-02, 5.251738053E-02, 1.109082279E+03
       892, 8.250530924E-02, 3.750616476E-02, 8.250530924E-02, 3.750616476E-02, 1.110926099E+03
       893, 6.750155782E-02, 2.250160808E-02, 6.750155782E-02, 2.250160808E-02, 1.112919429E+03
       894, 5.250023627E-02, 7.500247364E-03, 5.250023627E-02, 7.500247364E-03, 1.115044523E+03
       895, 1.125145356E-01, 5.252801543E-02, 1.125145356E-01, 5.252801543E-02, 1.107400036E+03
       896, 9.750597322E-02, 3.751126666E-02, 9.750597322E-02, 3.751126666E-02, 1.109082831E+03
       897, 8.250197391E-02, 2.250320507E-02, 8.250197391E-02, 2.250320507E-02, 1.110926674E+03
       898, 6.750034557E-02, 7.500535778E-03, 6.750034557E-02, 7.500535778E-03, 1.112919885E+03
       899, 1.125069167E-01, 3.751923554E-02, 1.125069167E-01, 3.751923554E-02, 1.107400391E+03
       900, 9.750224244E-02, 2.250626970E-02, 9.750224244E-02, 2.250626970E-02, 1.109083312E+03
       901, 8.250042814E-02, 7.500992937E-03, 8.250042814E-02, 7.500992937E-03, 1.110927166E+03
       902, 1.125025871E-01, 2.251135778E-02, 1.125025871E-01, 2.251135778E-02, 1.107400705E+03
       903, 9.750066189E-02, 7.502010500E-03, 9.750066189E-02, 7.502010500E-03, 1.109083757E+03
       904, 1.125007840E-01, 7.503789209E-03, 1.125007840E-01, 7.503789209E-03, 1.107401067E+03
