cellnumber,    x-coordinate,    y-coordinate,    x-coordinate,    y-coordinate,     temperature
         1, 1.275006837E-01, 7.505478406E-03, 1.275006837E-01, 7.505478406E-03, 1.109565398E+03
         2, 1.275025038E-01, 2.251642067E-02, 1.275025038E-01, 2.251642067E-02, 1.109566794E+03
         3, 1.425004411E-01, 7.506210707E-03, 1.425004411E-01, 7.506210707E-03, 1.108165148E+03
         4, 1.275070805E-01, 3.752776971E-02, 1.275070805E-01, 3.752776971E-02, 1.109569629E+03
         5, 1.425021221E-01, 2.251862306E-02, 1.425021221E-01, 2.251862306E-02, 1.108167188E+03
         6, 1.575001816E-01, 7.505774562E-03, 1.575001816E-01, 7.505774562E-03, 1.106803454E+03
         7, 1.275159786E-01, 5.254036566E-02, 1.275159786E-01, 5.254036566E-02, 1.109573742E+03
         8, 1.425066283E-01, 3.753145956E-02, 1.425066283E-01, 3.753145956E-02, 1.108171299E+03
         9, 1.575015820E-01, 2.251732001E-02, 1.575015820E-01, 2.251732001E-02, 1.106806283E+03
        10, 1.725000455E-01, 7.504694725E-03, 1.725000455E-01, 7.504694725E-03, 1.105470515E+03
        11, 1.275320302E-01, 6.755491358E-02, 1.275320302E-01, 6.755491358E-02, 1.109578846E+03
        12, 1.425164675E-01, 5.254566016E-02, 1.425164675E-01, 5.254566016E-02, 1.108177233E+03
        13, 1.575056691E-01, 3.752924057E-02, 1.575056691E-01, 3.752924057E-02, 1.106811963E+03
        14, 1.725013879E-01, 2.251488682E-02, 1.725013879E-01, 2.251488682E-02, 1.105474180E+03
        15, 1.875002105E-01, 7.504309910E-03, 1.875002105E-01, 7.504309910E-03, 1.104153781E+03
        16, 1.275735443E-01, 8.257177909E-02, 1.275735443E-01, 8.257177909E-02, 1.109583168E+03
        17, 1.425362646E-01, 6.756198391E-02, 1.425362646E-01, 6.756198391E-02, 1.108184555E+03
        18, 1.575158518E-01, 5.254243467E-02, 1.575158518E-01, 5.254243467E-02, 1.106820184E+03
        19, 1.725050632E-01, 3.752681883E-02, 1.725050632E-01, 3.752681883E-02, 1.105481567E+03
        20, 1.875007241E-01, 2.251371591E-02, 1.875007241E-01, 2.251371591E-02, 1.104158255E+03
        21, 2.024997627E-01, 7.503593492E-03, 2.024997627E-01, 7.503593492E-03, 1.102839715E+03
        22, 1.276623158E-01, 9.759109138E-02, 1.276623158E-01, 9.759109138E-02, 1.109584623E+03
        23, 1.425863917E-01, 8.258057383E-02, 1.425863917E-01, 8.258057383E-02, 1.108191365E+03
        24, 1.575388667E-01, 6.755762333E-02, 1.575388667E-01, 6.755762333E-02, 1.106830359E+03
        25, 1.725146902E-01, 5.254014931E-02, 1.725146902E-01, 5.254014931E-02, 1.105492390E+03
        26, 1.875033033E-01, 3.752496309E-02, 1.875033033E-01, 3.752496309E-02, 1.104167226E+03
        27, 2.025005877E-01, 2.251160433E-02, 2.025005877E-01, 2.251160433E-02, 1.102844512E+03
        28, 2.175003020E-01, 7.503488295E-03, 2.175003020E-01, 7.503488295E-03, 1.101516480E+03
        29, 1.278859759E-01, 1.126112438E-01, 1.278859759E-01, 1.126112438E-01, 1.109574954E+03
        30, 1.426962971E-01, 9.760176736E-02, 1.426962971E-01, 9.760176736E-02, 1.108194964E+03
        31, 1.575975625E-01, 8.257476881E-02, 1.575975625E-01, 8.257476881E-02, 1.106840445E+03
        32, 1.725392369E-01, 6.755558842E-02, 1.725392369E-01, 6.755558842E-02, 1.105505924E+03
        33, 1.875121056E-01, 5.253782599E-02, 1.875121056E-01, 5.253782599E-02, 1.104180422E+03
        34, 2.025030121E-01, 3.752170972E-02, 2.025030121E-01, 3.752170972E-02, 1.102854215E+03
        35, 2.175004062E-01, 2.251126578E-02, 2.175004062E-01, 2.251126578E-02, 1.101520949E+03
        36, 2.324999528E-01, 7.504129213E-03, 2.324999528E-01, 7.504129213E-03, 1.100178249E+03
        37, 1.281791123E-01, 1.276258101E-01, 1.281791123E-01, 1.276258101E-01, 1.109560350E+03
        38, 1.429745422E-01, 1.126200578E-01, 1.429745422E-01, 1.126200578E-01, 1.108185495E+03
        39, 1.577312353E-01, 9.759416489E-02, 1.577312353E-01, 9.759416489E-02, 1.106846986E+03
        40, 1.726051277E-01, 8.257390951E-02, 1.726051277E-01, 8.257390951E-02, 1.105519923E+03
        41, 1.875359304E-01, 6.755359059E-02, 1.875359304E-01, 6.755359059E-02, 1.104197231E+03
        42, 2.025101666E-01, 5.253365456E-02, 2.025101666E-01, 5.253365456E-02, 1.102868712E+03
        43, 2.175018396E-01, 3.752121041E-02, 2.175018396E-01, 3.752121041E-02, 1.101529952E+03
        44, 2.325002049E-01, 2.251235367E-02, 2.325002049E-01, 2.251235367E-02, 1.100181372E+03
        45, 2.475000063E-01, 7.503961556E-03, 2.475000063E-01, 7.503961556E-03, 1.098826964E+03
        46, 1.433655582E-01, 1.276363995E-01, 1.433655582E-01, 1.276363995E-01, 1.108168150E+03
        47, 1.284654315E-01, 1.426320487E-01, 1.284654315E-01, 1.426320487E-01, 1.109547855E+03
        48, 1.580637268E-01, 1.126083911E-01, 1.580637268E-01, 1.126083911E-01, 1.106839119E+03
        49, 1.727648798E-01, 9.759365530E-02, 1.727648798E-01, 9.759365530E-02, 1.105529934E+03
        50, 1.876070980E-01, 8.257220078E-02, 1.876070980E-01, 8.257220078E-02, 1.104215027E+03
        51, 2.025334757E-01, 6.754901040E-02, 2.025334757E-01, 6.754901040E-02, 1.102887271E+03
        52, 2.175083116E-01, 5.253317291E-02, 2.175083116E-01, 5.253317291E-02, 1.101543362E+03
        53, 2.325014397E-01, 3.752124034E-02, 2.325014397E-01, 3.752124034E-02, 1.100187670E+03
        54, 2.475001695E-01, 2.251184404E-02, 2.475001695E-01, 2.251184404E-02, 1.098828065E+03
        55, 2.624994044E-01, 7.502187536E-03, 2.624994044E-01, 7.502187536E-03, 1.097470837E+03
        56, 1.437524777E-01, 1.426338160E-01, 1.437524777E-01, 1.426338160E-01, 1.108153429E+03
        57, 1.585582356E-01, 1.276176435E-01, 1.585582356E-01, 1.276176435E-01, 1.106820391E+03
        58, 1.731439023E-01, 1.126048795E-01, 1.731439023E-01, 1.126048795E-01, 1.105525286E+03
        59, 1.877920609E-01, 9.759453045E-02, 1.877920609E-01, 9.759453045E-02, 1.104228335E+03
        60, 2.026048621E-01, 8.256880129E-02, 2.026048621E-01, 8.256880129E-02, 1.102907438E+03
        61, 2.175288425E-01, 6.754887562E-02, 2.175288425E-01, 6.754887562E-02, 1.101560707E+03
        62, 2.325067221E-01, 5.253228431E-02, 2.325067221E-01, 5.253228431E-02, 1.100197015E+03
        63, 2.475010772E-01, 3.752045774E-02, 2.475010772E-01, 3.752045774E-02, 1.098830256E+03
        64, 2.624995313E-01, 2.250654662E-02, 2.624995313E-01, 2.250654662E-02, 1.097469667E+03
        65, 2.775000386E-01, 7.500540611E-03, 2.775000386E-01, 7.500540611E-03, 1.096119947E+03
        66, 1.590720992E-01, 1.426132574E-01, 1.590720992E-01, 1.426132574E-01, 1.106803414E+03
        67, 1.441642858E-01, 1.576166237E-01, 1.441642858E-01, 1.576166237E-01, 1.108138674E+03
        68, 1.737349546E-01, 1.276154801E-01, 1.737349546E-01, 1.276154801E-01, 1.105507120E+03
        69, 1.882140873E-01, 1.126094633E-01, 1.882140873E-01, 1.126094633E-01, 1.104226904E+03
        70, 2.028060836E-01, 9.759151777E-02, 2.028060836E-01, 9.759151777E-02, 1.102922518E+03
        71, 2.175983720E-01, 8.256953605E-02, 2.175983720E-01, 8.256953605E-02, 1.101579304E+03
        72, 2.325255854E-01, 6.754678406E-02, 2.325255854E-01, 6.754678406E-02, 1.100208776E+03
        73, 2.475056135E-01, 5.253149856E-02, 2.475056135E-01, 5.253149856E-02, 1.098833324E+03
        74, 2.625002023E-01, 3.751175321E-02, 2.625002023E-01, 3.751175321E-02, 1.097467251E+03
        75, 2.775001050E-01, 2.250159654E-02, 2.775001050E-01, 2.250159654E-02, 1.096116754E+03
        76, 2.924990459E-01, 7.497848065E-03, 2.924990459E-01, 7.497848065E-03, 1.094782693E+03
        77, 1.595933062E-01, 1.575904836E-01, 1.595933062E-01, 1.575904836E-01, 1.106789233E+03
        78, 1.743898083E-01, 1.426109788E-01, 1.743898083E-01, 1.426109788E-01, 1.105488559E+03
        79, 1.445821637E-01, 1.725804283E-01, 1.445821637E-01, 1.725804283E-01, 1.108125458E+03
        80, 1.888962985E-01, 1.276217155E-01, 1.888962985E-01, 1.276217155E-01, 1.104209470E+03
        81, 2.032680096E-01, 1.126107182E-01, 2.032680096E-01, 1.126107182E-01, 1.102921641E+03
        82, 2.178102457E-01, 9.759376125E-02, 2.178102457E-01, 9.759376125E-02, 1.101591327E+03
        83, 2.325919050E-01, 8.256603412E-02, 2.325919050E-01, 8.256603412E-02, 1.100220149E+03
        84, 2.475223076E-01, 6.754647639E-02, 2.475223076E-01, 6.754647639E-02, 1.098836564E+03
        85, 2.625048940E-01, 5.252186580E-02, 2.625048940E-01, 5.252186580E-02, 1.097463218E+03
        86, 2.775005302E-01, 3.750340060E-02, 2.775005302E-01, 3.750340060E-02, 1.096110219E+03
        87, 2.924991124E-01, 2.249349795E-02, 2.924991124E-01, 2.249349795E-02, 1.094778216E+03
        88, 3.074963986E-01, 7.484264230E-03, 3.074963986E-01, 7.484264230E-03, 1.093460670E+03
        89, 1.750369674E-01, 1.575899847E-01, 1.750369674E-01, 1.575899847E-01, 1.105475951E+03
        90, 1.600865940E-01, 1.725493881E-01, 1.600865940E-01, 1.725493881E-01, 1.106780817E+03
        91, 1.897024355E-01, 1.426204716E-01, 1.897024355E-01, 1.426204716E-01, 1.104188486E+03
        92, 1.449525917E-01, 1.875427959E-01, 1.449525917E-01, 1.875427959E-01, 1.108118362E+03
        93, 2.040437468E-01, 1.276231323E-01, 2.040437468E-01, 1.276231323E-01, 1.102900960E+03
        94, 2.183008945E-01, 1.126123330E-01, 2.183008945E-01, 1.126123330E-01, 1.101584999E+03
        95, 2.328051600E-01, 9.759034316E-02, 2.328051600E-01, 9.759034316E-02, 1.100222260E+03
        96, 2.475839679E-01, 8.256683373E-02, 2.475839679E-01, 8.256683373E-02, 1.098837017E+03
        97, 2.625191615E-01, 6.753708818E-02, 2.625191615E-01, 6.753708818E-02, 1.097456973E+03
        98, 2.775037339E-01, 5.251157531E-02, 2.775037339E-01, 5.251157531E-02, 1.096099959E+03
        99, 2.924993443E-01, 3.748939368E-02, 2.924993443E-01, 3.748939368E-02, 1.094769087E+03
       100, 3.074964512E-01, 2.245284162E-02, 3.074964512E-01, 2.245284162E-02, 1.093455849E+03
       101, 3.225014931E-01, 7.477876731E-03, 3.225014931E-01, 7.477876731E-03, 1.092146777E+03
       102, 1.756151082E-01, 1.725496581E-01, 1.756151082E-01, 1.725496581E-01, 1.105474533E+03
       103, 1.904788831E-01, 1.575943691E-01, 1.904788831E-01, 1.575943691E-01, 1.104177711E+03
       104, 1.605043179E-01, 1.875035521E-01, 1.605043179E-01, 1.875035521E-01, 1.106782021E+03
       105, 2.049908797E-01, 1.426148913E-01, 2.049908797E-01, 1.426148913E-01, 1.102873874E+03
       106, 1.452544279E-01, 2.025052250E-01, 1.452544279E-01, 2.025052250E-01, 1.108118899E+03
       107, 2.191599931E-01, 1.276267818E-01, 2.191599931E-01, 1.276267818E-01, 1.101552591E+03
       108, 2.333066230E-01, 1.126155695E-01, 2.333066230E-01, 1.126155695E-01, 1.100201931E+03
       109, 2.477888922E-01, 9.759409717E-02, 2.477888922E-01, 9.759409717E-02, 1.098825486E+03
       110, 2.625759692E-01, 8.255985304E-02, 2.625759692E-01, 8.255985304E-02, 1.097445342E+03
       111, 2.775167320E-01, 6.752513593E-02, 2.775167320E-01, 6.752513593E-02, 1.096085075E+03
       112, 2.925017900E-01, 5.248872862E-02, 2.925017900E-01, 5.248872862E-02, 1.094754920E+03
       113, 3.074956755E-01, 3.741864490E-02, 3.074956755E-01, 3.741864490E-02, 1.093446115E+03
       114, 3.225004606E-01, 2.243010140E-02, 3.225004606E-01, 2.243010140E-02, 1.092142415E+03
       115, 3.375016352E-01, 7.486915555E-03, 3.375016352E-01, 7.486915555E-03, 1.090830377E+03
       116, 1.911364493E-01, 1.725582502E-01, 1.911364493E-01, 1.725582502E-01, 1.104185230E+03
       117, 1.760737844E-01, 1.875016016E-01, 1.760737844E-01, 1.875016016E-01, 1.105488349E+03
       118, 2.058907484E-01, 1.575946661E-01, 2.058907484E-01, 1.575946661E-01, 1.102860747E+03
       119, 1.608342691E-01, 2.024625625E-01, 1.608342691E-01, 2.024625625E-01, 1.106793455E+03
       120, 2.202533112E-01, 1.426212420E-01, 2.202533112E-01, 1.426212420E-01, 1.101506544E+03
       121, 1.454964981E-01, 2.174736707E-01, 1.454964981E-01, 2.174736707E-01, 1.108125923E+03
       122, 2.342079305E-01, 1.276230635E-01, 2.342079305E-01, 1.276230635E-01, 1.100147835E+03
       123, 2.482839271E-01, 1.126201721E-01, 2.482839271E-01, 1.126201721E-01, 1.098787602E+03
       124, 2.627661734E-01, 9.759037041E-02, 2.627661734E-01, 9.759037041E-02, 1.097419569E+03
       125, 2.775645782E-01, 8.254473507E-02, 2.775645782E-01, 8.254473507E-02, 1.096062909E+03
       126, 2.925131906E-01, 6.749091973E-02, 2.925131906E-01, 6.749091973E-02, 1.094734791E+03
       127, 3.074935616E-01, 5.236966565E-02, 3.074935616E-01, 5.236966565E-02, 1.093431372E+03
       128, 3.225015914E-01, 3.737581939E-02, 3.225015914E-01, 3.737581939E-02, 1.092133261E+03
       129, 3.375031196E-01, 2.245707270E-02, 3.375031196E-01, 2.245707270E-02, 1.090826507E+03
       130, 3.525014388E-01, 7.495625500E-03, 3.525014388E-01, 7.495625500E-03, 1.089497533E+03
       131, 2.066360525E-01, 1.725625026E-01, 2.066360525E-01, 1.725625026E-01, 1.102872408E+03
       132, 1.916476622E-01, 1.875189591E-01, 1.916476622E-01, 1.875189591E-01, 1.104213668E+03
       133, 1.764213377E-01, 2.024624787E-01, 1.764213377E-01, 2.024624787E-01, 1.105516294E+03
       134, 2.212992121E-01, 1.575945195E-01, 2.212992121E-01, 1.575945195E-01, 1.101473620E+03
       135, 1.610833563E-01, 2.174317460E-01, 1.610833563E-01, 2.174317460E-01, 1.106814004E+03
       136, 2.354523986E-01, 1.426288242E-01, 2.354523986E-01, 1.426288242E-01, 1.100063605E+03
       137, 1.456816315E-01, 2.324487073E-01, 1.456816315E-01, 2.324487073E-01, 1.108138727E+03
       138, 2.491758007E-01, 1.276338718E-01, 2.491758007E-01, 1.276338718E-01, 1.098711722E+03
       139, 2.632242922E-01, 1.126194316E-01, 2.632242922E-01, 1.126194316E-01, 1.097366215E+03
       140, 2.777329596E-01, 9.757258439E-02, 2.777329596E-01, 9.757258439E-02, 1.096025002E+03
       141, 2.925546974E-01, 8.249460448E-02, 2.925546974E-01, 8.249460448E-02, 1.094706376E+03
       142, 3.075027174E-01, 6.730882766E-02, 3.075027174E-01, 6.730882766E-02, 1.093410275E+03
       143, 3.225055966E-01, 5.230079715E-02, 3.225055966E-01, 5.230079715E-02, 1.092119189E+03
       144, 3.375031166E-01, 3.742307199E-02, 3.375031166E-01, 3.742307199E-02, 1.090818890E+03
       145, 3.525016007E-01, 2.248712530E-02, 3.525016007E-01, 2.248712530E-02, 1.089494586E+03
       146, 3.675005039E-01, 7.500961479E-03, 3.675005039E-01, 7.500961479E-03, 1.088135859E+03
       147, 2.221522299E-01, 1.725635436E-01, 2.221522299E-01, 1.725635436E-01, 1.101469604E+03
       148, 2.072221517E-01, 1.875301667E-01, 2.072221517E-01, 1.875301667E-01, 1.102911074E+03
       149, 1.920173744E-01, 2.024782655E-01, 1.920173744E-01, 2.024782655E-01, 1.104262647E+03
       150, 1.766789407E-01, 2.174342180E-01, 1.766789407E-01, 2.174342180E-01, 1.105556026E+03
       151, 2.366917302E-01, 1.575938410E-01, 2.366917302E-01, 1.575938410E-01, 1.099980907E+03
       152, 1.612611429E-01, 2.324112275E-01, 1.612611429E-01, 2.324112275E-01, 1.106842188E+03
       153, 2.505897661E-01, 1.426506456E-01, 2.505897661E-01, 1.426506456E-01, 1.098583176E+03
       154, 1.458160218E-01, 2.474297829E-01, 1.458160218E-01, 2.474297829E-01, 1.108156296E+03
       155, 2.640895597E-01, 1.276475693E-01, 2.640895597E-01, 1.276475693E-01, 1.097270371E+03
       156, 2.781392940E-01, 1.126007955E-01, 2.781392940E-01, 1.126007955E-01, 1.095959451E+03
       157, 2.926970515E-01, 9.750129220E-02, 2.926970515E-01, 9.750129220E-02, 1.094662718E+03
       158, 3.075331887E-01, 8.224157822E-02, 3.075331887E-01, 8.224157822E-02, 1.093381626E+03
       159, 3.225120465E-01, 6.720814279E-02, 3.225120465E-01, 6.720814279E-02, 1.092100118E+03
       160, 3.375056601E-01, 5.238172298E-02, 3.375056601E-01, 5.238172298E-02, 1.090807150E+03
       161, 3.525018633E-01, 3.747818028E-02, 3.525018633E-01, 3.747818028E-02, 1.089488561E+03
       162, 3.675004973E-01, 2.250312885E-02, 3.675004973E-01, 2.250312885E-02, 1.088133674E+03
       163, 3.825000558E-01, 7.502331454E-03, 3.825000558E-01, 7.502331454E-03, 1.086735526E+03
       164, 2.376642465E-01, 1.725660455E-01, 2.376642465E-01, 1.725660455E-01, 1.099925712E+03
       165, 2.227919645E-01, 1.875324737E-01, 2.227919645E-01, 1.875324737E-01, 1.101499942E+03
       166, 2.076176930E-01, 2.024948155E-01, 2.076176930E-01, 2.024948155E-01, 1.102981325E+03
       167, 1.922685738E-01, 2.174487042E-01, 1.922685738E-01, 2.174487042E-01, 1.104330063E+03
       168, 1.768333498E-01, 2.324101768E-01, 1.768333498E-01, 2.324101768E-01, 1.105607641E+03
       169, 2.520903842E-01, 1.575873024E-01, 2.520903842E-01, 1.575873024E-01, 1.098441135E+03
       170, 1.613542551E-01, 2.474010440E-01, 1.613542551E-01, 2.474010440E-01, 1.106878304E+03
       171, 2.657029532E-01, 1.426318797E-01, 2.657029532E-01, 1.426318797E-01, 1.097096169E+03
       172, 1.459024322E-01, 2.624280670E-01, 1.459024322E-01, 2.624280670E-01, 1.108177863E+03
       173, 2.789631651E-01, 1.276217667E-01, 2.789631651E-01, 1.276217667E-01, 1.095847698E+03
       174, 2.930411223E-01, 1.125128941E-01, 2.930411223E-01, 1.125128941E-01, 1.094593878E+03
       175, 3.076412136E-01, 9.716182515E-02, 3.076412136E-01, 9.716182515E-02, 1.093340104E+03
       176, 3.225378768E-01, 8.210699769E-02, 3.225378768E-01, 8.210699769E-02, 1.092074422E+03
       177, 3.375098256E-01, 6.733182948E-02, 3.375098256E-01, 6.733182948E-02, 1.090791323E+03
       178, 3.525033204E-01, 5.246728306E-02, 3.525033204E-01, 5.246728306E-02, 1.089479367E+03
       179, 3.675006415E-01, 3.750560371E-02, 3.675006415E-01, 3.750560371E-02, 1.088129155E+03
       180, 3.825001093E-01, 2.250698583E-02, 3.825001093E-01, 2.250698583E-02, 1.086733957E+03
       181, 2.531899056E-01, 1.725513603E-01, 2.531899056E-01, 1.725513603E-01, 1.098334591E+03
       182, 2.383487621E-01, 1.875458511E-01, 2.383487621E-01, 1.875458511E-01, 1.099901210E+03
       183, 2.232045760E-01, 2.025231661E-01, 2.232045760E-01, 2.025231661E-01, 1.101571300E+03
       184, 2.078463705E-01, 2.174771073E-01, 2.078463705E-01, 2.174771073E-01, 1.103083123E+03
       185, 1.923803599E-01, 2.324339086E-01, 1.923803599E-01, 2.324339086E-01, 1.104416668E+03
       186, 1.768691732E-01, 2.474110934E-01, 1.768691732E-01, 2.474110934E-01, 1.105671048E+03
       187, 2.675252104E-01, 1.575542890E-01, 2.675252104E-01, 1.575542890E-01, 1.096891481E+03
       188, 1.613903089E-01, 2.624074222E-01, 1.613903089E-01, 2.624074222E-01, 1.106919175E+03
       189, 2.808328443E-01, 1.426003796E-01, 2.808328443E-01, 1.426003796E-01, 1.095627571E+03
       190, 2.937772668E-01, 1.275209723E-01, 2.937772668E-01, 1.275209723E-01, 1.094481543E+03
       191, 3.079052544E-01, 1.120797968E-01, 3.079052544E-01, 1.120797968E-01, 1.093278371E+03
       192, 3.226224467E-01, 9.700510504E-02, 3.226224467E-01, 9.700510504E-02, 1.092038506E+03
       193, 3.375265372E-01, 8.227589613E-02, 3.375265372E-01, 8.227589613E-02, 1.090770422E+03
       194, 3.525075743E-01, 6.745465117E-02, 3.525075743E-01, 6.745465117E-02, 1.089466856E+03
       195, 3.675012552E-01, 5.250863491E-02, 3.675012552E-01, 5.250863491E-02, 1.088122292E+03
       196, 3.825001653E-01, 3.751194994E-02, 3.825001653E-01, 3.751194994E-02, 1.086730689E+03
       197, 2.687773755E-01, 1.725001350E-01, 2.687773755E-01, 1.725001350E-01, 1.096733551E+03
       198, 2.539306333E-01, 1.875331490E-01, 2.539306333E-01, 1.875331490E-01, 1.098260939E+03
       199, 2.387816233E-01, 2.025373693E-01, 2.387816233E-01, 2.025373693E-01, 1.099904796E+03
       200, 2.234351881E-01, 2.175095430E-01, 2.234351881E-01, 2.175095430E-01, 1.101686353E+03
       201, 2.079269354E-01, 2.324644558E-01, 2.079269354E-01, 2.324644558E-01, 1.103216216E+03
       202, 1.923434374E-01, 2.474263873E-01, 1.923434374E-01, 2.474263873E-01, 1.104521052E+03
       203, 1.768175494E-01, 2.624097882E-01, 1.768175494E-01, 2.624097882E-01, 1.105742045E+03
       204, 2.830464238E-01, 1.574378281E-01, 2.830464238E-01, 1.574378281E-01, 1.095361003E+03
       205, 2.961113516E-01, 1.424333530E-01, 2.961113516E-01, 1.424333530E-01, 1.094216359E+03
       206, 3.085233781E-01, 1.270098047E-01, 3.085233781E-01, 1.270098047E-01, 1.093178655E+03
       207, 3.228080562E-01, 1.119092967E-01, 3.228080562E-01, 1.119092967E-01, 1.091988580E+03
       208, 3.375731442E-01, 9.722603858E-02, 3.375731442E-01, 9.722603858E-02, 1.090742881E+03
       209, 3.525193697E-01, 8.243976009E-02, 3.525193697E-01, 8.243976009E-02, 1.089450633E+03
       210, 3.675027302E-01, 6.751393228E-02, 3.675027302E-01, 6.751393228E-02, 1.088113062E+03
       211, 3.825003510E-01, 5.251791554E-02, 3.825003510E-01, 5.251791554E-02, 1.086725728E+03
       212, 2.844434812E-01, 1.723824242E-01, 2.844434812E-01, 1.723824242E-01, 1.095156322E+03
       213, 2.695577051E-01, 1.874830893E-01, 2.695577051E-01, 1.874830893E-01, 1.096614504E+03
       214, 2.543814282E-01, 2.025286150E-01, 2.543814282E-01, 2.025286150E-01, 1.098214996E+03
       215, 2.390328945E-01, 2.175376231E-01, 2.390328945E-01, 2.175376231E-01, 1.099929067E+03
       216, 2.235131322E-01, 2.325092702E-01, 2.235131322E-01, 2.325092702E-01, 1.101852889E+03
       217, 2.078257111E-01, 2.474560384E-01, 2.078257111E-01, 2.474560384E-01, 1.103382947E+03
       218, 1.921652123E-01, 2.624268109E-01, 1.921652123E-01, 2.624268109E-01, 1.104639459E+03
       219, 2.988686941E-01, 1.570746980E-01, 2.988686941E-01, 1.570746980E-01, 1.093905244E+03
       220, 3.118159087E-01, 1.417287038E-01, 3.118159087E-01, 1.417287038E-01, 1.092841218E+03
       221, 3.232497432E-01, 1.268303665E-01, 3.232497432E-01, 1.268303665E-01, 1.091911279E+03
       222, 3.376881357E-01, 1.121828793E-01, 3.376881357E-01, 1.121828793E-01, 1.090705371E+03
       223, 3.525487221E-01, 9.741914462E-02, 3.525487221E-01, 9.741914462E-02, 1.089429846E+03
       224, 3.675082762E-01, 8.252212886E-02, 3.675082762E-01, 8.252212886E-02, 1.088101220E+03
       225, 3.825008188E-01, 6.752553245E-02, 3.825008188E-01, 6.752553245E-02, 1.086719081E+03
       226, 3.002737335E-01, 1.720679927E-01, 3.002737335E-01, 1.720679927E-01, 1.093703020E+03
       227, 2.852390345E-01, 1.873834125E-01, 2.852390345E-01, 1.873834125E-01, 1.094991246E+03
       228, 2.700112397E-01, 2.024856022E-01, 2.700112397E-01, 2.024856022E-01, 1.096522011E+03
       229, 2.546445425E-01, 2.175328557E-01, 2.546445425E-01, 2.175328557E-01, 1.098187471E+03
       230, 2.391380247E-01, 2.325415404E-01, 2.391380247E-01, 2.325415404E-01, 1.099968395E+03
       231, 2.233893970E-01, 2.475050912E-01, 2.233893970E-01, 2.475050912E-01, 1.102092102E+03
       232, 2.074864373E-01, 2.624379605E-01, 2.074864373E-01, 2.624379605E-01, 1.103582195E+03
       233, 3.153447252E-01, 1.561843152E-01, 3.153447252E-01, 1.561843152E-01, 1.092483908E+03
       234, 3.234508281E-01, 1.387959501E-01, 3.234508281E-01, 1.387959501E-01, 1.091858258E+03
       235, 3.379467997E-01, 1.271363775E-01, 3.379467997E-01, 1.271363775E-01, 1.090651500E+03
       236, 3.526015137E-01, 1.123923597E-01, 3.526015137E-01, 1.123923597E-01, 1.089404056E+03
       237, 3.675192190E-01, 9.753148972E-02, 3.675192190E-01, 9.753148972E-02, 1.088086702E+03
       238, 3.825021490E-01, 8.253515691E-02, 3.825021490E-01, 8.253515691E-02, 1.086710745E+03
       239, 3.162914240E-01, 1.716455178E-01, 3.162914240E-01, 1.716455178E-01, 1.092336583E+03
       240, 3.010034246E-01, 1.871542936E-01, 3.010034246E-01, 1.871542936E-01, 1.093547509E+03
       241, 2.856764039E-01, 2.023970272E-01, 2.856764039E-01, 2.023970272E-01, 1.094839195E+03
       242, 2.702762656E-01, 2.174981385E-01, 2.702762656E-01, 2.174981385E-01, 1.096444533E+03
       243, 2.547959240E-01, 2.325376374E-01, 2.547959240E-01, 2.325376374E-01, 1.098171205E+03
       244, 2.390802346E-01, 2.475471196E-01, 2.390802346E-01, 2.475471196E-01, 1.100020704E+03
       245, 2.228437919E-01, 2.624605197E-01, 2.228437919E-01, 2.624605197E-01, 1.102454279E+03
       246, 3.320733704E-01, 1.560598417E-01, 3.320733704E-01, 1.560598417E-01, 1.091073985E+03
       247, 3.350858969E-01, 1.417510013E-01, 3.350858969E-01, 1.417510013E-01, 1.090861427E+03
       248, 3.527268696E-01, 1.273665835E-01, 3.527268696E-01, 1.273665835E-01, 1.089369034E+03
       249, 3.675216492E-01, 1.125408636E-01, 3.675216492E-01, 1.125408636E-01, 1.088070857E+03
       250, 3.825032150E-01, 9.754826903E-02, 3.825032150E-01, 9.754826903E-02, 1.086700881E+03
       251, 3.323977616E-01, 1.716044794E-01, 3.323977616E-01, 1.716044794E-01, 1.090996009E+03
       252, 3.168195419E-01, 1.868986068E-01, 3.168195419E-01, 1.868986068E-01, 1.092218329E+03
       253, 3.013892271E-01, 2.022389438E-01, 3.013892271E-01, 2.022389438E-01, 1.093407711E+03
       254, 2.859195967E-01, 2.174237310E-01, 2.859195967E-01, 2.174237310E-01, 1.094678457E+03
       255, 2.704670952E-01, 2.325130540E-01, 2.704670952E-01, 2.325130540E-01, 1.096373693E+03
       256, 2.548933236E-01, 2.475456104E-01, 2.548933236E-01, 2.475456104E-01, 1.098160424E+03
       257, 2.386679067E-01, 2.625759721E-01, 2.386679067E-01, 2.625759721E-01, 1.100105271E+03
       258, 3.488805579E-01, 1.569188804E-01, 3.488805579E-01, 1.569188804E-01, 1.089644936E+03
       259, 3.510213723E-01, 1.423022974E-01, 3.510213723E-01, 1.423022974E-01, 1.089491102E+03
       260, 3.675474224E-01, 1.275505125E-01, 3.675474224E-01, 1.275505125E-01, 1.088050884E+03
       261, 3.824806660E-01, 1.125633466E-01, 3.824806660E-01, 1.125633466E-01, 1.086691761E+03
       262, 3.485759594E-01, 1.720403936E-01, 3.485759594E-01, 1.720403936E-01, 1.089635679E+03
       263, 3.327174626E-01, 1.868898996E-01, 3.327174626E-01, 1.868898996E-01, 1.090915180E+03
       264, 3.171124103E-01, 2.020745935E-01, 3.171124103E-01, 2.020745935E-01, 1.092112531E+03
       265, 3.015804148E-01, 2.173095793E-01, 3.015804148E-01, 2.173095793E-01, 1.093268289E+03
       266, 2.861167980E-01, 2.324516425E-01, 2.861167980E-01, 2.324516425E-01, 1.094484992E+03
       267, 2.707138811E-01, 2.475311964E-01, 2.707138811E-01, 2.475311964E-01, 1.096300008E+03
       268, 2.550940069E-01, 2.625977302E-01, 2.550940069E-01, 2.625977302E-01, 1.098137679E+03
       269, 3.650966637E-01, 1.574442583E-01, 3.650966637E-01, 1.574442583E-01, 1.088228642E+03
       270, 3.665513962E-01, 1.425960217E-01, 3.665513962E-01, 1.425960217E-01, 1.088120906E+03
       271, 3.824467531E-01, 1.275797232E-01, 3.824467531E-01, 1.275797232E-01, 1.086682300E+03
       272, 3.486425535E-01, 1.871506006E-01, 3.486425535E-01, 1.871506006E-01, 1.089592256E+03
       273, 3.646069317E-01, 1.724103960E-01, 3.646069317E-01, 1.724103960E-01, 1.088247616E+03
       274, 3.328605866E-01, 2.020707190E-01, 3.328605866E-01, 2.020707190E-01, 1.090845371E+03
       275, 3.172357698E-01, 2.172106879E-01, 3.172357698E-01, 2.172106879E-01, 1.092012988E+03
       276, 3.017367506E-01, 2.323653709E-01, 3.017367506E-01, 2.323653709E-01, 1.093113793E+03
       277, 2.864180806E-01, 2.474733485E-01, 2.864180806E-01, 2.474733485E-01, 1.094227854E+03
       278, 2.713933229E-01, 2.625321646E-01, 2.713933229E-01, 2.625321646E-01, 1.096180172E+03
       279, 3.818168610E-01, 1.426181003E-01, 3.818168610E-01, 1.426181003E-01, 1.086727085E+03
       280, 3.645069771E-01, 1.874229283E-01, 3.645069771E-01, 1.874229283E-01, 1.088230432E+03
       281, 3.486355015E-01, 2.022441232E-01, 3.486355015E-01, 2.022441232E-01, 1.089552866E+03
       282, 3.328965391E-01, 2.172063461E-01, 3.328965391E-01, 2.172063461E-01, 1.090780691E+03
       283, 3.173224509E-01, 2.323054433E-01, 3.173224509E-01, 2.323054433E-01, 1.091909309E+03
       284, 3.019937840E-01, 2.474052853E-01, 3.019937840E-01, 2.474052853E-01, 1.092933148E+03
       285, 2.871010066E-01, 2.624434826E-01, 2.871010066E-01, 2.624434826E-01, 1.093851180E+03
       286, 3.643756078E-01, 2.024269514E-01, 3.643756078E-01, 2.024269514E-01, 1.088214677E+03
       287, 3.485683449E-01, 2.173097829E-01, 3.485683449E-01, 2.173097829E-01, 1.089516569E+03
       288, 3.329044465E-01, 2.322999223E-01, 3.329044465E-01, 2.322999223E-01, 1.090715271E+03
       289, 3.174912618E-01, 2.473679677E-01, 3.174912618E-01, 2.473679677E-01, 1.091793766E+03
       290, 3.024620695E-01, 2.624094263E-01, 3.024620695E-01, 2.624094263E-01, 1.092723883E+03
       291, 3.642365513E-01, 2.174328633E-01, 3.642365513E-01, 2.174328633E-01, 1.088198443E+03
       292, 3.485039909E-01, 2.323566203E-01, 3.485039909E-01, 2.323566203E-01, 1.089478619E+03
       293, 3.329684155E-01, 2.473673900E-01, 3.329684155E-01, 2.473673900E-01, 1.090643455E+03
       294, 3.177871584E-01, 2.624054003E-01, 3.177871584E-01, 2.624054003E-01, 1.091666287E+03
       295, 3.641315678E-01, 2.324330781E-01, 3.641315678E-01, 2.324330781E-01, 1.088178565E+03
       296, 3.484799088E-01, 2.473968903E-01, 3.484799088E-01, 2.473968903E-01, 1.089436551E+03
       297, 3.331356140E-01, 2.624155133E-01, 3.331356140E-01, 2.624155133E-01, 1.090563327E+03
       298, 3.640496733E-01, 2.474365346E-01, 3.640496733E-01, 2.474365346E-01, 1.088156364E+03
       299, 3.485398142E-01, 2.624226069E-01, 3.485398142E-01, 2.624226069E-01, 1.089387819E+03
       300, 3.640335619E-01, 2.624418867E-01, 3.640335619E-01, 2.624418867E-01, 1.088128777E+03
       301, 5.023432211E-01, 4.125046115E-01, 5.023432211E-01, 4.125046115E-01, 1.074014784E+03
       302, 4.870269456E-01, 4.125058496E-01, 4.870269456E-01, 4.125058496E-01, 1.075738430E+03
       303, 5.023631713E-01, 3.975078137E-01, 5.023631713E-01, 3.975078137E-01, 1.074012575E+03
       304, 4.870866798E-01, 3.975128575E-01, 4.870866798E-01, 3.975128575E-01, 1.075731869E+03
       305, 4.717088877E-01, 4.125053049E-01, 4.717088877E-01, 4.125053049E-01, 1.077443745E+03
       306, 5.023825088E-01, 3.825086880E-01, 5.023825088E-01, 3.825086880E-01, 1.074010466E+03
       307, 4.718003655E-01, 3.975105105E-01, 4.718003655E-01, 3.975105105E-01, 1.077433880E+03
       308, 4.871463380E-01, 3.825160402E-01, 4.871463380E-01, 3.825160402E-01, 1.075725414E+03
       309, 4.563886304E-01, 4.125035772E-01, 4.563886304E-01, 4.125035772E-01, 1.079118772E+03
       310, 5.023979466E-01, 3.675079556E-01, 5.023979466E-01, 3.675079556E-01, 1.074008828E+03
       311, 4.718914404E-01, 3.825152503E-01, 4.718914404E-01, 3.825152503E-01, 1.077424238E+03
       312, 4.565001565E-01, 3.975049985E-01, 4.565001565E-01, 3.975049985E-01, 1.079107094E+03
       313, 4.871852780E-01, 3.675134601E-01, 4.871852780E-01, 3.675134601E-01, 1.075721378E+03
       314, 4.410621105E-01, 4.125001381E-01, 4.410621105E-01, 4.125001381E-01, 1.080752411E+03
       315, 5.024042082E-01, 3.525051495E-01, 5.024042082E-01, 3.525051495E-01, 1.074008254E+03
       316, 4.719521151E-01, 3.675179726E-01, 4.719521151E-01, 3.675179726E-01, 1.077418130E+03
       317, 4.566044526E-01, 3.825075609E-01, 4.566044526E-01, 3.825075609E-01, 1.079096489E+03
       318, 4.411885346E-01, 3.974983074E-01, 4.411885346E-01, 3.974983074E-01, 1.080739698E+03
       319, 4.872022025E-01, 3.525148539E-01, 4.872022025E-01, 3.525148539E-01, 1.075719900E+03
       320, 4.257284773E-01, 4.124962908E-01, 4.257284773E-01, 4.124962908E-01, 1.082333755E+03
       321, 5.024099754E-01, 3.375067878E-01, 5.024099754E-01, 3.375067878E-01, 1.074007763E+03
       322, 4.566821052E-01, 3.675098514E-01, 4.566821052E-01, 3.675098514E-01, 1.079089048E+03
       323, 4.719878300E-01, 3.525176663E-01, 4.719878300E-01, 3.525176663E-01, 1.077414945E+03
       324, 4.412994967E-01, 3.824954383E-01, 4.412994967E-01, 3.824954383E-01, 1.080729058E+03
       325, 4.258589012E-01, 3.974873047E-01, 4.258589012E-01, 3.974873047E-01, 1.082321383E+03
       326, 4.872217300E-01, 3.375126733E-01, 4.872217300E-01, 3.375126733E-01, 1.075718212E+03
       327, 4.103920097E-01, 4.124941768E-01, 4.103920097E-01, 4.124941768E-01, 1.083851815E+03
       328, 5.024166314E-01, 3.225044414E-01, 5.024166314E-01, 3.225044414E-01, 1.074007195E+03
       329, 4.413823809E-01, 3.674943300E-01, 4.413823809E-01, 3.674943300E-01, 1.080721805E+03
       330, 4.567396617E-01, 3.525118860E-01, 4.567396617E-01, 3.525118860E-01, 1.079084042E+03
       331, 4.720201745E-01, 3.375143651E-01, 4.720201745E-01, 3.375143651E-01, 1.077412288E+03
       332, 4.259661284E-01, 3.824793612E-01, 4.259661284E-01, 3.824793612E-01, 1.082312048E+03
       333, 4.105156650E-01, 3.974838811E-01, 4.105156650E-01, 3.974838811E-01, 1.083841058E+03
       334, 4.872440803E-01, 3.225127744E-01, 4.872440803E-01, 3.225127744E-01, 1.075716284E+03
       335, 3.950521510E-01, 4.124932505E-01, 3.950521510E-01, 4.124932505E-01, 1.085296434E+03
       336, 5.024135874E-01, 3.075025582E-01, 5.024135874E-01, 3.075025582E-01, 1.074007747E+03
       337, 4.414421936E-01, 3.524908846E-01, 4.414421936E-01, 3.524908846E-01, 1.080717388E+03
       338, 4.260424064E-01, 3.674723352E-01, 4.260424064E-01, 3.674723352E-01, 1.082306511E+03
       339, 4.567747209E-01, 3.375082241E-01, 4.567747209E-01, 3.375082241E-01, 1.079081720E+03
       340, 4.720436204E-01, 3.225115680E-01, 4.720436204E-01, 3.225115680E-01, 1.077410758E+03
       341, 4.106100949E-01, 3.824717020E-01, 4.106100949E-01, 3.824717020E-01, 1.083834172E+03
       342, 3.951616423E-01, 3.974809108E-01, 3.951616423E-01, 3.974809108E-01, 1.085288180E+03
       343, 4.872411335E-01, 3.075081202E-01, 4.872411335E-01, 3.075081202E-01, 1.075717266E+03
       344, 3.797106938E-01, 4.124929767E-01, 3.797106938E-01, 4.124929767E-01, 1.086656794E+03
       345, 5.024137480E-01, 2.925044057E-01, 5.024137480E-01, 2.925044057E-01, 1.074007956E+03
       346, 4.414662427E-01, 3.374926545E-01, 4.414662427E-01, 3.374926545E-01, 1.080717120E+03
       347, 4.260870614E-01, 3.524659933E-01, 4.260870614E-01, 3.524659933E-01, 1.082304803E+03
       348, 4.106684225E-01, 3.674586415E-01, 4.106684225E-01, 3.674586415E-01, 1.083831793E+03
       349, 4.567953411E-01, 3.225145784E-01, 4.567953411E-01, 3.225145784E-01, 1.079081190E+03
       350, 4.720454305E-01, 3.075146548E-01, 4.720454305E-01, 3.075146548E-01, 1.077411752E+03
       351, 3.952393534E-01, 3.824685371E-01, 3.952393534E-01, 3.824685371E-01, 1.085284424E+03
       352, 3.798006776E-01, 3.974824898E-01, 3.798006776E-01, 3.974824898E-01, 1.086651717E+03
       353, 4.872416436E-01, 2.925090579E-01, 4.872416436E-01, 2.925090579E-01, 1.075717923E+03
       354, 3.643684950E-01, 4.124946220E-01, 3.643684950E-01, 4.124946220E-01, 1.087920755E+03
       355, 5.024189534E-01, 2.775031452E-01, 5.024189534E-01, 2.775031452E-01, 1.074007610E+03
       356, 4.260927311E-01, 3.374642354E-01, 4.260927311E-01, 3.374642354E-01, 1.082307640E+03
       357, 4.414914740E-01, 3.224952466E-01, 4.414914740E-01, 3.224952466E-01, 1.080717084E+03
       358, 4.106903545E-01, 3.524468763E-01, 4.106903545E-01, 3.524468763E-01, 1.083833897E+03
       359, 3.952796762E-01, 3.674554722E-01, 3.952796762E-01, 3.674554722E-01, 1.085285630E+03
       360, 4.568172280E-01, 3.075121792E-01, 4.568172280E-01, 3.075121792E-01, 1.079080731E+03
       361, 4.720596508E-01, 2.925122311E-01, 4.720596508E-01, 2.925122311E-01, 1.077411484E+03
       362, 3.798571851E-01, 3.824710572E-01, 3.798571851E-01, 3.824710572E-01, 1.086651940E+03
       363, 3.644395858E-01, 3.974878821E-01, 3.644395858E-01, 3.974878821E-01, 1.087919122E+03
       364, 4.872572300E-01, 2.775071060E-01, 4.872572300E-01, 2.775071060E-01, 1.075716938E+03
       365, 3.490265128E-01, 4.124974198E-01, 3.490265128E-01, 4.124974198E-01, 1.089072727E+03
       366, 5.024215444E-01, 2.625025864E-01, 5.024215444E-01, 2.625025864E-01, 1.074007574E+03
       367, 4.106703737E-01, 3.374401373E-01, 4.106703737E-01, 3.374401373E-01, 1.083840970E+03
       368, 4.261072729E-01, 3.224652263E-01, 4.261072729E-01, 3.224652263E-01, 1.082310119E+03
       369, 4.415366551E-01, 3.074987315E-01, 4.415366551E-01, 3.074987315E-01, 1.080715260E+03
       370, 3.952782379E-01, 3.524403979E-01, 3.952782379E-01, 3.524403979E-01, 1.085292122E+03
       371, 3.798752853E-01, 3.674592300E-01, 3.798752853E-01, 3.674592300E-01, 1.086657809E+03
       372, 4.568483677E-01, 2.925091724E-01, 4.568483677E-01, 2.925091724E-01, 1.079079452E+03
       373, 4.720882627E-01, 2.775096401E-01, 4.720882627E-01, 2.775096401E-01, 1.077409715E+03
       374, 3.644779881E-01, 3.824820598E-01, 3.644779881E-01, 3.824820598E-01, 1.087923814E+03
       375, 3.490780194E-01, 3.974963333E-01, 3.490780194E-01, 3.974963333E-01, 1.089075167E+03
       376, 4.872650667E-01, 2.625060142E-01, 4.872650667E-01, 2.625060142E-01, 1.075716866E+03
       377, 3.336850718E-01, 4.124991636E-01, 3.336850718E-01, 4.124991636E-01, 1.090090550E+03
       378, 5.024298403E-01, 2.475043035E-01, 5.024298403E-01, 2.475043035E-01, 1.074006902E+03
       379, 4.106612499E-01, 3.224408268E-01, 4.106612499E-01, 3.224408268E-01, 1.083847812E+03
       380, 3.952308663E-01, 3.374316201E-01, 3.952308663E-01, 3.374316201E-01, 1.085304208E+03
       381, 4.261578881E-01, 3.074751091E-01, 4.261578881E-01, 3.074751091E-01, 1.082309401E+03
       382, 4.415741124E-01, 2.925022335E-01, 4.415741124E-01, 2.925022335E-01, 1.080714528E+03
       383, 3.798487145E-01, 3.524497365E-01, 3.798487145E-01, 3.524497365E-01, 1.086669745E+03
       384, 3.644733155E-01, 3.674777082E-01, 3.644733155E-01, 3.674777082E-01, 1.087935532E+03
       385, 4.568847607E-01, 2.775111318E-01, 4.568847607E-01, 2.775111318E-01, 1.079077756E+03
       386, 4.721006123E-01, 2.625079616E-01, 4.721006123E-01, 2.625079616E-01, 1.077409828E+03
       387, 3.490992017E-01, 3.824964977E-01, 3.490992017E-01, 3.824964977E-01, 1.089085585E+03
       388, 3.337191853E-01, 3.975011707E-01, 3.337191853E-01, 3.975011707E-01, 1.090097886E+03
       389, 4.872897770E-01, 2.475074993E-01, 4.872897770E-01, 2.475074993E-01, 1.075714929E+03
       390, 3.183457145E-01, 4.124999508E-01, 3.183457145E-01, 4.124999508E-01, 1.090940521E+03
       391, 5.024320724E-01, 2.325001201E-01, 5.024320724E-01, 2.325001201E-01, 1.074006923E+03
       392, 4.106911931E-01, 3.074422589E-01, 4.106911931E-01, 3.074422589E-01, 1.083851576E+03
       393, 3.951934822E-01, 3.224243369E-01, 3.951934822E-01, 3.224243369E-01, 1.085316631E+03
       394, 3.797772192E-01, 3.374407073E-01, 3.797772192E-01, 3.374407073E-01, 1.086687649E+03
       395, 4.262037672E-01, 2.924838127E-01, 4.262037672E-01, 2.924838127E-01, 1.082309580E+03
       396, 4.416133011E-01, 2.775087521E-01, 4.416133011E-01, 2.775087521E-01, 1.080713844E+03
       397, 3.644221624E-01, 3.524746673E-01, 3.644221624E-01, 3.524746673E-01, 1.087954372E+03
       398, 3.490788439E-01, 3.674980960E-01, 3.490788439E-01, 3.674980960E-01, 1.089104592E+03
       399, 4.569084931E-01, 2.625136261E-01, 4.569084931E-01, 2.625136261E-01, 1.079077558E+03
       400, 4.721397260E-01, 2.475105980E-01, 4.721397260E-01, 2.475105980E-01, 1.077407030E+03
       401, 3.337278340E-01, 3.825048673E-01, 3.337278340E-01, 3.825048673E-01, 1.090115902E+03
       402, 3.183653270E-01, 3.975028791E-01, 3.183653270E-01, 3.975028791E-01, 1.090954006E+03
       403, 4.872963980E-01, 2.325035425E-01, 4.872963980E-01, 2.325035425E-01, 1.075715048E+03
       404, 3.030070086E-01, 4.125009820E-01, 3.030070086E-01, 4.125009820E-01, 1.091572267E+03
       405, 5.024260713E-01, 2.175013026E-01, 5.024260713E-01, 2.175013026E-01, 1.074007881E+03
       406, 3.951808720E-01, 3.074310732E-01, 3.951808720E-01, 3.074310732E-01, 1.085327859E+03
       407, 4.107266559E-01, 2.924650329E-01, 4.107266559E-01, 2.924650329E-01, 1.083855413E+03
       408, 3.797039835E-01, 3.224343694E-01, 3.797039835E-01, 3.224343694E-01, 1.086707617E+03
       409, 3.643286162E-01, 3.374723664E-01, 3.643286162E-01, 3.374723664E-01, 1.087979809E+03
       410, 4.262330182E-01, 2.774968551E-01, 4.262330182E-01, 2.774968551E-01, 1.082311806E+03
       411, 4.416486715E-01, 2.625132774E-01, 4.416486715E-01, 2.625132774E-01, 1.080713753E+03
       412, 3.490232676E-01, 3.525029831E-01, 3.490232676E-01, 3.525029831E-01, 1.089131462E+03
       413, 3.337014483E-01, 3.675097939E-01, 3.337014483E-01, 3.675097939E-01, 1.090144931E+03
       414, 4.569448627E-01, 2.475081321E-01, 4.569448627E-01, 2.475081321E-01, 1.079076082E+03
       415, 4.721514244E-01, 2.325080893E-01, 4.721514244E-01, 2.325080893E-01, 1.077407313E+03
       416, 3.183666479E-01, 3.825068260E-01, 3.183666479E-01, 3.825068260E-01, 1.090982543E+03
       417, 3.030165410E-01, 3.975047487E-01, 3.030165410E-01, 3.975047487E-01, 1.091593026E+03
       418, 4.872785288E-01, 2.175048817E-01, 4.872785288E-01, 2.175048817E-01, 1.075717934E+03
       419, 2.876685323E-01, 4.125002430E-01, 2.876685323E-01, 4.125002430E-01, 1.091918643E+03
       420, 5.024309336E-01, 2.025035114E-01, 5.024309336E-01, 2.025035114E-01, 1.074007608E+03
       421, 3.951837824E-01, 2.924439160E-01, 3.951837824E-01, 2.924439160E-01, 1.085338592E+03
       422, 3.796552300E-01, 3.074363257E-01, 3.796552300E-01, 3.074363257E-01, 1.086727125E+03
       423, 4.107485991E-01, 2.774904011E-01, 4.107485991E-01, 2.774904011E-01, 1.083861081E+03
       424, 3.642314053E-01, 3.224689894E-01, 3.642314053E-01, 3.224689894E-01, 1.088008473E+03
       425, 3.489240735E-01, 3.374995609E-01, 3.489240735E-01, 3.374995609E-01, 1.089166488E+03
       426, 4.262709718E-01, 2.625210759E-01, 4.262709718E-01, 2.625210759E-01, 1.082313416E+03
       427, 4.416680031E-01, 2.475174469E-01, 4.416680031E-01, 2.475174469E-01, 1.080715501E+03
       428, 3.336473118E-01, 3.525111907E-01, 3.336473118E-01, 3.525111907E-01, 1.090184141E+03
       429, 3.183430355E-01, 3.675107929E-01, 3.183430355E-01, 3.675107929E-01, 1.091026220E+03
       430, 4.569627211E-01, 2.325224611E-01, 4.569627211E-01, 2.325224611E-01, 1.079076677E+03
       431, 4.721237691E-01, 2.175101444E-01, 4.721237691E-01, 2.175101444E-01, 1.077411990E+03
       432, 3.030158334E-01, 3.825081060E-01, 3.030158334E-01, 3.825081060E-01, 1.091635128E+03
       433, 2.876714891E-01, 3.975024418E-01, 2.876714891E-01, 3.975024418E-01, 1.091945686E+03
       434, 4.872930986E-01, 2.025072556E-01, 4.872930986E-01, 2.025072556E-01, 1.075717170E+03
       435, 5.024465918E-01, 1.875046894E-01, 5.024465918E-01, 1.875046894E-01, 1.074006107E+03
       436, 3.951943593E-01, 2.774725589E-01, 3.951943593E-01, 2.774725589E-01, 1.085349365E+03
       437, 3.796241344E-01, 2.924413979E-01, 3.796241344E-01, 2.924413979E-01, 1.086746508E+03
       438, 3.641595890E-01, 3.074636036E-01, 3.641595890E-01, 3.074636036E-01, 1.088037638E+03
       439, 4.107846445E-01, 2.625213003E-01, 4.107846445E-01, 2.625213003E-01, 1.083865780E+03
       440, 3.488123790E-01, 3.224986250E-01, 3.488123790E-01, 3.224986250E-01, 1.089206981E+03
       441, 3.335583461E-01, 3.375193017E-01, 3.335583461E-01, 3.375193017E-01, 1.090233429E+03
       442, 4.263008957E-01, 2.475346743E-01, 4.263008957E-01, 2.475346743E-01, 1.082316048E+03
       443, 4.416963378E-01, 2.325302884E-01, 4.416963378E-01, 2.325302884E-01, 1.080716386E+03
       444, 3.182913452E-01, 3.525139706E-01, 3.182913452E-01, 3.525139706E-01, 1.091084823E+03
       445, 3.030007485E-01, 3.675110441E-01, 3.030007485E-01, 3.675110441E-01, 1.091698891E+03
       446, 4.569452577E-01, 2.175165803E-01, 4.569452577E-01, 2.175165803E-01, 1.079081153E+03
       447, 4.721489363E-01, 2.025126830E-01, 4.721489363E-01, 2.025126830E-01, 1.077410799E+03
       448, 2.876710920E-01, 3.825044417E-01, 2.876710920E-01, 3.825044417E-01, 1.092000262E+03
       449, 4.873321147E-01, 1.875059051E-01, 4.873321147E-01, 1.875059051E-01, 1.075713640E+03
       450, 5.024573033E-01, 1.725016336E-01, 5.024573033E-01, 1.725016336E-01, 1.074005159E+03
       451, 3.952233478E-01, 2.625019702E-01, 3.952233478E-01, 2.625019702E-01, 1.085359012E+03
       452, 3.796094066E-01, 2.774521917E-01, 3.796094066E-01, 2.774521917E-01, 1.086765587E+03
       453, 3.641024137E-01, 2.924565231E-01, 3.641024137E-01, 2.924565231E-01, 1.088067747E+03
       454, 3.487353603E-01, 3.074937860E-01, 3.487353603E-01, 3.074937860E-01, 1.089248812E+03
       455, 4.108358927E-01, 2.475508153E-01, 4.108358927E-01, 2.475508153E-01, 1.083869268E+03
       456, 3.334539697E-01, 3.225138172E-01, 3.334539697E-01, 3.225138172E-01, 1.090290939E+03
       457, 3.182257403E-01, 3.375162355E-01, 3.182257403E-01, 3.375162355E-01, 1.091157031E+03
       458, 4.263470785E-01, 2.325448862E-01, 4.263470785E-01, 2.325448862E-01, 1.082317150E+03
       459, 4.417115330E-01, 2.175311831E-01, 4.417115330E-01, 2.175311831E-01, 1.080718703E+03
       460, 3.029673867E-01, 3.525129616E-01, 3.029673867E-01, 3.525129616E-01, 1.091784688E+03
       461, 2.876664024E-01, 3.675062653E-01, 2.876664024E-01, 3.675062653E-01, 1.092083638E+03
       462, 4.569812849E-01, 2.025228089E-01, 4.569812849E-01, 2.025228089E-01, 1.079079801E+03
       463, 4.722066114E-01, 1.875125009E-01, 4.722066114E-01, 1.875125009E-01, 1.077405969E+03
       464, 4.873643223E-01, 1.725081133E-01, 4.873643223E-01, 1.725081133E-01, 1.075710851E+03
       465, 5.024694114E-01, 1.575048348E-01, 5.024694114E-01, 1.575048348E-01, 1.074004041E+03
       466, 3.952758321E-01, 2.475343836E-01, 3.952758321E-01, 2.475343836E-01, 1.085366844E+03
       467, 3.796187401E-01, 2.624652738E-01, 3.796187401E-01, 2.624652738E-01, 1.086783390E+03
       468, 3.640574292E-01, 2.774496553E-01, 3.640574292E-01, 2.774496553E-01, 1.088098534E+03
       469, 3.486657283E-01, 2.924768633E-01, 3.486657283E-01, 2.924768633E-01, 1.089293298E+03
       470, 3.333750954E-01, 3.075013048E-01, 3.333750954E-01, 3.075013048E-01, 1.090352945E+03
       471, 4.109036749E-01, 2.325703985E-01, 4.109036749E-01, 2.325703985E-01, 1.083871304E+03
       472, 3.181532281E-01, 3.225097226E-01, 3.181532281E-01, 3.225097226E-01, 1.091241542E+03
       473, 3.029302102E-01, 3.375102010E-01, 3.029302102E-01, 3.375102010E-01, 1.091892173E+03
       474, 4.263940350E-01, 2.175529292E-01, 4.263940350E-01, 2.175529292E-01, 1.082318216E+03
       475, 4.417666769E-01, 2.025352694E-01, 4.417666769E-01, 2.025352694E-01, 1.080716776E+03
       476, 2.876556857E-01, 3.525078093E-01, 2.876556857E-01, 3.525078093E-01, 1.092197857E+03
       477, 4.570638384E-01, 1.875209324E-01, 4.570638384E-01, 1.875209324E-01, 1.079073335E+03
       478, 4.722514333E-01, 1.725093412E-01, 4.722514333E-01, 1.725093412E-01, 1.077402524E+03
       479, 4.874043387E-01, 1.575071114E-01, 4.874043387E-01, 1.575071114E-01, 1.075707147E+03
       480, 5.024864691E-01, 1.425029149E-01, 5.024864691E-01, 1.425029149E-01, 1.074002348E+03
       481, 3.953649288E-01, 2.325608853E-01, 3.953649288E-01, 2.325608853E-01, 1.085371444E+03
       482, 3.796617639E-01, 2.474856162E-01, 3.796617639E-01, 2.474856162E-01, 1.086798726E+03
       483, 3.486079976E-01, 2.774619422E-01, 3.486079976E-01, 2.774619422E-01, 1.089339312E+03
       484, 3.333086175E-01, 2.924892994E-01, 3.333086175E-01, 2.924892994E-01, 1.090419013E+03
       485, 3.180801343E-01, 3.074997026E-01, 3.180801343E-01, 3.074997026E-01, 1.091336580E+03
       486, 4.109692290E-01, 2.175771978E-01, 4.109692290E-01, 2.175771978E-01, 1.083873605E+03
       487, 3.028867527E-01, 3.225052337E-01, 3.028867527E-01, 3.225052337E-01, 1.092021229E+03
       488, 2.876440907E-01, 3.375059282E-01, 2.876440907E-01, 3.375059282E-01, 1.092345884E+03
       489, 4.264837005E-01, 2.025542963E-01, 4.264837005E-01, 2.025542963E-01, 1.082314873E+03
       490, 4.418830320E-01, 1.875355238E-01, 4.418830320E-01, 1.875355238E-01, 1.080708269E+03
       491, 4.571193966E-01, 1.725199407E-01, 4.571193966E-01, 1.725199407E-01, 1.079069738E+03
       492, 4.723232537E-01, 1.575159810E-01, 4.723232537E-01, 1.575159810E-01, 1.077396008E+03
       493, 4.874553570E-01, 1.425076085E-01, 4.874553570E-01, 1.425076085E-01, 1.075702158E+03
       494, 5.024945672E-01, 1.275014747E-01, 5.024945672E-01, 1.275014747E-01, 1.074001654E+03
       495, 3.797624245E-01, 2.325030027E-01, 3.797624245E-01, 2.325030027E-01, 1.086809137E+03
       496, 3.954621031E-01, 2.175785761E-01, 3.954621031E-01, 2.175785761E-01, 1.085375279E+03
       497, 3.332590224E-01, 2.774562750E-01, 3.332590224E-01, 2.774562750E-01, 1.090487482E+03
       498, 3.180271861E-01, 2.924800192E-01, 3.180271861E-01, 2.924800192E-01, 1.091438856E+03
       499, 3.028386753E-01, 3.074946682E-01, 3.028386753E-01, 3.074946682E-01, 1.092171058E+03
       500, 4.110962861E-01, 2.025843379E-01, 4.110962861E-01, 2.025843379E-01, 1.083869752E+03
       501, 2.876295091E-01, 3.225047288E-01, 2.876295091E-01, 3.225047288E-01, 1.092531934E+03
       502, 4.266377561E-01, 1.875525462E-01, 4.266377561E-01, 1.875525462E-01, 1.082304769E+03
       503, 4.419621401E-01, 1.725309676E-01, 4.419621401E-01, 1.725309676E-01, 1.080703603E+03
       504, 4.572154007E-01, 1.575178187E-01, 4.572154007E-01, 1.575178187E-01, 1.079061622E+03
       505, 4.724198875E-01, 1.425119892E-01, 4.724198875E-01, 1.425119892E-01, 1.077386644E+03
       506, 4.874827393E-01, 1.275040121E-01, 4.874827393E-01, 1.275040121E-01, 1.075699779E+03
       507, 5.024977337E-01, 1.125008955E-01, 5.024977337E-01, 1.125008955E-01, 1.074001501E+03
       508, 3.798835224E-01, 2.175183673E-01, 3.798835224E-01, 2.175183673E-01, 1.086817601E+03
       509, 3.956141007E-01, 2.025762515E-01, 3.956141007E-01, 2.025762515E-01, 1.085373780E+03
       510, 3.179836471E-01, 2.774515994E-01, 3.179836471E-01, 2.774515994E-01, 1.091546161E+03
       511, 3.028048276E-01, 2.924775044E-01, 3.028048276E-01, 2.924775044E-01, 1.092338560E+03
       512, 2.876132111E-01, 3.074991411E-01, 2.876132111E-01, 3.074991411E-01, 1.092761996E+03
       513, 4.112771791E-01, 1.875738351E-01, 4.112771791E-01, 1.875738351E-01, 1.083860329E+03
       514, 4.267473688E-01, 1.725472832E-01, 4.267473688E-01, 1.725472832E-01, 1.082299054E+03
       515, 4.420842698E-01, 1.575294885E-01, 4.420842698E-01, 1.575294885E-01, 1.080694193E+03
       516, 4.573690524E-01, 1.425230693E-01, 4.573690524E-01, 1.425230693E-01, 1.079047064E+03
       517, 4.724698190E-01, 1.275076979E-01, 4.724698190E-01, 1.275076979E-01, 1.077382379E+03
       518, 4.874922455E-01, 1.125034139E-01, 4.874922455E-01, 1.125034139E-01, 1.075699354E+03
       519, 5.024990759E-01, 9.750053704E-02, 5.024990759E-01, 9.750053704E-02, 1.074001532E+03
       520, 3.800439071E-01, 2.025312713E-01, 3.800439071E-01, 2.025312713E-01, 1.086822159E+03
       521, 3.958016738E-01, 1.875832880E-01, 3.958016738E-01, 1.875832880E-01, 1.085368496E+03
       522, 3.027735551E-01, 2.774571216E-01, 3.027735551E-01, 2.774571216E-01, 1.092519621E+03
       523, 2.876018509E-01, 2.924912197E-01, 2.876018509E-01, 2.924912197E-01, 1.093044293E+03
       524, 4.114227310E-01, 1.725772205E-01, 4.114227310E-01, 1.725772205E-01, 1.083854095E+03
       525, 4.269084619E-01, 1.575427244E-01, 4.269084619E-01, 1.575427244E-01, 1.082287765E+03
       526, 4.423024959E-01, 1.425302045E-01, 4.423024959E-01, 1.425302045E-01, 1.080674313E+03
       527, 4.574547625E-01, 1.275125763E-01, 4.574547625E-01, 1.275125763E-01, 1.079039763E+03
       528, 4.724858969E-01, 1.125062395E-01, 4.724858969E-01, 1.125062395E-01, 1.077381774E+03
       529, 4.874972225E-01, 9.750214345E-02, 4.874972225E-01, 9.750214345E-02, 1.075699372E+03
       530, 5.024995557E-01, 8.250034109E-02, 5.024995557E-01, 8.250034109E-02, 1.074001637E+03
       531, 3.802190813E-01, 1.875379993E-01, 3.802190813E-01, 1.875379993E-01, 1.086824715E+03
       532, 3.959814367E-01, 1.725793516E-01, 3.959814367E-01, 1.725793516E-01, 1.085363458E+03
       533, 2.875921867E-01, 2.774820234E-01, 2.875921867E-01, 2.774820234E-01, 1.093390489E+03
       534, 4.116720536E-01, 1.575712500E-01, 4.116720536E-01, 1.575712500E-01, 1.083837091E+03
       535, 4.272190478E-01, 1.425477657E-01, 4.272190478E-01, 1.425477657E-01, 1.082260642E+03
       536, 4.424374339E-01, 1.275187321E-01, 4.424374339E-01, 1.275187321E-01, 1.080663050E+03
       537, 4.574778075E-01, 1.125108120E-01, 4.574778075E-01, 1.125108120E-01, 1.079039137E+03
       538, 4.724954159E-01, 9.750418027E-02, 4.724954159E-01, 9.750418027E-02, 1.077381774E+03
       539, 4.874986680E-01, 8.250146829E-02, 4.874986680E-01, 8.250146829E-02, 1.075699712E+03
       540, 5.024997837E-01, 6.750024551E-02, 5.024997837E-01, 6.750024551E-02, 1.074001745E+03
       541, 3.803944077E-01, 1.725416071E-01, 3.803944077E-01, 1.725416071E-01, 1.086826438E+03
       542, 3.963485878E-01, 1.575850213E-01, 3.963485878E-01, 1.575850213E-01, 1.085339745E+03
       543, 4.121210700E-01, 1.425670978E-01, 4.121210700E-01, 1.425670978E-01, 1.083799535E+03
       544, 4.274220430E-01, 1.275296925E-01, 4.274220430E-01, 1.275296925E-01, 1.082244235E+03
       545, 4.424681973E-01, 1.125152941E-01, 4.424681973E-01, 1.125152941E-01, 1.080662639E+03
       546, 4.574936300E-01, 9.750718717E-02, 4.574936300E-01, 9.750718717E-02, 1.079039100E+03
       547, 4.724978226E-01, 8.250286471E-02, 4.724978226E-01, 8.250286471E-02, 1.077382428E+03
       548, 4.874993530E-01, 6.750101644E-02, 4.874993530E-01, 6.750101644E-02, 1.075700055E+03
       549, 5.024999267E-01, 5.250015605E-02, 5.024999267E-01, 5.250015605E-02, 1.074001834E+03
       550, 3.808529279E-01, 1.575653422E-01, 3.808529279E-01, 1.575653422E-01, 1.086800984E+03
       551, 3.970021375E-01, 1.425985654E-01, 3.970021375E-01, 1.425985654E-01, 1.085287463E+03
       552, 4.124117471E-01, 1.275461813E-01, 4.124117471E-01, 1.275461813E-01, 1.083777148E+03
       553, 4.274605376E-01, 1.125228756E-01, 4.274605376E-01, 1.125228756E-01, 1.082244488E+03
       554, 4.424920193E-01, 9.751035347E-02, 4.424920193E-01, 9.751035347E-02, 1.080662664E+03
       555, 4.574969078E-01, 8.250481909E-02, 4.574969078E-01, 8.250481909E-02, 1.079040218E+03
       556, 4.724989604E-01, 6.750197321E-02, 4.724989604E-01, 6.750197321E-02, 1.077383073E+03
       557, 4.874997817E-01, 5.250066975E-02, 4.874997817E-01, 5.250066975E-02, 1.075700340E+03
       558, 5.024999720E-01, 3.750009608E-02, 5.024999720E-01, 3.750009608E-02, 1.074001904E+03
       559, 3.974175361E-01, 1.275692797E-01, 3.974175361E-01, 1.275692797E-01, 1.085257039E+03
       560, 4.124556704E-01, 1.125375023E-01, 4.124556704E-01, 1.125375023E-01, 1.083778921E+03
       561, 4.274904664E-01, 9.751659692E-02, 4.274904664E-01, 9.751659692E-02, 1.082245177E+03
       562, 4.424964618E-01, 8.250732055E-02, 4.424964618E-01, 8.250732055E-02, 1.080664432E+03
       563, 4.574985357E-01, 6.750318420E-02, 4.574985357E-01, 6.750318420E-02, 1.079041279E+03
       564, 4.724996618E-01, 5.250131313E-02, 4.724996618E-01, 5.250131313E-02, 1.077383608E+03
       565, 4.874999077E-01, 3.750039589E-02, 4.874999077E-01, 3.750039589E-02, 1.075700565E+03
       566, 5.024999848E-01, 2.250005578E-02, 5.024999848E-01, 2.250005578E-02, 1.074001949E+03
       567, 3.974623089E-01, 1.125539627E-01, 3.974623089E-01, 1.125539627E-01, 1.085261596E+03
       568, 4.124898557E-01, 9.752804509E-02, 4.124898557E-01, 9.752804509E-02, 1.083781009E+03
       569, 4.274957858E-01, 8.251226073E-02, 4.274957858E-01, 8.251226073E-02, 1.082247939E+03
       570, 4.424983038E-01, 6.750499801E-02, 4.424983038E-01, 6.750499801E-02, 1.080666119E+03
       571, 4.574995359E-01, 5.250211069E-02, 4.574995359E-01, 5.250211069E-02, 1.079042156E+03
       572, 4.724998769E-01, 3.750076672E-02, 4.724998769E-01, 3.750076672E-02, 1.077384028E+03
       573, 4.874999625E-01, 2.250019945E-02, 4.874999625E-01, 2.250019945E-02, 1.075700706E+03
       574, 5.024999917E-01, 7.500018834E-03, 5.024999917E-01, 7.500018834E-03, 1.074001963E+03
       575, 3.974937464E-01, 9.754142493E-02, 3.974937464E-01, 9.754142493E-02, 1.085266479E+03
       576, 4.124958457E-01, 8.252087482E-02, 4.124958457E-01, 8.252087482E-02, 1.083785226E+03
       577, 4.274980869E-01, 6.750889049E-02, 4.274980869E-01, 6.750889049E-02, 1.082250490E+03
       578, 4.424994360E-01, 5.250327831E-02, 4.424994360E-01, 5.250327831E-02, 1.080667505E+03
       579, 4.574998549E-01, 3.750130859E-02, 4.574998549E-01, 3.750130859E-02, 1.079042841E+03
       580, 4.724999457E-01, 2.250037290E-02, 4.724999457E-01, 2.250037290E-02, 1.077384294E+03
       581, 4.874999834E-01, 7.500066833E-03, 4.874999834E-01, 7.500066833E-03, 1.075700753E+03
       582, 3.974976902E-01, 8.253066752E-02, 3.974976902E-01, 8.253066752E-02, 1.085273010E+03
       583, 4.124983180E-01, 6.751501486E-02, 4.124983180E-01, 6.751501486E-02, 1.083789037E+03
       584, 4.274994242E-01, 5.250611125E-02, 4.274994242E-01, 5.250611125E-02, 1.082252588E+03
       585, 4.424998005E-01, 3.750193443E-02, 4.424998005E-01, 3.750193443E-02, 1.080668573E+03
       586, 4.574999027E-01, 2.250067207E-02, 4.574999027E-01, 2.250067207E-02, 1.079043287E+03
       587, 4.724999800E-01, 7.500124658E-03, 4.724999800E-01, 7.500124658E-03, 1.077384390E+03
       588, 3.974992017E-01, 6.752225728E-02, 3.974992017E-01, 6.752225728E-02, 1.085278686E+03
       589, 4.124994712E-01, 5.251057480E-02, 4.124994712E-01, 5.251057480E-02, 1.083792184E+03
       590, 4.274997665E-01, 3.750387047E-02, 4.274997665E-01, 3.750387047E-02, 1.082254208E+03
       591, 4.424999449E-01, 2.250099950E-02, 4.424999449E-01, 2.250099950E-02, 1.080669261E+03
       592, 4.574999713E-01, 7.500198431E-03, 4.574999713E-01, 7.500198431E-03, 1.079043454E+03
       593, 3.974997558E-01, 5.251564186E-02, 3.974997558E-01, 5.251564186E-02, 1.085283316E+03
       594, 4.124997987E-01, 3.750706306E-02, 4.124997987E-01, 3.750706306E-02, 1.083794578E+03
       595, 4.274998317E-01, 2.250217807E-02, 4.274998317E-01, 2.250217807E-02, 1.082255266E+03
       596, 4.424999654E-01, 7.500306192E-03, 4.424999654E-01, 7.500306192E-03, 1.080669548E+03
       597, 3.974998888E-01, 3.751043455E-02, 3.974998888E-01, 3.751043455E-02, 1.085286799E+03
       598, 4.124998825E-01, 2.250412702E-02, 4.124998825E-01, 2.250412702E-02, 1.083796147E+03
       599, 4.274998691E-01, 7.500726287E-03, 4.274998691E-01, 7.500726287E-03, 1.082255723E+03
       600, 3.974999085E-01, 2.250609473E-02, 3.974999085E-01, 2.250609473E-02, 1.085289088E+03
       601, 4.124998984E-01, 7.501376266E-03, 4.124998984E-01, 7.501376266E-03, 1.083796855E+03
       602, 3.974998899E-01, 7.502032246E-03, 3.974998899E-01, 7.502032246E-03, 1.085290154E+03
       603, 7.668389974E-03, 4.124998959E-01, 7.668389974E-03, 4.124998959E-01, 1.122283947E+03
       604, 7.670981069E-03, 3.975015867E-01, 7.670981069E-03, 3.975015867E-01, 1.122283609E+03
       605, 2.300626759E-02, 4.125002919E-01, 2.300626759E-02, 4.125002919E-01, 1.120557973E+03
       606, 2.301499341E-02, 3.975028640E-01, 2.301499341E-02, 3.975028640E-01, 1.120556855E+03
       607, 7.670281404E-03, 3.825037040E-01, 7.670281404E-03, 3.825037040E-01, 1.122283611E+03
       608, 3.834471574E-02, 4.124988197E-01, 3.834471574E-02, 4.124988197E-01, 1.118850551E+03
       609, 2.301386580E-02, 3.825060097E-01, 2.301386580E-02, 3.825060097E-01, 1.120556741E+03
       610, 3.836241509E-02, 3.974995661E-01, 3.836241509E-02, 3.974995661E-01, 1.118848345E+03
       611, 7.664952070E-03, 3.675063394E-01, 7.664952070E-03, 3.675063394E-01, 1.122284106E+03
       612, 5.368382142E-02, 4.124963055E-01, 5.368382142E-02, 4.124963055E-01, 1.117173717E+03
       613, 3.836264388E-02, 3.825019753E-01, 3.836264388E-02, 3.825019753E-01, 1.118847886E+03
       614, 2.299905527E-02, 3.675094955E-01, 2.299905527E-02, 3.675094955E-01, 1.120558067E+03
       615, 5.371457533E-02, 3.974929147E-01, 5.371457533E-02, 3.974929147E-01, 1.117170002E+03
       616, 7.653330477E-03, 3.525092047E-01, 7.653330477E-03, 3.525092047E-01, 1.122285284E+03
       617, 6.902457710E-02, 4.124933602E-01, 6.902457710E-02, 4.124933602E-01, 1.115538921E+03
       618, 5.372072046E-02, 3.824932567E-01, 5.372072046E-02, 3.824932567E-01, 1.117168650E+03
       619, 3.834055108E-02, 3.675052732E-01, 3.834055108E-02, 3.675052732E-01, 1.118849717E+03
       620, 2.296443984E-02, 3.525140010E-01, 2.296443984E-02, 3.525140010E-01, 1.120561527E+03
       621, 6.907149427E-02, 3.974846192E-01, 6.907149427E-02, 3.974846192E-01, 1.115533417E+03
       622, 7.636598609E-03, 3.375110230E-01, 7.636598609E-03, 3.375110230E-01, 1.122287015E+03
       623, 8.436658850E-02, 4.124900803E-01, 8.436658850E-02, 4.124900803E-01, 1.113957204E+03
       624, 5.369625291E-02, 3.674966425E-01, 5.369625291E-02, 3.674966425E-01, 1.117170323E+03
       625, 6.909033967E-02, 3.824797191E-01, 6.909033967E-02, 3.824797191E-01, 1.115530399E+03
       626, 3.828645041E-02, 3.525100586E-01, 3.828645041E-02, 3.525100586E-01, 1.118854926E+03
       627, 2.291416039E-02, 3.375168422E-01, 2.291416039E-02, 3.375168422E-01, 1.120566663E+03
       628, 8.443134474E-02, 3.974750488E-01, 8.443134474E-02, 3.974750488E-01, 1.113949811E+03
       629, 7.617597256E-03, 3.225115719E-01, 7.617597256E-03, 3.225115719E-01, 1.122288978E+03
       630, 9.970764486E-02, 4.124885823E-01, 9.970764486E-02, 4.124885823E-01, 1.112439262E+03
       631, 5.363033645E-02, 3.525011354E-01, 5.363033645E-02, 3.525011354E-01, 1.117176216E+03
       632, 6.907080244E-02, 3.674799210E-01, 6.907080244E-02, 3.674799210E-01, 1.115530966E+03
       633, 8.446831693E-02, 3.824622928E-01, 8.446831693E-02, 3.824622928E-01, 1.113944525E+03
       634, 3.820820460E-02, 3.375147414E-01, 3.820820460E-02, 3.375147414E-01, 1.118862654E+03
       635, 2.286320951E-02, 3.225170166E-01, 2.286320951E-02, 3.225170166E-01, 1.120571799E+03
       636, 9.979356121E-02, 3.974685856E-01, 9.979356121E-02, 3.974685856E-01, 1.112429731E+03
       637, 7.601048886E-03, 3.075099407E-01, 7.601048886E-03, 3.075099407E-01, 1.122290642E+03
       638, 1.150476110E-01, 4.124903522E-01, 1.150476110E-01, 4.124903522E-01, 1.110995326E+03
       639, 6.900743332E-02, 3.524811232E-01, 6.900743332E-02, 3.524811232E-01, 1.115535727E+03
       640, 5.353339678E-02, 3.375079043E-01, 5.353339678E-02, 3.375079043E-01, 1.117185222E+03
       641, 8.446476584E-02, 3.674558714E-01, 8.446476584E-02, 3.674558714E-01, 1.113942657E+03
       642, 9.985227270E-02, 3.824527803E-01, 9.985227270E-02, 3.824527803E-01, 1.112421762E+03
       643, 3.813172635E-02, 3.225196764E-01, 3.813172635E-02, 3.225196764E-01, 1.118870050E+03
       644, 2.281981545E-02, 3.075173545E-01, 2.281981545E-02, 3.075173545E-01, 1.120576019E+03
       645, 1.151526678E-01, 3.974731119E-01, 1.151526678E-01, 3.974731119E-01, 1.110983916E+03
       646, 7.593355394E-03, 2.925068791E-01, 7.593355394E-03, 2.925068791E-01, 1.122291286E+03
       647, 1.303858316E-01, 4.124930412E-01, 1.303858316E-01, 4.124930412E-01, 1.109636011E+03
       648, 8.441533520E-02, 3.524557782E-01, 8.441533520E-02, 3.524557782E-01, 1.113944804E+03
       649, 6.890350525E-02, 3.374900452E-01, 6.890350525E-02, 3.374900452E-01, 1.115544373E+03
       650, 5.343555734E-02, 3.225155839E-01, 5.343555734E-02, 3.225155839E-01, 1.117194104E+03
       651, 9.986988733E-02, 3.674391482E-01, 9.986988733E-02, 3.674391482E-01, 1.112416733E+03
       652, 1.152332421E-01, 3.824564854E-01, 1.152332421E-01, 3.824564854E-01, 1.110973123E+03
       653, 3.807237410E-02, 3.075193595E-01, 3.807237410E-02, 3.075193595E-01, 1.118875424E+03
       654, 2.279637088E-02, 2.925149704E-01, 2.279637088E-02, 2.925149704E-01, 1.120577939E+03
       655, 1.305022527E-01, 3.974797173E-01, 1.305022527E-01, 3.974797173E-01, 1.109623373E+03
       656, 7.586044155E-03, 2.775073645E-01, 7.586044155E-03, 2.775073645E-01, 1.122291870E+03
       657, 1.457208598E-01, 4.124961861E-01, 1.457208598E-01, 4.124961861E-01, 1.108373466E+03
       658, 8.432056912E-02, 3.374579925E-01, 8.432056912E-02, 3.374579925E-01, 1.113950961E+03
       659, 9.983853520E-02, 3.524335679E-01, 9.983853520E-02, 3.524335679E-01, 1.112415479E+03
       660, 6.878884985E-02, 3.224979046E-01, 6.878884985E-02, 3.224979046E-01, 1.115553807E+03
       661, 5.335771585E-02, 3.075235895E-01, 5.335771585E-02, 3.075235895E-01, 1.117200619E+03
       662, 1.152744082E-01, 3.674420429E-01, 1.152744082E-01, 3.674420429E-01, 1.110964364E+03
       663, 1.305999671E-01, 3.824663614E-01, 1.305999671E-01, 3.824663614E-01, 1.109609859E+03
       664, 3.802848709E-02, 2.925247122E-01, 3.802848709E-02, 2.925247122E-01, 1.118878976E+03
       665, 2.277205950E-02, 2.775151112E-01, 2.277205950E-02, 2.775151112E-01, 1.120579904E+03
       666, 1.458404299E-01, 3.974874924E-01, 1.458404299E-01, 3.974874924E-01, 1.108360010E+03
       667, 7.586247888E-03, 2.625017881E-01, 7.586247888E-03, 2.625017881E-01, 1.122291590E+03
       668, 1.610530908E-01, 4.125002966E-01, 1.610530908E-01, 4.125002966E-01, 1.107223092E+03
       669, 8.420714702E-02, 3.224680481E-01, 8.420714702E-02, 3.224680481E-01, 1.113958490E+03
       670, 9.976362692E-02, 3.374326550E-01, 9.976362692E-02, 3.374326550E-01, 1.112417557E+03
       671, 1.152651379E-01, 3.524326644E-01, 1.152651379E-01, 3.524326644E-01, 1.110958757E+03
       672, 6.869360262E-02, 3.075097646E-01, 6.869360262E-02, 3.075097646E-01, 1.115560888E+03
       673, 5.329279996E-02, 2.925258342E-01, 5.329279996E-02, 2.925258342E-01, 1.117205554E+03
       674, 1.306655580E-01, 3.674531673E-01, 1.306655580E-01, 3.674531673E-01, 1.109596693E+03
       675, 1.459460898E-01, 3.824786997E-01, 1.459460898E-01, 3.824786997E-01, 1.108343837E+03
       676, 3.799168869E-02, 2.775163630E-01, 3.799168869E-02, 2.775163630E-01, 1.118881647E+03
       677, 2.276459525E-02, 2.625111114E-01, 2.276459525E-02, 2.625111114E-01, 1.120579934E+03
       678, 1.611657484E-01, 3.974978219E-01, 1.611657484E-01, 3.974978219E-01, 1.107208939E+03
       679, 7.587762574E-03, 2.475044861E-01, 7.587762574E-03, 2.475044861E-01, 1.122291150E+03
       680, 1.763798076E-01, 4.125032374E-01, 1.763798076E-01, 4.125032374E-01, 1.106207157E+03
       681, 9.966992713E-02, 3.224410741E-01, 9.966992713E-02, 3.224410741E-01, 1.112420663E+03
       682, 8.410355447E-02, 3.074868364E-01, 8.410355447E-02, 3.074868364E-01, 1.113964561E+03
       683, 1.152119916E-01, 3.374294280E-01, 1.152119916E-01, 3.374294280E-01, 1.110955827E+03
       684, 1.306803662E-01, 3.524432744E-01, 1.306803662E-01, 3.524432744E-01, 1.109585631E+03
       685, 6.861674493E-02, 2.925206491E-01, 6.861674493E-02, 2.925206491E-01, 1.115565759E+03
       686, 5.324987316E-02, 2.775289467E-01, 5.324987316E-02, 2.775289467E-01, 1.117207955E+03
       687, 1.460291039E-01, 3.674684300E-01, 1.460291039E-01, 3.674684300E-01, 1.108325750E+03
       688, 1.612737058E-01, 3.824937123E-01, 1.612737058E-01, 3.824937123E-01, 1.107189194E+03
       689, 3.797510908E-02, 2.625227402E-01, 3.797510908E-02, 2.625227402E-01, 1.118882000E+03
       690, 2.276250096E-02, 2.475110292E-01, 2.276250096E-02, 2.475110292E-01, 1.120579327E+03
       691, 1.764763224E-01, 3.975055025E-01, 1.764763224E-01, 3.975055025E-01, 1.106191745E+03
       692, 7.580191143E-03, 2.325029721E-01, 7.580191143E-03, 2.325029721E-01, 1.122291733E+03
       693, 1.917014871E-01, 4.125044706E-01, 1.917014871E-01, 4.125044706E-01, 1.105359006E+03
       694, 9.957162190E-02, 3.074544122E-01, 9.957162190E-02, 3.074544122E-01, 1.112423515E+03
       695, 1.151369938E-01, 3.224320763E-01, 1.151369938E-01, 3.224320763E-01, 1.110953697E+03
       696, 8.401682899E-02, 2.925037962E-01, 8.401682899E-02, 2.925037962E-01, 1.113968514E+03
       697, 1.306544678E-01, 3.374337372E-01, 1.306544678E-01, 3.374337372E-01, 1.109576004E+03
       698, 1.460644705E-01, 3.524601161E-01, 1.460644705E-01, 3.524601161E-01, 1.108307959E+03
       699, 6.857958408E-02, 2.775262999E-01, 6.857958408E-02, 2.775262999E-01, 1.115566209E+03
       700, 5.321852602E-02, 2.625323038E-01, 5.321852602E-02, 2.625323038E-01, 1.117208972E+03
       701, 1.613635900E-01, 3.674930210E-01, 1.613635900E-01, 3.674930210E-01, 1.107164990E+03
       702, 1.765764775E-01, 3.825076137E-01, 1.765764775E-01, 3.825076137E-01, 1.106166863E+03
       703, 3.794778648E-02, 2.475203624E-01, 3.794778648E-02, 2.475203624E-01, 1.118883487E+03
       704, 2.274028112E-02, 2.325091328E-01, 2.274028112E-02, 2.325091328E-01, 1.120580961E+03
       705, 1.917767283E-01, 3.975088260E-01, 1.917767283E-01, 3.975088260E-01, 1.105340808E+03
       706, 7.573461461E-03, 2.175033936E-01, 7.573461461E-03, 2.175033936E-01, 1.122292218E+03
       707, 2.070219614E-01, 4.125048844E-01, 2.070219614E-01, 4.125048844E-01, 1.104728742E+03
       708, 1.150679682E-01, 3.074381253E-01, 1.150679682E-01, 3.074381253E-01, 1.110949953E+03
       709, 9.948644810E-02, 2.924781258E-01, 9.948644810E-02, 2.924781258E-01, 1.112424489E+03
       710, 1.306015000E-01, 3.224357572E-01, 1.306015000E-01, 3.224357572E-01, 1.109566877E+03
       711, 8.398162385E-02, 2.775237337E-01, 8.398162385E-02, 2.775237337E-01, 1.113966875E+03
       712, 1.460643103E-01, 3.374508155E-01, 1.460643103E-01, 3.374508155E-01, 1.108289817E+03
       713, 1.614057707E-01, 3.524873991E-01, 1.614057707E-01, 3.524873991E-01, 1.107138785E+03
       714, 6.852425468E-02, 2.625426894E-01, 6.852425468E-02, 2.625426894E-01, 1.115568393E+03
       715, 5.316061343E-02, 2.475286835E-01, 5.316061343E-02, 2.475286835E-01, 1.117212782E+03
       716, 1.766613723E-01, 3.675072132E-01, 1.766613723E-01, 3.675072132E-01, 1.106133910E+03
       717, 1.918544544E-01, 3.825134844E-01, 1.918544544E-01, 3.825134844E-01, 1.105308199E+03
       718, 3.790687631E-02, 2.325176655E-01, 3.790687631E-02, 2.325176655E-01, 1.118886444E+03
       719, 2.272729377E-02, 2.175068587E-01, 2.272729377E-02, 2.175068587E-01, 1.120581547E+03
       720, 2.070701368E-01, 3.975110038E-01, 2.070701368E-01, 3.975110038E-01, 1.104706057E+03
       721, 7.565568427E-03, 2.025033797E-01, 7.565568427E-03, 2.025033797E-01, 1.122292835E+03
       722, 2.223413240E-01, 4.125037449E-01, 2.223413240E-01, 4.125037449E-01, 1.104383202E+03
       723, 1.150013012E-01, 2.924608273E-01, 1.150013012E-01, 2.924608273E-01, 1.110945091E+03
       724, 1.305644708E-01, 3.074317163E-01, 1.305644708E-01, 3.074317163E-01, 1.109554755E+03
       725, 9.944101658E-02, 2.775046802E-01, 9.944101658E-02, 2.775046802E-01, 1.112421077E+03
       726, 1.460421485E-01, 3.224403015E-01, 1.460421485E-01, 3.224403015E-01, 1.108270589E+03
       727, 8.390826533E-02, 2.625390409E-01, 8.390826533E-02, 2.625390409E-01, 1.113968845E+03
       728, 1.614266148E-01, 3.374773892E-01, 1.614266148E-01, 3.374773892E-01, 1.107109167E+03
       729, 1.767061406E-01, 3.525028970E-01, 1.767061406E-01, 3.525028970E-01, 1.106094919E+03
       730, 6.842966956E-02, 2.475439896E-01, 6.842966956E-02, 2.475439896E-01, 1.115574603E+03
       731, 5.310458887E-02, 2.325297208E-01, 5.310458887E-02, 2.325297208E-01, 1.117216331E+03
       732, 1.919205017E-01, 3.675129252E-01, 1.919205017E-01, 3.675129252E-01, 1.105262085E+03
       733, 2.071180793E-01, 3.825140500E-01, 2.071180793E-01, 3.825140500E-01, 1.104662267E+03
       734, 3.789057540E-02, 2.175157685E-01, 3.789057540E-02, 2.175157685E-01, 1.118886651E+03
       735, 2.270370652E-02, 2.025111144E-01, 2.270370652E-02, 2.025111144E-01, 1.120583328E+03
       736, 2.223574041E-01, 3.975066238E-01, 2.223574041E-01, 3.975066238E-01, 1.104356021E+03
       737, 7.556476869E-03, 1.875041449E-01, 7.556476869E-03, 1.875041449E-01, 1.122293591E+03
       738, 1.149437365E-01, 2.774853100E-01, 1.149437365E-01, 2.774853100E-01, 1.110938650E+03
       739, 1.305284268E-01, 2.924417595E-01, 1.305284268E-01, 2.924417595E-01, 1.109541176E+03
       740, 1.460335704E-01, 3.074369594E-01, 1.460335704E-01, 3.074369594E-01, 1.108247832E+03
       741, 9.935472734E-02, 2.625284458E-01, 9.935472734E-02, 2.625284458E-01, 1.112421263E+03
       742, 1.614372991E-01, 3.224703577E-01, 1.614372991E-01, 3.224703577E-01, 1.107075863E+03
       743, 8.378021933E-02, 2.475561192E-01, 8.378021933E-02, 2.475561192E-01, 1.113976231E+03
       744, 1.767330912E-01, 3.375032656E-01, 1.767330912E-01, 3.375032656E-01, 1.106049228E+03
       745, 1.919621888E-01, 3.525092132E-01, 1.919621888E-01, 3.525092132E-01, 1.105203580E+03
       746, 6.835703702E-02, 2.325481510E-01, 6.835703702E-02, 2.325481510E-01, 1.115578409E+03
       747, 5.307659563E-02, 2.175291039E-01, 5.307659563E-02, 2.175291039E-01, 1.117216805E+03
       748, 2.071580659E-01, 3.675139830E-01, 2.071580659E-01, 3.675139830E-01, 1.104597412E+03
       749, 2.223730786E-01, 3.825080831E-01, 2.223730786E-01, 3.825080831E-01, 1.104301315E+03
       750, 3.785125948E-02, 2.025173246E-01, 3.785125948E-02, 2.025173246E-01, 1.118889415E+03
       751, 2.266945784E-02, 1.875092914E-01, 2.266945784E-02, 1.875092914E-01, 1.120586323E+03
       752, 7.546752455E-03, 1.725038547E-01, 7.546752455E-03, 1.725038547E-01, 1.122294428E+03
       753, 1.148567397E-01, 2.625041844E-01, 1.148567397E-01, 2.625041844E-01, 1.110934380E+03
       754, 1.304613498E-01, 2.774577070E-01, 1.304613498E-01, 2.774577070E-01, 1.109529261E+03
       755, 1.460273469E-01, 2.924285116E-01, 1.460273469E-01, 2.924285116E-01, 1.108222801E+03
       756, 1.614450612E-01, 3.074583988E-01, 1.614450612E-01, 3.074583988E-01, 1.107039014E+03
       757, 9.921392129E-02, 2.475530141E-01, 9.921392129E-02, 2.475530141E-01, 1.112426560E+03
       758, 1.767592913E-01, 3.224856302E-01, 1.767592913E-01, 3.224856302E-01, 1.105996493E+03
       759, 8.368174149E-02, 2.325680111E-01, 8.368174149E-02, 2.325680111E-01, 1.113980483E+03
       760, 1.919793015E-01, 3.375016145E-01, 1.919793015E-01, 3.375016145E-01, 1.105133509E+03
       761, 2.071869455E-01, 3.525083413E-01, 2.071869455E-01, 3.525083413E-01, 1.104511401E+03
       762, 6.830789645E-02, 2.175500947E-01, 6.830789645E-02, 2.175500947E-01, 1.115579690E+03
       763, 5.301579945E-02, 2.025300834E-01, 5.301579945E-02, 2.025300834E-01, 1.117220857E+03
       764, 2.223864976E-01, 3.675079291E-01, 2.223864976E-01, 3.675079291E-01, 1.104217818E+03
       765, 3.778779959E-02, 1.875160494E-01, 3.778779959E-02, 1.875160494E-01, 1.118894890E+03
       766, 2.264023415E-02, 1.725087345E-01, 2.264023415E-02, 1.725087345E-01, 1.120588776E+03
       767, 7.538599021E-03, 1.575036533E-01, 7.538599021E-03, 1.575036533E-01, 1.122295096E+03
       768, 1.147228853E-01, 2.475312414E-01, 1.147228853E-01, 2.475312414E-01, 1.110934163E+03
       769, 1.303835511E-01, 2.624681536E-01, 1.303835511E-01, 2.624681536E-01, 1.109517506E+03
       770, 1.459717248E-01, 2.774276986E-01, 1.459717248E-01, 2.774276986E-01, 1.108200291E+03
       771, 1.614461718E-01, 2.924420976E-01, 1.614461718E-01, 2.924420976E-01, 1.106999562E+03
       772, 1.767749763E-01, 3.074790068E-01, 1.767749763E-01, 3.074790068E-01, 1.105938508E+03
       773, 9.908944073E-02, 2.325730013E-01, 9.908944073E-02, 2.325730013E-01, 1.112430116E+03
       774, 1.920061554E-01, 3.224926915E-01, 1.920061554E-01, 3.224926915E-01, 1.105051151E+03
       775, 8.360338096E-02, 2.175754873E-01, 8.360338096E-02, 2.175754873E-01, 1.113982637E+03
       776, 2.071966520E-01, 3.375039039E-01, 2.071966520E-01, 3.375039039E-01, 1.104404583E+03
       777, 2.223985078E-01, 3.525064589E-01, 2.223985078E-01, 3.525064589E-01, 1.104103491E+03
       778, 6.821992335E-02, 2.025511199E-01, 6.821992335E-02, 2.025511199E-01, 1.115585105E+03
       779, 5.292324840E-02, 1.875279825E-01, 5.292324840E-02, 1.875279825E-01, 1.117228417E+03
       780, 3.773859279E-02, 1.725149163E-01, 3.773859279E-02, 1.725149163E-01, 1.118898826E+03
       781, 2.261569750E-02, 1.575082093E-01, 2.261569750E-02, 1.575082093E-01, 1.120590736E+03
       782, 7.528818637E-03, 1.425042198E-01, 7.528818637E-03, 1.425042198E-01, 1.122295964E+03
       783, 1.302699989E-01, 2.474892766E-01, 1.302699989E-01, 2.474892766E-01, 1.109508469E+03
       784, 1.145763922E-01, 2.325572334E-01, 1.145763922E-01, 2.325572334E-01, 1.110934983E+03
       785, 1.614202334E-01, 2.774186273E-01, 1.614202334E-01, 2.774186273E-01, 1.106959920E+03
       786, 1.767602192E-01, 2.924614510E-01, 1.767602192E-01, 2.924614510E-01, 1.105877868E+03
       787, 1.920271649E-01, 3.074814202E-01, 1.920271649E-01, 3.074814202E-01, 1.104958815E+03
       788, 9.898000250E-02, 2.175858916E-01, 9.898000250E-02, 2.175858916E-01, 1.112432163E+03
       789, 2.072113099E-01, 3.224965934E-01, 2.072113099E-01, 3.224965934E-01, 1.104276335E+03
       790, 8.348195006E-02, 2.025794976E-01, 8.348195006E-02, 2.025794976E-01, 1.113989254E+03
       791, 2.224015289E-01, 3.375012202E-01, 2.224015289E-01, 3.375012202E-01, 1.103955386E+03
       792, 6.809181076E-02, 1.875522746E-01, 6.809181076E-02, 1.875522746E-01, 1.115594865E+03
       793, 5.285219087E-02, 1.725259495E-01, 5.285219087E-02, 1.725259495E-01, 1.117233709E+03
       794, 3.769707111E-02, 1.575138248E-01, 3.769707111E-02, 1.575138248E-01, 1.118901971E+03
       795, 2.258635369E-02, 1.425083392E-01, 2.258635369E-02, 1.425083392E-01, 1.120593281E+03
       796, 7.518439238E-03, 1.275035270E-01, 7.518439238E-03, 1.275035270E-01, 1.122296916E+03
       797, 1.301161551E-01, 2.325097734E-01, 1.301161551E-01, 2.325097734E-01, 1.109502880E+03
       798, 1.144273501E-01, 2.175780999E-01, 1.144273501E-01, 2.175780999E-01, 1.110936078E+03
       799, 1.767572745E-01, 2.774367232E-01, 1.767572745E-01, 2.774367232E-01, 1.105813204E+03
       800, 1.920020595E-01, 2.924663242E-01, 1.920020595E-01, 2.924663242E-01, 1.104861240E+03
       801, 2.072252423E-01, 3.074857902E-01, 2.072252423E-01, 3.074857902E-01, 1.104127721E+03
       802, 9.881773448E-02, 2.025989041E-01, 9.881773448E-02, 2.025989041E-01, 1.112439531E+03
       803, 2.224036838E-01, 3.225009104E-01, 2.224036838E-01, 3.225009104E-01, 1.103769340E+03
       804, 8.331392263E-02, 1.875798660E-01, 8.331392263E-02, 1.875798660E-01, 1.114000806E+03
       805, 6.799103575E-02, 1.725471530E-01, 6.799103575E-02, 1.725471530E-01, 1.115601842E+03
       806, 5.279173320E-02, 1.575237632E-01, 5.279173320E-02, 1.575237632E-01, 1.117237948E+03
       807, 3.764727197E-02, 1.425132497E-01, 3.764727197E-02, 1.425132497E-01, 1.118906119E+03
       808, 2.255522761E-02, 1.275071206E-01, 2.255522761E-02, 1.275071206E-01, 1.120596082E+03
       809, 7.510114808E-03, 1.125030621E-01, 7.510114808E-03, 1.125030621E-01, 1.122297656E+03
       810, 1.299356691E-01, 2.175377660E-01, 1.299356691E-01, 2.175377660E-01, 1.109499852E+03
       811, 1.142278856E-01, 2.025923222E-01, 1.142278856E-01, 2.025923222E-01, 1.110942151E+03
       812, 1.920075426E-01, 2.774532229E-01, 1.920075426E-01, 2.774532229E-01, 1.104756670E+03
       813, 2.072091960E-01, 2.924744498E-01, 2.072091960E-01, 2.924744498E-01, 1.103962733E+03
       814, 2.224079630E-01, 3.074959174E-01, 2.224079630E-01, 3.074959174E-01, 1.103539276E+03
       815, 9.860376629E-02, 1.876045803E-01, 9.860376629E-02, 1.876045803E-01, 1.112452271E+03
       816, 8.317114550E-02, 1.725775298E-01, 8.317114550E-02, 1.725775298E-01, 1.114009959E+03
       817, 6.790840474E-02, 1.575426503E-01, 6.790840474E-02, 1.575426503E-01, 1.115607051E+03
       818, 5.271864684E-02, 1.425218423E-01, 5.271864684E-02, 1.425218423E-01, 1.117243699E+03
       819, 3.759438684E-02, 1.275111148E-01, 3.759438684E-02, 1.275111148E-01, 1.118910710E+03
       820, 2.253024034E-02, 1.125059995E-01, 2.253024034E-02, 1.125059995E-01, 1.120598252E+03
       821, 7.504383863E-03, 9.750203743E-02, 7.504383863E-03, 9.750203743E-02, 1.122298123E+03
       822, 1.297100763E-01, 2.025615275E-01, 1.297100763E-01, 2.025615275E-01, 1.109501330E+03
       823, 1.139736036E-01, 1.876111258E-01, 1.139736036E-01, 1.876111258E-01, 1.110953866E+03
       824, 2.072188047E-01, 2.774682009E-01, 2.072188047E-01, 2.774682009E-01, 1.103783333E+03
       825, 2.224030630E-01, 2.924911629E-01, 2.224030630E-01, 2.924911629E-01, 1.103257151E+03
       826, 9.841158791E-02, 1.726057608E-01, 9.841158791E-02, 1.726057608E-01, 1.112463181E+03
       827, 8.305513465E-02, 1.575684407E-01, 8.305513465E-02, 1.575684407E-01, 1.114016608E+03
       828, 6.780738123E-02, 1.425382626E-01, 6.780738123E-02, 1.425382626E-01, 1.115614427E+03
       829, 5.264474258E-02, 1.275167571E-01, 5.264474258E-02, 1.275167571E-01, 1.117249702E+03
       830, 3.755177300E-02, 1.125090067E-01, 3.755177300E-02, 1.125090067E-01, 1.118914271E+03
       831, 2.251302730E-02, 9.750428061E-02, 2.251302730E-02, 9.750428061E-02, 1.120599616E+03
       832, 7.502086425E-03, 8.250117627E-02, 7.502086425E-03, 8.250117627E-02, 1.122298224E+03
       833, 1.294331173E-01, 1.875880251E-01, 1.294331173E-01, 1.875880251E-01, 1.109508211E+03
       834, 1.137241494E-01, 1.726208075E-01, 1.137241494E-01, 1.726208075E-01, 1.110965684E+03
       835, 2.224080619E-01, 2.774917259E-01, 2.224080619E-01, 2.774917259E-01, 1.102911275E+03
       836, 9.824440401E-02, 1.575983784E-01, 9.824440401E-02, 1.575983784E-01, 1.112472021E+03
       837, 8.292003447E-02, 1.425610570E-01, 8.292003447E-02, 1.425610570E-01, 1.114025552E+03
       838, 6.770821169E-02, 1.275315320E-01, 6.770821169E-02, 1.275315320E-01, 1.115621857E+03
       839, 5.258144205E-02, 1.125157353E-01, 5.258144205E-02, 1.125157353E-01, 1.117254728E+03
       840, 3.752308197E-02, 9.750612399E-02, 3.752308197E-02, 9.750612399E-02, 1.118916409E+03
       841, 2.250569344E-02, 8.250285768E-02, 2.250569344E-02, 8.250285768E-02, 1.120599940E+03
       842, 7.501297906E-03, 6.750078117E-02, 7.501297906E-03, 6.750078117E-02, 1.122298180E+03
       843, 1.291200387E-01, 1.726158152E-01, 1.291200387E-01, 1.726158152E-01, 1.109519357E+03
       844, 1.134840796E-01, 1.576217687E-01, 1.134840796E-01, 1.576217687E-01, 1.110977295E+03
       845, 9.806298581E-02, 1.425861826E-01, 9.806298581E-02, 1.425861826E-01, 1.112482782E+03
       846, 8.278571205E-02, 1.275511114E-01, 8.278571205E-02, 1.275511114E-01, 1.114034801E+03
       847, 6.761914553E-02, 1.125260889E-01, 6.761914553E-02, 1.125260889E-01, 1.115628489E+03
       848, 5.253555198E-02, 9.751002256E-02, 5.253555198E-02, 9.751002256E-02, 1.117258056E+03
       849, 3.751016607E-02, 8.250441628E-02, 3.751016607E-02, 8.250441628E-02, 1.118916927E+03
       850, 2.250325974E-02, 6.750163829E-02, 2.250325974E-02, 6.750163829E-02, 1.120599795E+03
       851, 7.500773721E-03, 5.250042338E-02, 7.500773721E-03, 5.250042338E-02, 1.122298135E+03
       852, 1.287887984E-01, 1.576299389E-01, 1.287887984E-01, 1.576299389E-01, 1.109533326E+03
       853, 1.132383228E-01, 1.426094486E-01, 1.132383228E-01, 1.426094486E-01, 1.110990248E+03
       854, 9.788528580E-02, 1.275722797E-01, 9.788528580E-02, 1.275722797E-01, 1.112493763E+03
       855, 8.266362667E-02, 1.125423114E-01, 8.266362667E-02, 1.125423114E-01, 1.114043207E+03
       856, 6.755153204E-02, 9.751854485E-02, 6.755153204E-02, 9.751854485E-02, 1.115633144E+03
       857, 5.251620692E-02, 8.250668355E-02, 5.251620692E-02, 8.250668355E-02, 1.117258698E+03
       858, 3.750516417E-02, 6.750252537E-02, 3.750516417E-02, 6.750252537E-02, 1.118916713E+03
       859, 2.250215913E-02, 5.250098785E-02, 2.250215913E-02, 5.250098785E-02, 1.120599587E+03
       860, 7.500425296E-03, 3.750020543E-02, 7.500425296E-03, 3.750020543E-02, 1.122298099E+03
       861, 1.130146699E-01, 1.275954958E-01, 1.130146699E-01, 1.275954958E-01, 1.111001975E+03
       862, 9.772064618E-02, 1.125589730E-01, 9.772064618E-02, 1.125589730E-01, 1.112504077E+03
       863, 8.257213008E-02, 9.753156355E-02, 8.257213008E-02, 9.753156355E-02, 1.114048908E+03
       864, 6.752454502E-02, 8.251339415E-02, 6.752454502E-02, 8.251339415E-02, 1.115633788E+03
       865, 5.250783619E-02, 6.750398536E-02, 5.250783619E-02, 6.750398536E-02, 1.117258377E+03
       866, 3.750355993E-02, 5.250145487E-02, 3.750355993E-02, 5.250145487E-02, 1.118916280E+03
       867, 2.250119565E-02, 3.750050574E-02, 2.250119565E-02, 3.750050574E-02, 1.120599456E+03
       868, 7.500160671E-03, 2.250007626E-02, 7.500160671E-03, 2.250007626E-02, 1.122298083E+03
       869, 1.127960512E-01, 1.125839899E-01, 1.127960512E-01, 1.125839899E-01, 1.111014191E+03
       870, 9.759706503E-02, 9.754389277E-02, 9.759706503E-02, 9.754389277E-02, 1.112510968E+03
       871, 8.253476690E-02, 8.252337864E-02, 8.253476690E-02, 8.252337864E-02, 1.114049476E+03
       872, 6.751194807E-02, 6.750858503E-02, 6.751194807E-02, 6.750858503E-02, 1.115633252E+03
       873, 5.250549337E-02, 5.250249977E-02, 5.250549337E-02, 5.250249977E-02, 1.117257647E+03
       874, 3.750210380E-02, 3.750091628E-02, 3.750210380E-02, 3.750091628E-02, 1.118915998E+03
       875, 2.250046065E-02, 2.250024559E-02, 2.250046065E-02, 2.250024559E-02, 1.120599392E+03
       876, 7.500031492E-03, 7.500017194E-03, 7.500031492E-03, 7.500017194E-03, 1.122298083E+03
       877, 1.126282053E-01, 9.756540893E-02, 1.126282053E-01, 9.756540893E-02, 1.111022530E+03
       878, 9.754622872E-02, 8.253313021E-02, 9.754622872E-02, 8.253313021E-02, 1.112511261E+03
       879, 8.251628320E-02, 6.751633696E-02, 8.251628320E-02, 6.751633696E-02, 1.114048608E+03
       880, 6.750777265E-02, 5.250507363E-02, 6.750777265E-02, 5.250507363E-02, 1.115632192E+03
       881, 5.250309396E-02, 3.750144659E-02, 5.250309396E-02, 3.750144659E-02, 1.117257190E+03
       882, 3.750080036E-02, 2.250049291E-02, 3.750080036E-02, 2.250049291E-02, 1.118915870E+03
       883, 2.250010359E-02, 7.500073989E-03, 2.250010359E-02, 7.500073989E-03, 1.120599383E+03
       884, 1.125599427E-01, 8.255072573E-02, 1.125599427E-01, 8.255072573E-02, 1.111022245E+03
       885, 9.752125578E-02, 6.752448935E-02, 9.752125578E-02, 6.752448935E-02, 1.112509715E+03
       886, 8.251000542E-02, 5.251061979E-02, 8.251000542E-02, 5.251061979E-02, 1.114047023E+03
       887, 6.750419435E-02, 3.750283907E-02, 6.750419435E-02, 3.750283907E-02, 1.115631468E+03
       888, 5.250113398E-02, 2.250079757E-02, 5.250113398E-02, 2.250079757E-02, 1.117256954E+03
       889, 3.750015383E-02, 7.500144862E-03, 3.750015383E-02, 7.500144862E-03, 1.118915843E+03
       890, 1.125269079E-01, 6.753825376E-02, 1.125269079E-01, 6.753825376E-02, 1.111019635E+03
       891, 9.751206904E-02, 5.251738053E-02, 9.751206904E-02, 5.251738053E-02, 1.112507376E+03
       892, 8.250530924E-02, 3.750616476E-02, 8.250530924E-02, 3.750616476E-02, 1.114045856E+03
       893, 6.750155782E-02, 2.250160808E-02, 6.750155782E-02, 2.250160808E-02, 1.115631047E+03
       894, 5.250023627E-02, 7.500247364E-03, 5.250023627E-02, 7.500247364E-03, 1.117256877E+03
       895, 1.125145356E-01, 5.252801543E-02, 1.125145356E-01, 5.252801543E-02, 1.111016154E+03
       896, 9.750597322E-02, 3.751126666E-02, 9.750597322E-02, 3.751126666E-02, 1.112505563E+03
       897, 8.250197391E-02, 2.250320507E-02, 8.250197391E-02, 2.250320507E-02, 1.114045138E+03
       898, 6.750034557E-02, 7.500535778E-03, 6.750034557E-02, 7.500535778E-03, 1.115630887E+03
       899, 1.125069167E-01, 3.751923554E-02, 1.125069167E-01, 3.751923554E-02, 1.111013397E+03
       900, 9.750224244E-02, 2.250626970E-02, 9.750224244E-02, 2.250626970E-02, 1.112504362E+03
       901, 8.250042814E-02, 7.500992937E-03, 8.250042814E-02, 7.500992937E-03, 1.114044838E+03
       902, 1.125025871E-01, 2.251135778E-02, 1.125025871E-01, 2.251135778E-02, 1.111011527E+03
       903, 9.750066189E-02, 7.502010500E-03, 9.750066189E-02, 7.502010500E-03, 1.112503811E+03
       904, 1.125007840E-01, 7.503789209E-03, 1.125007840E-01, 7.503789209E-03, 1.111010639E+03
