nodenumber,    x-coordinate,    y-coordinate,    x-coordinate,    y-coordinate,     temperature
         1, 3.566773237E-01, 1.648291749E-01, 3.566773237E-01, 1.648291749E-01, 1.090405833E+03
         2, 3.566455794E-01, 1.798327943E-01, 3.566455794E-01, 1.798327943E-01, 1.090387667E+03
         3, 1.676031068E-01, 1.650601580E-01, 1.676031068E-01, 1.650601580E-01, 1.104741429E+03
         4, 1.670281935E-01, 1.500822037E-01, 1.670281935E-01, 1.500822037E-01, 1.104759581E+03
         5, 3.232339800E-01, 1.477197721E-01, 3.232339800E-01, 1.477197721E-01, 1.093052157E+03
         6, 3.408612568E-01, 1.489797759E-01, 3.408612568E-01, 1.489797759E-01, 1.091708979E+03
         7, 1.521029796E-01, 1.650758168E-01, 1.521029796E-01, 1.650758168E-01, 1.105996673E+03
         8, 1.525431596E-01, 1.800304865E-01, 1.525431596E-01, 1.800304865E-01, 1.105980540E+03
         9, 1.516336039E-01, 1.501098012E-01, 1.516336039E-01, 1.501098012E-01, 1.106017161E+03
        10, 1.831029901E-01, 1.650756662E-01, 1.831029901E-01, 1.650756662E-01, 1.103563784E+03
        11, 1.680969049E-01, 1.800138683E-01, 1.680969049E-01, 1.800138683E-01, 1.104732771E+03
        12, 1.528939831E-01, 1.949881503E-01, 1.528939831E-01, 1.949881503E-01, 1.105973585E+03
        13, 3.566044679E-01, 1.948592956E-01, 3.566044679E-01, 1.948592956E-01, 1.090368797E+03
        14, 3.724496890E-01, 1.800162228E-01, 3.724496890E-01, 1.800162228E-01, 1.089024986E+03
        15, 3.726560037E-01, 1.650183454E-01, 3.726560037E-01, 1.650183454E-01, 1.089020634E+03
        16, 3.454325373E-01, 1.346781833E-01, 3.454325373E-01, 1.346781833E-01, 1.091370671E+03
        17, 3.723410225E-01, 1.950050237E-01, 3.723410225E-01, 1.950050237E-01, 1.089019777E+03
        18, 3.308458982E-01, 1.346144028E-01, 3.308458982E-01, 1.346144028E-01, 1.092513650E+03
        19, 3.162726062E-01, 1.340536752E-01, 3.162726062E-01, 1.340536752E-01, 1.093601715E+03
        20, 1.664404018E-01, 1.350937505E-01, 1.664404018E-01, 1.350937505E-01, 1.104781989E+03
        21, 1.969034143E-01, 1.351078264E-01, 1.969034143E-01, 1.351078264E-01, 1.102470695E+03
        22, 1.978160895E-01, 1.501008392E-01, 1.978160895E-01, 1.501008392E-01, 1.102444507E+03
        23, 3.016493989E-01, 1.349410431E-01, 3.016493989E-01, 1.349410431E-01, 1.094665943E+03
        24, 1.366492043E-01, 1.651151925E-01, 1.366492043E-01, 1.651151925E-01, 1.107342374E+03
        25, 1.362754194E-01, 1.501345739E-01, 1.362754194E-01, 1.501345739E-01, 1.107363088E+03
        26, 2.869185600E-01, 1.351186923E-01, 2.869185600E-01, 1.351186923E-01, 1.095745265E+03
        27, 1.373396910E-01, 1.950534923E-01, 1.373396910E-01, 1.950534923E-01, 1.107309374E+03
        28, 2.121056072E-01, 1.351140411E-01, 2.121056072E-01, 1.351140411E-01, 1.101360810E+03
        29, 2.272656146E-01, 1.351145979E-01, 2.272656146E-01, 1.351145979E-01, 1.100241456E+03
        30, 1.378098764E-01, 2.249913370E-01, 1.378098764E-01, 2.249913370E-01, 1.107299293E+03
        31, 1.376070796E-01, 2.100219074E-01, 1.376070796E-01, 2.100219074E-01, 1.107301161E+03
        32, 1.684833621E-01, 1.949702841E-01, 1.684833621E-01, 1.949702841E-01, 1.104735433E+03
        33, 1.359186332E-01, 1.351384622E-01, 1.359186332E-01, 1.351384622E-01, 1.107383500E+03
        34, 3.749615940E-01, 1.350926372E-01, 3.749615940E-01, 1.350926372E-01, 1.088837144E+03
        35, 3.899094192E-01, 1.350893692E-01, 3.899094192E-01, 1.350893692E-01, 1.087419423E+03
        36, 3.407663980E-01, 1.945842258E-01, 3.407663980E-01, 1.945842258E-01, 1.091624223E+03
        37, 2.284991519E-01, 1.500937508E-01, 2.284991519E-01, 1.500937508E-01, 1.100184076E+03
        38, 3.749710531E-01, 1.200725552E-01, 3.749710531E-01, 1.200725552E-01, 1.088847095E+03
        39, 3.451918249E-01, 1.197410489E-01, 3.451918249E-01, 1.197410489E-01, 1.091410881E+03
        40, 3.155030727E-01, 1.191443736E-01, 3.155030727E-01, 1.191443736E-01, 1.093690298E+03
        41, 3.006993809E-01, 1.199580151E-01, 3.006993809E-01, 1.199580151E-01, 1.094771593E+03
        42, 2.858551889E-01, 1.201035887E-01, 2.858551889E-01, 1.201035887E-01, 1.095856136E+03
        43, 2.261499644E-01, 1.201185066E-01, 2.261499644E-01, 1.201185066E-01, 1.100293878E+03
        44, 2.111157311E-01, 1.201183470E-01, 2.111157311E-01, 1.201183470E-01, 1.101396358E+03
        45, 1.960490780E-01, 1.201074460E-01, 1.960490780E-01, 1.201074460E-01, 1.102498979E+03
        46, 3.600629581E-01, 1.200332620E-01, 3.600629581E-01, 1.200332620E-01, 1.090172425E+03
        47, 1.658670607E-01, 1.200958880E-01, 1.658670607E-01, 1.200958880E-01, 1.104806465E+03
        48, 1.206925939E-01, 1.351122948E-01, 1.206925939E-01, 1.351122948E-01, 1.108822496E+03
        49, 1.209783834E-01, 1.501195278E-01, 1.209783834E-01, 1.501195278E-01, 1.108802854E+03
        50, 2.411444672E-01, 1.201290491E-01, 2.411444672E-01, 1.201290491E-01, 1.099181985E+03
        51, 2.560977032E-01, 1.201401849E-01, 2.560977032E-01, 1.201401849E-01, 1.098066330E+03
        52, 3.718815912E-01, 2.399645412E-01, 3.718815912E-01, 2.399645412E-01, 1.089012289E+03
        53, 3.720208140E-01, 2.249767915E-01, 3.720208140E-01, 2.249767915E-01, 1.089016441E+03
        54, 3.407550761E-01, 2.097030454E-01, 3.407550761E-01, 2.097030454E-01, 1.091589542E+03
        55, 2.591266496E-01, 1.500842147E-01, 2.591266496E-01, 1.500842147E-01, 1.097829446E+03
        56, 2.605029761E-01, 1.650439740E-01, 2.605029761E-01, 1.650439740E-01, 1.097714233E+03
        57, 2.295312098E-01, 1.650688401E-01, 2.295312098E-01, 1.650688401E-01, 1.100146222E+03
        58, 2.760683467E-01, 1.649679008E-01, 2.760683467E-01, 1.649679008E-01, 1.096491432E+03
        59, 3.750086278E-01, 1.050543555E-01, 3.750086278E-01, 1.050543555E-01, 1.088853007E+03
        60, 3.600412201E-01, 1.050231459E-01, 3.600412201E-01, 1.050231459E-01, 1.090187460E+03
        61, 3.450869255E-01, 1.047995169E-01, 3.450869255E-01, 1.047995169E-01, 1.091437103E+03
        62, 3.151983671E-01, 1.043030704E-01, 3.151983671E-01, 1.043030704E-01, 1.093740469E+03
        63, 3.002788330E-01, 1.049482605E-01, 3.002788330E-01, 1.049482605E-01, 1.094832706E+03
        64, 2.853390675E-01, 1.050735585E-01, 2.853390675E-01, 1.050735585E-01, 1.095920498E+03
        65, 2.554355160E-01, 1.051114954E-01, 2.554355160E-01, 1.051114954E-01, 1.098116257E+03
        66, 2.254755005E-01, 1.051008944E-01, 2.254755005E-01, 1.051008944E-01, 1.100317784E+03
        67, 1.954458053E-01, 1.050946245E-01, 1.954458053E-01, 1.050946245E-01, 1.102514399E+03
        68, 1.653493501E-01, 1.050904477E-01, 1.653493501E-01, 1.050904477E-01, 1.104829604E+03
        69, 1.804010565E-01, 1.051071723E-01, 1.804010565E-01, 1.051071723E-01, 1.103645807E+03
        70, 1.502954712E-01, 1.051085368E-01, 1.502954712E-01, 1.051085368E-01, 1.106084882E+03
        71, 3.718196259E-01, 2.549550204E-01, 3.718196259E-01, 2.549550204E-01, 1.089001298E+03
        72, 1.352433781E-01, 1.051092678E-01, 1.352433781E-01, 1.051092678E-01, 1.107424808E+03
        73, 3.562652847E-01, 2.399096625E-01, 3.562652847E-01, 2.399096625E-01, 1.090323173E+03
        74, 3.250408169E-01, 2.096215297E-01, 3.250408169E-01, 2.096215297E-01, 1.092734487E+03
        75, 2.614524999E-01, 1.800202181E-01, 2.614524999E-01, 1.800202181E-01, 1.097627356E+03
        76, 2.770829791E-01, 1.799476941E-01, 2.770829791E-01, 1.799476941E-01, 1.096370086E+03
        77, 2.303176257E-01, 1.800458803E-01, 2.303176257E-01, 1.800458803E-01, 1.100132647E+03
        78, 3.718068785E-01, 2.699487630E-01, 3.718068785E-01, 2.699487630E-01, 1.088986257E+03
        79, 2.458427745E-01, 1.800505596E-01, 2.458427745E-01, 1.800505596E-01, 1.098887870E+03
        80, 3.750071698E-01, 9.004046946E-02, 3.750071698E-01, 9.004046946E-02, 1.088861351E+03
        81, 3.450294288E-01, 8.984978267E-02, 3.450294288E-01, 8.984978267E-02, 1.091457140E+03
        82, 3.150592948E-01, 8.946253038E-02, 3.150592948E-01, 8.946253038E-02, 1.093774095E+03
        83, 2.850978061E-01, 9.004792629E-02, 2.850978061E-01, 9.004792629E-02, 1.095959593E+03
        84, 2.551265949E-01, 9.008121198E-02, 2.551265949E-01, 9.008121198E-02, 1.098139182E+03
        85, 2.251485235E-01, 9.007741619E-02, 2.251485235E-01, 9.007741619E-02, 1.100320440E+03
        86, 1.951621007E-01, 9.007475098E-02, 1.951621007E-01, 9.007475098E-02, 1.102511144E+03
        87, 1.801588809E-01, 9.008773794E-02, 1.801588809E-01, 9.008773794E-02, 1.103644007E+03
        88, 1.651485430E-01, 9.007550691E-02, 1.651485430E-01, 9.007550691E-02, 1.104830024E+03
        89, 1.501327913E-01, 9.008945619E-02, 1.501327913E-01, 9.008945619E-02, 1.106087203E+03
        90, 1.351139231E-01, 9.008874059E-02, 1.351139231E-01, 9.008874059E-02, 1.107428386E+03
        91, 3.899991790E-01, 9.004191140E-02, 3.899991790E-01, 9.004191140E-02, 1.087430312E+03
        92, 3.300441745E-01, 8.964477005E-02, 3.300441745E-01, 8.964477005E-02, 1.092642382E+03
        93, 2.401384237E-01, 9.007737999E-02, 2.401384237E-01, 9.007737999E-02, 1.099230627E+03
        94, 3.562422795E-01, 2.549294611E-01, 3.562422795E-01, 2.549294611E-01, 1.090299658E+03
        95, 3.093451392E-01, 2.097055224E-01, 3.093451392E-01, 2.097055224E-01, 1.093824731E+03
        96, 3.406831271E-01, 2.398624300E-01, 3.406831271E-01, 2.398624300E-01, 1.091518571E+03
        97, 2.620285198E-01, 1.950127142E-01, 2.620285198E-01, 1.950127142E-01, 1.097566090E+03
        98, 2.776631738E-01, 1.949505389E-01, 2.776631738E-01, 1.949505389E-01, 1.096271952E+03
        99, 2.308338115E-01, 1.950318317E-01, 2.308338115E-01, 1.950318317E-01, 1.100147400E+03
       100, 2.463983042E-01, 1.950425554E-01, 2.463983042E-01, 1.950425554E-01, 1.098861461E+03
       101, 3.562742659E-01, 2.699486898E-01, 3.562742659E-01, 2.699486898E-01, 1.090272003E+03
       102, 2.933897987E-01, 1.948292901E-01, 2.933897987E-01, 1.948292901E-01, 1.095043351E+03
       103, 2.152782158E-01, 1.950170320E-01, 2.152782158E-01, 1.950170320E-01, 1.101357982E+03
       104, 3.899998897E-01, 7.503075356E-02, 3.899998897E-01, 7.503075356E-02, 1.087435107E+03
       105, 3.750023484E-01, 7.502933929E-02, 3.750023484E-01, 7.502933929E-02, 1.088868780E+03
       106, 3.450083613E-01, 7.489056609E-02, 3.450083613E-01, 7.489056609E-02, 1.091471818E+03
       107, 3.150150406E-01, 7.460246669E-02, 3.150150406E-01, 7.460246669E-02, 1.093796636E+03
       108, 2.850251578E-01, 7.502941165E-02, 2.850251578E-01, 7.502941165E-02, 1.095982120E+03
       109, 2.550327405E-01, 7.505645237E-02, 2.550327405E-01, 7.505645237E-02, 1.098146117E+03
       110, 2.400374440E-01, 7.505467506E-02, 2.400374440E-01, 7.505467506E-02, 1.099228402E+03
       111, 2.250427180E-01, 7.505628065E-02, 2.250427180E-01, 7.505628065E-02, 1.100311010E+03
       112, 1.950526985E-01, 7.505600762E-02, 1.950526985E-01, 7.505600762E-02, 1.102499394E+03
       113, 1.650570622E-01, 7.505970621E-02, 1.650570622E-01, 7.505970621E-02, 1.104824211E+03
       114, 1.500528646E-01, 7.507054591E-02, 1.500528646E-01, 7.507054591E-02, 1.106084267E+03
       115, 1.350460695E-01, 7.506952608E-02, 1.350460695E-01, 7.506952608E-02, 1.107427603E+03
       116, 2.700287238E-01, 7.503487498E-02, 2.700287238E-01, 7.503487498E-02, 1.097063941E+03
       117, 2.936592154E-01, 2.098610910E-01, 2.936592154E-01, 2.098610910E-01, 1.094934686E+03
       118, 3.407389831E-01, 2.549114456E-01, 3.407389831E-01, 2.549114456E-01, 1.091474964E+03
       119, 1.200381094E-01, 7.505463565E-02, 1.200381094E-01, 7.505463565E-02, 1.108861828E+03
       120, 3.251360442E-01, 2.398403625E-01, 3.251360442E-01, 2.398403625E-01, 1.092610904E+03
       121, 2.623619755E-01, 2.100170729E-01, 2.623619755E-01, 2.100170729E-01, 1.097521528E+03
       122, 2.779878674E-01, 2.099649707E-01, 2.779878674E-01, 2.099649707E-01, 1.096182294E+03
       123, 2.311565832E-01, 2.100270088E-01, 2.311565832E-01, 2.100270088E-01, 1.100186893E+03
       124, 2.467357296E-01, 2.100434148E-01, 2.467357296E-01, 2.100434148E-01, 1.098852820E+03
       125, 3.409091198E-01, 2.699456362E-01, 3.409091198E-01, 2.699456362E-01, 1.091423329E+03
       126, 3.900001221E-01, 6.002188072E-02, 3.900001221E-01, 6.002188072E-02, 1.087439060E+03
       127, 3.750008229E-01, 6.002074260E-02, 3.750008229E-01, 6.002074260E-02, 1.088874632E+03
       128, 3.450025628E-01, 5.992245424E-02, 3.450025628E-01, 5.992245424E-02, 1.091482829E+03
       129, 2.550086284E-01, 6.003827806E-02, 2.550086284E-01, 6.003827806E-02, 1.098147938E+03
       130, 2.400100555E-01, 6.003759429E-02, 2.400100555E-01, 6.003759429E-02, 1.099222866E+03
       131, 2.250119556E-01, 6.003971280E-02, 2.250119556E-01, 6.003971280E-02, 1.100299819E+03
       132, 1.950170706E-01, 6.004053470E-02, 1.950170706E-01, 6.004053470E-02, 1.102486230E+03
       133, 1.650228570E-01, 6.004518794E-02, 1.650228570E-01, 6.004518794E-02, 1.104816276E+03
       134, 1.500235468E-01, 6.005342022E-02, 1.500235468E-01, 6.005342022E-02, 1.106078799E+03
       135, 1.350225366E-01, 6.005251353E-02, 1.350225366E-01, 6.005251353E-02, 1.107424035E+03
       136, 1.200202504E-01, 6.004108707E-02, 1.200202504E-01, 6.004108707E-02, 1.108859596E+03
       137, 3.600016771E-01, 6.000026000E-02, 3.600016771E-01, 6.000026000E-02, 1.090220019E+03
       138, 1.800204717E-01, 6.004889225E-02, 1.800204717E-01, 6.004889225E-02, 1.103624199E+03
       139, 2.310742247E-01, 2.550351446E-01, 2.310742247E-01, 2.550351446E-01, 1.100481741E+03
       140, 2.300000000E-01, 2.700000000E-01, 2.300000000E-01, 2.700000000E-01, 1.100826310E+03
       141, 2.148360564E-01, 2.699733244E-01, 2.148360564E-01, 2.699733244E-01, 1.102082530E+03
       142, 3.095983723E-01, 2.398686459E-01, 3.095983723E-01, 2.398686459E-01, 1.093631177E+03
       143, 2.625581036E-01, 2.250233267E-01, 2.625581036E-01, 2.250233267E-01, 1.097486737E+03
       144, 2.781924486E-01, 2.249845476E-01, 2.781924486E-01, 2.249845476E-01, 1.096088662E+03
       145, 2.313194284E-01, 2.250291449E-01, 2.313194284E-01, 2.250291449E-01, 1.100251442E+03
       146, 2.951707401E-01, 2.699505727E-01, 2.951707401E-01, 2.699505727E-01, 1.094219471E+03
       147, 2.800000000E-01, 2.700000000E-01, 2.800000000E-01, 2.700000000E-01, 1.095475786E+03
       148, 2.469203204E-01, 2.250439435E-01, 2.469203204E-01, 2.250439435E-01, 1.098856648E+03
       149, 3.255793737E-01, 2.699384338E-01, 3.255793737E-01, 2.699384338E-01, 1.092456135E+03
       150, 3.900001045E-01, 4.501502849E-02, 3.900001045E-01, 4.501502849E-02, 1.087442115E+03
       151, 3.750002530E-01, 4.501419457E-02, 3.750002530E-01, 4.501419457E-02, 1.088879088E+03
       152, 3.600003024E-01, 4.499960861E-02, 3.600003024E-01, 4.499960861E-02, 1.090226257E+03
       153, 2.638333333E-01, 2.700000000E-01, 2.638333333E-01, 2.700000000E-01, 1.097324976E+03
       154, 2.629291678E-01, 2.550153661E-01, 2.629291678E-01, 2.550153661E-01, 1.097420269E+03
       155, 3.450003106E-01, 4.494706607E-02, 3.450003106E-01, 4.494706607E-02, 1.091491128E+03
       156, 2.466666667E-01, 2.700000000E-01, 2.466666667E-01, 2.700000000E-01, 1.098924933E+03
       157, 2.469368934E-01, 2.550218672E-01, 2.469368934E-01, 2.550218672E-01, 1.098889472E+03
       158, 2.550015151E-01, 4.502527944E-02, 2.550015151E-01, 4.502527944E-02, 1.098148513E+03
       159, 2.400020769E-01, 4.502513126E-02, 2.400020769E-01, 4.502513126E-02, 1.099217800E+03
       160, 2.250028601E-01, 4.502707146E-02, 2.250028601E-01, 4.502707146E-02, 1.100290408E+03
       161, 1.950050135E-01, 4.502817236E-02, 1.950050135E-01, 4.502817236E-02, 1.102475120E+03
       162, 1.650082007E-01, 4.503247532E-02, 1.650082007E-01, 4.503247532E-02, 1.104809230E+03
       163, 1.500095605E-01, 4.503843055E-02, 1.500095605E-01, 4.503843055E-02, 1.106073843E+03
       164, 1.350101533E-01, 4.503774156E-02, 1.350101533E-01, 4.503774156E-02, 1.107420759E+03
       165, 1.200099367E-01, 4.502943018E-02, 1.200099367E-01, 4.502943018E-02, 1.108857554E+03
       166, 3.900000426E-01, 1.500480048E-02, 3.900000426E-01, 1.500480048E-02, 1.087445400E+03
       167, 3.900000000E-01, 0.000000000E+00, 3.900000000E-01, 0.000000000E+00, 1.087445749E+03
       168, 3.750000945E-01, 1.500454264E-02, 3.750000945E-01, 1.500454264E-02, 1.088883942E+03
       169, 3.750000000E-01, 0.000000000E+00, 3.750000000E-01, 0.000000000E+00, 1.088884497E+03
       170, 3.600001848E-01, 1.499933307E-02, 3.600001848E-01, 1.499933307E-02, 1.090233060E+03
       171, 3.600000000E-01, 0.000000000E+00, 3.600000000E-01, 0.000000000E+00, 1.090233866E+03
       172, 3.450001777E-01, 1.498316373E-02, 3.450001777E-01, 1.498316373E-02, 1.091500186E+03
       173, 3.450000000E-01, 0.000000000E+00, 3.450000000E-01, 0.000000000E+00, 1.091501274E+03
       174, 3.300001231E-01, 1.496447649E-02, 3.300001231E-01, 1.496447649E-02, 1.092696855E+03
       175, 3.300000000E-01, 0.000000000E+00, 3.300000000E-01, 0.000000000E+00, 1.092698225E+03
       176, 3.150000021E-01, 1.494698684E-02, 3.150000021E-01, 1.494698684E-02, 1.093837955E+03
       177, 3.150000000E-01, 0.000000000E+00, 3.150000000E-01, 0.000000000E+00, 1.093839534E+03
       178, 2.999999736E-01, 1.499003997E-02, 2.999999736E-01, 1.499003997E-02, 1.094940058E+03
       179, 3.000000000E-01, 0.000000000E+00, 3.000000000E-01, 0.000000000E+00, 1.094941669E+03
       180, 2.849999823E-01, 1.500135378E-02, 2.849999823E-01, 1.500135378E-02, 1.096018751E+03
       181, 2.850000000E-01, 0.000000000E+00, 2.850000000E-01, 0.000000000E+00, 1.096020095E+03
       182, 2.699999914E-01, 1.500081171E-02, 2.699999914E-01, 1.500081171E-02, 1.097085870E+03
       183, 2.700000000E-01, 0.000000000E+00, 2.700000000E-01, 0.000000000E+00, 1.097086638E+03
       184, 2.550000018E-01, 1.500794133E-02, 2.550000018E-01, 1.500794133E-02, 1.098148698E+03
       185, 2.550000000E-01, 0.000000000E+00, 2.550000000E-01, 0.000000000E+00, 1.098148708E+03
       186, 2.400000125E-01, 1.500790845E-02, 2.400000125E-01, 1.500790845E-02, 1.099211747E+03
       187, 2.400000000E-01, 0.000000000E+00, 2.400000000E-01, 0.000000000E+00, 1.099210999E+03
       188, 2.250000341E-01, 1.500861561E-02, 2.250000341E-01, 1.500861561E-02, 1.100279542E+03
       189, 2.250000000E-01, 0.000000000E+00, 2.250000000E-01, 0.000000000E+00, 1.100278209E+03
       190, 2.100000876E-01, 1.500535527E-02, 2.100000876E-01, 1.500535527E-02, 1.101359185E+03
       191, 2.100000000E-01, 0.000000000E+00, 2.100000000E-01, 0.000000000E+00, 1.101357570E+03
       192, 3.000005572E-01, 4.496995820E-02, 3.000005572E-01, 4.496995820E-02, 1.094926640E+03
       193, 3.150000656E-01, 4.483029633E-02, 3.150000656E-01, 4.483029633E-02, 1.093824881E+03
       194, 1.950001958E-01, 1.500905462E-02, 1.950001958E-01, 1.500905462E-02, 1.102462163E+03
       195, 1.950000000E-01, 0.000000000E+00, 1.950000000E-01, 0.000000000E+00, 1.102460574E+03
       196, 1.800003764E-01, 1.500824526E-02, 1.800003764E-01, 1.500824526E-02, 1.103603810E+03
       197, 1.800000000E-01, 0.000000000E+00, 1.800000000E-01, 0.000000000E+00, 1.103602453E+03
       198, 1.650005920E-01, 1.501060545E-02, 1.650005920E-01, 1.501060545E-02, 1.104800670E+03
       199, 1.650000000E-01, 0.000000000E+00, 1.650000000E-01, 0.000000000E+00, 1.104799628E+03
       200, 2.850007799E-01, 4.500506343E-02, 2.850007799E-01, 4.500506343E-02, 1.096007544E+03
       201, 1.500007843E-01, 1.501255690E-02, 1.500007843E-01, 1.501255690E-02, 1.106067759E+03
       202, 1.500000000E-01, 0.000000000E+00, 1.500000000E-01, 0.000000000E+00, 1.106067029E+03
       203, 1.350009029E-01, 1.501232549E-02, 1.350009029E-01, 1.501232549E-02, 1.107416760E+03
       204, 1.350000000E-01, 0.000000000E+00, 1.350000000E-01, 0.000000000E+00, 1.107416296E+03
       205, 1.200009220E-01, 1.500959447E-02, 1.200009220E-01, 1.500959447E-02, 1.108855162E+03
       206, 1.200000000E-01, 0.000000000E+00, 1.200000000E-01, 0.000000000E+00, 1.108854908E+03
       207, 2.700010885E-01, 4.500438967E-02, 2.700010885E-01, 4.500438967E-02, 1.097079433E+03
       208, 2.627098510E-01, 2.400211990E-01, 2.627098510E-01, 2.400211990E-01, 1.097455814E+03
       209, 2.783997000E-01, 2.400055148E-01, 2.783997000E-01, 2.400055148E-01, 1.095978021E+03
       210, 2.313227230E-01, 2.400336499E-01, 2.313227230E-01, 2.400336499E-01, 1.100345011E+03
       211, 2.469935429E-01, 2.400370567E-01, 2.469935429E-01, 2.400370567E-01, 1.098868638E+03
       212, 3.103397182E-01, 2.699350048E-01, 3.103397182E-01, 2.699350048E-01, 1.093378326E+03
       213, 3.900000706E-01, 3.000957242E-02, 3.900000706E-01, 3.000957242E-02, 1.087444231E+03
       214, 3.750001355E-01, 3.000903213E-02, 3.750001355E-01, 3.000903213E-02, 1.088882181E+03
       215, 3.450002123E-01, 2.996642837E-02, 3.450002123E-01, 2.996642837E-02, 1.091496849E+03
       216, 3.149999976E-01, 2.989428246E-02, 3.149999976E-01, 2.989428246E-02, 1.093833124E+03
       217, 3.000000954E-01, 2.998003791E-02, 3.000000954E-01, 2.998003791E-02, 1.094935110E+03
       218, 2.850001378E-01, 3.000256708E-02, 2.850001378E-01, 3.000256708E-02, 1.096014625E+03
       219, 2.700001896E-01, 3.000166781E-02, 2.700001896E-01, 3.000166781E-02, 1.097083508E+03
       220, 2.550002719E-01, 3.001578794E-02, 2.550002719E-01, 3.001578794E-02, 1.098148650E+03
       221, 2.400003991E-01, 3.001577731E-02, 2.400003991E-01, 3.001577731E-02, 1.099214008E+03
       222, 2.250006037E-01, 3.001717429E-02, 2.250006037E-01, 3.001717429E-02, 1.100283586E+03
       223, 1.950012566E-01, 3.001807032E-02, 1.950012566E-01, 3.001807032E-02, 1.102467004E+03
       224, 3.406117406E-01, 1.793890715E-01, 3.406117406E-01, 1.793890715E-01, 1.091669453E+03
       225, 1.650024581E-01, 3.002119137E-02, 1.650024581E-01, 3.002119137E-02, 1.104803902E+03
       226, 3.059669692E-01, 1.493482602E-01, 3.059669692E-01, 1.493482602E-01, 1.094311703E+03
       227, 1.500031420E-01, 3.002509004E-02, 1.500031420E-01, 3.002509004E-02, 1.106070064E+03
       228, 1.350035820E-01, 3.002462707E-02, 1.350035820E-01, 3.002462707E-02, 1.107418275E+03
       229, 1.200036997E-01, 3.001916848E-02, 1.200036997E-01, 3.001916848E-02, 1.108856055E+03
       230, 1.836566579E-01, 1.800297266E-01, 1.836566579E-01, 1.800297266E-01, 1.103564644E+03
       231, 1.687804886E-01, 2.099359518E-01, 1.687804886E-01, 2.099359518E-01, 1.104747672E+03
       232, 3.721166927E-01, 2.099902214E-01, 3.721166927E-01, 2.099902214E-01, 1.089024095E+03
       233, 2.709767222E-01, 1.201407944E-01, 2.709767222E-01, 1.201407944E-01, 1.096956406E+03
       234, 2.437703577E-01, 1.500923693E-01, 2.437703577E-01, 1.500923693E-01, 1.099015245E+03
       235, 2.449619773E-01, 1.650685434E-01, 2.449619773E-01, 1.650685434E-01, 1.098939874E+03
       236, 1.985806778E-01, 1.650711866E-01, 1.985806778E-01, 1.650711866E-01, 1.102436138E+03
       237, 3.240425906E-01, 1.637508242E-01, 3.240425906E-01, 1.637508242E-01, 1.092952299E+03
       238, 1.824146317E-01, 1.501051441E-01, 1.824146317E-01, 1.501051441E-01, 1.103578076E+03
       239, 3.250840064E-01, 2.247430485E-01, 3.250840064E-01, 2.247430485E-01, 1.092674722E+03
       240, 1.531784705E-01, 2.099518343E-01, 1.531784705E-01, 2.099518343E-01, 1.105973589E+03
       241, 1.511842774E-01, 1.351221477E-01, 1.511842774E-01, 1.351221477E-01, 1.106037936E+03
       242, 1.689853797E-01, 2.249134740E-01, 1.689853797E-01, 2.249134740E-01, 1.104769182E+03
       243, 1.691220692E-01, 2.399000349E-01, 1.691220692E-01, 2.399000349E-01, 1.104797470E+03
       244, 2.788073015E-01, 2.550231960E-01, 2.788073015E-01, 2.550231960E-01, 1.095827340E+03
       245, 2.131392196E-01, 1.500970590E-01, 2.131392196E-01, 1.500970590E-01, 1.101328779E+03
       246, 2.422709499E-01, 1.351265241E-01, 2.422709499E-01, 1.351265241E-01, 1.099113031E+03
       247, 2.720999436E-01, 1.351444436E-01, 2.720999436E-01, 1.351444436E-01, 1.096852799E+03
       248, 3.303438206E-01, 1.196000642E-01, 3.303438206E-01, 1.196000642E-01, 1.092576755E+03
       249, 1.379776356E-01, 2.399674631E-01, 1.379776356E-01, 2.399674631E-01, 1.107300871E+03
       250, 1.846372734E-01, 2.399250221E-01, 1.846372734E-01, 2.399250221E-01, 1.103706895E+03
       251, 2.701122833E-01, 9.007033843E-02, 2.701122833E-01, 9.007033843E-02, 1.097048005E+03
       252, 1.845857223E-01, 2.249295359E-01, 1.845857223E-01, 2.249295359E-01, 1.103651108E+03
       253, 2.154666254E-01, 2.549781593E-01, 2.154666254E-01, 2.549781593E-01, 1.101836079E+03
       254, 2.001506846E-01, 2.249529960E-01, 2.001506846E-01, 2.249529960E-01, 1.102596090E+03
       255, 2.104606071E-01, 1.051052074E-01, 2.104606071E-01, 1.051052074E-01, 1.101413406E+03
       256, 1.204858815E-01, 1.200985454E-01, 1.204858815E-01, 1.200985454E-01, 1.108835229E+03
       257, 1.200949643E-01, 9.007055014E-02, 1.200949643E-01, 9.007055014E-02, 1.108861129E+03
       258, 3.734481238E-01, 1.500345262E-01, 3.734481238E-01, 1.500345262E-01, 1.088962575E+03
       259, 1.356183235E-01, 1.201230847E-01, 1.356183235E-01, 1.201230847E-01, 1.107400040E+03
       260, 3.300119398E-01, 7.472204485E-02, 3.300119398E-01, 7.472204485E-02, 1.092661249E+03
       261, 1.535479058E-01, 2.399113675E-01, 1.535479058E-01, 2.399113675E-01, 1.105992981E+03
       262, 3.563684904E-01, 2.248929562E-01, 3.563684904E-01, 2.248929562E-01, 1.090340018E+03
       263, 1.201952811E-01, 1.050861145E-01, 1.201952811E-01, 1.050861145E-01, 1.108857067E+03
       264, 2.404555459E-01, 1.051090341E-01, 2.404555459E-01, 1.051090341E-01, 1.099219143E+03
       265, 2.918019380E-01, 1.648077866E-01, 2.918019380E-01, 1.648077866E-01, 1.095295061E+03
       266, 1.381119307E-01, 2.549497695E-01, 1.381119307E-01, 2.549497695E-01, 1.107305476E+03
       267, 3.600051295E-01, 7.500602871E-02, 3.600051295E-01, 7.500602871E-02, 1.090211783E+03
       268, 3.576058597E-01, 1.498520595E-01, 3.576058597E-01, 1.498520595E-01, 1.090347550E+03
       269, 3.253181206E-01, 2.548962085E-01, 3.253181206E-01, 2.548962085E-01, 1.092536301E+03
       270, 3.000819353E-01, 8.995005659E-02, 3.000819353E-01, 8.995005659E-02, 1.094872160E+03
       271, 3.564507373E-01, 2.098759616E-01, 3.564507373E-01, 2.098759616E-01, 1.090357870E+03
       272, 3.600178386E-01, 9.001530957E-02, 3.600178386E-01, 9.001530957E-02, 1.090200954E+03
       273, 3.091301096E-01, 1.945781831E-01, 3.091301096E-01, 1.945781831E-01, 1.093913654E+03
       274, 3.150036479E-01, 5.971584477E-02, 3.150036479E-01, 5.971584477E-02, 1.093812889E+03
       275, 2.899122615E-01, 1.498792992E-01, 2.899122615E-01, 1.498792992E-01, 1.095484471E+03
       276, 3.404417245E-01, 1.641756764E-01, 3.404417245E-01, 1.641756764E-01, 1.091713278E+03
       277, 1.996720132E-01, 1.950008050E-01, 1.996720132E-01, 1.950008050E-01, 1.102475443E+03
       278, 2.703874830E-01, 1.051097866E-01, 2.703874830E-01, 1.051097866E-01, 1.097015481E+03
       279, 3.249085004E-01, 1.944201717E-01, 3.249085004E-01, 1.944201717E-01, 1.092796667E+03
       280, 1.816724062E-01, 1.351124666E-01, 1.816724062E-01, 1.351124666E-01, 1.103601406E+03
       281, 1.845944270E-01, 2.549281147E-01, 1.845944270E-01, 2.549281147E-01, 1.103771657E+03
       282, 1.381858050E-01, 2.699404476E-01, 1.381858050E-01, 2.699404476E-01, 1.107315200E+03
       283, 1.999946453E-01, 2.549432182E-01, 1.999946453E-01, 2.549432182E-01, 1.102798113E+03
       284, 2.850065147E-01, 6.001736503E-02, 2.850065147E-01, 6.001736503E-02, 1.095996984E+03
       285, 3.899973362E-01, 1.050574417E-01, 3.899973362E-01, 1.050574417E-01, 1.087424776E+03
       286, 3.889492969E-01, 1.500734461E-01, 3.889492969E-01, 1.500734461E-01, 1.087504726E+03
       287, 2.147339415E-01, 1.800443063E-01, 2.147339415E-01, 1.800443063E-01, 1.101324708E+03
       288, 1.370374430E-01, 1.800833508E-01, 1.370374430E-01, 1.800833508E-01, 1.107321512E+03
       289, 1.840574726E-01, 1.949879435E-01, 1.840574726E-01, 1.949879435E-01, 1.103581915E+03
       290, 2.100477132E-01, 7.506075020E-02, 2.100477132E-01, 7.506075020E-02, 1.101397569E+03
       291, 1.691237199E-01, 2.549055686E-01, 1.691237199E-01, 2.549055686E-01, 1.104836579E+03
       292, 1.533884138E-01, 2.249273503E-01, 1.533884138E-01, 2.249273503E-01, 1.105980857E+03
       293, 1.844240902E-01, 2.699428569E-01, 1.844240902E-01, 2.699428569E-01, 1.103845647E+03
       294, 1.691271581E-01, 2.699191425E-01, 1.691271581E-01, 2.699191425E-01, 1.104875621E+03
       295, 2.928137198E-01, 1.798077194E-01, 2.928137198E-01, 1.798077194E-01, 1.095159415E+03
       296, 1.536861735E-01, 2.699146826E-01, 1.536861735E-01, 2.699146826E-01, 1.106032248E+03
       297, 2.100145213E-01, 6.003956639E-02, 2.100145213E-01, 6.003956639E-02, 1.101383790E+03
       298, 3.601932984E-01, 1.350507640E-01, 3.601932984E-01, 1.350507640E-01, 1.090145864E+03
       299, 3.300008312E-01, 4.486429267E-02, 3.300008312E-01, 4.486429267E-02, 1.092685478E+03
       300, 1.809575147E-01, 1.201131558E-01, 1.809575147E-01, 1.201131558E-01, 1.103627441E+03
       301, 2.743987587E-01, 1.500257176E-01, 2.743987587E-01, 1.500257176E-01, 1.096653028E+03
       302, 3.300033450E-01, 5.979305802E-02, 3.300033450E-01, 5.979305802E-02, 1.092675143E+03
       303, 3.899463383E-01, 1.200735209E-01, 3.899463383E-01, 1.200735209E-01, 1.087423267E+03
       304, 1.843643129E-01, 2.099526188E-01, 1.843643129E-01, 2.099526188E-01, 1.103611078E+03
       305, 1.507426910E-01, 1.201153104E-01, 1.507426910E-01, 1.201153104E-01, 1.106060105E+03
       306, 3.094628827E-01, 2.247967233E-01, 3.094628827E-01, 2.247967233E-01, 1.093733267E+03
       307, 3.000217808E-01, 7.495511241E-02, 3.000217808E-01, 7.495511241E-02, 1.094896904E+03
       308, 2.157146599E-01, 2.249854955E-01, 2.157146599E-01, 2.249854955E-01, 1.101521465E+03
       309, 2.571859837E-01, 1.351528952E-01, 2.571859837E-01, 1.351528952E-01, 1.097982449E+03
       310, 2.940372954E-01, 2.399242191E-01, 2.940372954E-01, 2.399242191E-01, 1.094666652E+03
       311, 2.140237214E-01, 1.650707364E-01, 2.140237214E-01, 1.650707364E-01, 1.101315549E+03
       312, 2.155447317E-01, 2.099988336E-01, 2.155447317E-01, 2.099988336E-01, 1.101426653E+03
       313, 3.407206320E-01, 2.247827413E-01, 3.407206320E-01, 2.247827413E-01, 1.091554691E+03
       314, 3.301416025E-01, 1.046234658E-01, 3.301416025E-01, 1.046234658E-01, 1.092615204E+03
       315, 1.536210940E-01, 2.549102344E-01, 1.536210940E-01, 2.549102344E-01, 1.106012354E+03
       316, 1.800548592E-01, 7.506850958E-02, 1.800548592E-01, 7.506850958E-02, 1.103635123E+03
       317, 1.800066077E-01, 4.503430659E-02, 1.800066077E-01, 4.503430659E-02, 1.103614888E+03
       318, 1.800018577E-01, 3.001963360E-02, 1.800018577E-01, 3.001963360E-02, 1.103607965E+03
       319, 2.700075647E-01, 6.001973001E-02, 2.700075647E-01, 6.001973001E-02, 1.097073181E+03
       320, 2.101553410E-01, 9.008429971E-02, 2.101553410E-01, 9.008429971E-02, 1.101410284E+03
       321, 2.944266710E-01, 2.549463475E-01, 2.944266710E-01, 2.549463475E-01, 1.094473228E+03
       322, 3.099075721E-01, 2.549079544E-01, 3.099075721E-01, 2.549079544E-01, 1.093510409E+03
       323, 3.600001622E-01, 2.999958571E-02, 3.600001622E-01, 2.999958571E-02, 1.090230572E+03
       324, 2.938344874E-01, 2.248937710E-01, 2.938344874E-01, 2.248937710E-01, 1.094813912E+03
       325, 3.300008338E-01, 2.991442114E-02, 3.300008338E-01, 2.991442114E-02, 1.092692615E+03
       326, 3.245853029E-01, 1.792196816E-01, 3.245853029E-01, 1.792196816E-01, 1.092868269E+03
       327, 2.156924974E-01, 2.399806284E-01, 2.156924974E-01, 2.399806284E-01, 1.101654842E+03
       328, 3.000058420E-01, 5.996265589E-02, 3.000058420E-01, 5.996265589E-02, 1.094914133E+03
       329, 2.100039391E-01, 4.502683701E-02, 2.100039391E-01, 4.502683701E-02, 1.101372360E+03
       330, 2.100009314E-01, 3.001400944E-02, 2.100009314E-01, 3.001400944E-02, 1.101364091E+03
       331, 1.996492658E-01, 2.699502956E-01, 1.996492658E-01, 2.699502956E-01, 1.102924671E+03
       332, 1.992012485E-01, 1.800350377E-01, 1.992012485E-01, 1.800350377E-01, 1.102446051E+03
       333, 1.999728969E-01, 2.099736482E-01, 1.999728969E-01, 2.099736482E-01, 1.102526408E+03
       334, 2.001488809E-01, 2.399452424E-01, 2.001488809E-01, 2.399452424E-01, 1.102687956E+03
       335, 3.077945507E-01, 1.642829421E-01, 3.077945507E-01, 1.642829421E-01, 1.094130813E+03
       336, 3.086378501E-01, 1.794309439E-01, 3.086378501E-01, 1.794309439E-01, 1.094013535E+03
       337, 3.875031311E-01, 2.400243086E-01, 0.000000000E+00, 0.000000000E+00, 0.000000000E+00
       338, 3.876482147E-01, 2.250482955E-01, 0.000000000E+00, 0.000000000E+00, 0.000000000E+00
       339, 3.877474910E-01, 2.100592375E-01, 0.000000000E+00, 0.000000000E+00, 0.000000000E+00
       340, 3.879689135E-01, 1.950696459E-01, 0.000000000E+00, 0.000000000E+00, 0.000000000E+00
       341, 3.881136880E-01, 1.800726044E-01, 0.000000000E+00, 0.000000000E+00, 0.000000000E+00
       342, 3.883567093E-01, 1.650709353E-01, 0.000000000E+00, 0.000000000E+00, 0.000000000E+00
       343, 1.212582079E-01, 1.651197263E-01, 0.000000000E+00, 0.000000000E+00, 0.000000000E+00
       344, 1.215425196E-01, 1.801112108E-01, 0.000000000E+00, 0.000000000E+00, 0.000000000E+00
       345, 1.218173797E-01, 1.950951345E-01, 0.000000000E+00, 0.000000000E+00, 0.000000000E+00
       346, 1.220796871E-01, 2.100738728E-01, 0.000000000E+00, 0.000000000E+00, 0.000000000E+00
       347, 1.222492962E-01, 2.250532380E-01, 0.000000000E+00, 0.000000000E+00, 0.000000000E+00
       348, 3.874492378E-01, 2.549960593E-01, 0.000000000E+00, 0.000000000E+00, 0.000000000E+00
       349, 3.874056601E-01, 2.699711389E-01, 0.000000000E+00, 0.000000000E+00, 0.000000000E+00
       350, 3.874034710E-01, 2.849501756E-01, 0.000000000E+00, 0.000000000E+00, 0.000000000E+00
       351, 4.038311617E-01, 1.650759100E-01, 0.000000000E+00, 0.000000000E+00, 0.000000000E+00
       352, 4.048944536E-01, 1.350609306E-01, 0.000000000E+00, 0.000000000E+00, 0.000000000E+00
       353, 4.049857385E-01, 1.050392617E-01, 0.000000000E+00, 0.000000000E+00, 0.000000000E+00
       354, 1.051469965E-01, 1.050540407E-01, 0.000000000E+00, 0.000000000E+00, 0.000000000E+00
       355, 1.053570053E-01, 1.200705068E-01, 0.000000000E+00, 0.000000000E+00, 0.000000000E+00
       356, 1.055241695E-01, 1.350875578E-01, 0.000000000E+00, 0.000000000E+00, 0.000000000E+00
       357, 1.057603249E-01, 1.501020296E-01, 0.000000000E+00, 0.000000000E+00, 0.000000000E+00
       358, 1.059428823E-01, 1.651138663E-01, 0.000000000E+00, 0.000000000E+00, 0.000000000E+00
       359, 1.050744749E-01, 9.004168175E-02, 0.000000000E+00, 0.000000000E+00, 0.000000000E+00
       360, 3.718279778E-01, 2.849461555E-01, 0.000000000E+00, 0.000000000E+00, 0.000000000E+00
       361, 4.049946328E-01, 9.002943734E-02, 0.000000000E+00, 0.000000000E+00, 0.000000000E+00
       362, 1.537503990E-01, 2.849251977E-01, 0.000000000E+00, 0.000000000E+00, 0.000000000E+00
       363, 3.563272396E-01, 2.849652695E-01, 0.000000000E+00, 0.000000000E+00, 0.000000000E+00
       364, 4.049981317E-01, 7.502149733E-02, 0.000000000E+00, 0.000000000E+00, 0.000000000E+00
       365, 1.050301875E-01, 7.503184997E-02, 0.000000000E+00, 0.000000000E+00, 0.000000000E+00
       366, 1.691134082E-01, 2.849408304E-01, 0.000000000E+00, 0.000000000E+00, 0.000000000E+00
       367, 3.409262018E-01, 2.849764769E-01, 0.000000000E+00, 0.000000000E+00, 0.000000000E+00
       368, 4.049995527E-01, 6.001529354E-02, 0.000000000E+00, 0.000000000E+00, 0.000000000E+00
       369, 1.050172524E-01, 6.002379987E-02, 0.000000000E+00, 0.000000000E+00, 0.000000000E+00
       370, 1.843664517E-01, 2.849584546E-01, 0.000000000E+00, 0.000000000E+00, 0.000000000E+00
       371, 3.256227226E-01, 2.849731442E-01, 0.000000000E+00, 0.000000000E+00, 0.000000000E+00
       372, 4.049999286E-01, 4.501049566E-02, 0.000000000E+00, 0.000000000E+00, 0.000000000E+00
       373, 1.050090743E-01, 4.501703173E-02, 0.000000000E+00, 0.000000000E+00, 0.000000000E+00
       374, 1.995919555E-01, 2.849611832E-01, 0.000000000E+00, 0.000000000E+00, 0.000000000E+00
       375, 3.103902334E-01, 2.849621782E-01, 0.000000000E+00, 0.000000000E+00, 0.000000000E+00
       376, 4.049999969E-01, 3.000667559E-02, 0.000000000E+00, 0.000000000E+00, 0.000000000E+00
       377, 1.050035191E-01, 3.001108404E-02, 0.000000000E+00, 0.000000000E+00, 0.000000000E+00
       378, 2.147989348E-01, 2.849813581E-01, 0.000000000E+00, 0.000000000E+00, 0.000000000E+00
       379, 2.951911611E-01, 2.849708126E-01, 0.000000000E+00, 0.000000000E+00, 0.000000000E+00
       380, 4.050000030E-01, 1.500334170E-02, 0.000000000E+00, 0.000000000E+00, 0.000000000E+00
       381, 1.050008640E-01, 1.500554294E-02, 0.000000000E+00, 0.000000000E+00, 0.000000000E+00
       382, 4.049215794E-01, 1.200500271E-01, 0.000000000E+00, 0.000000000E+00, 0.000000000E+00
       383, 1.226713278E-01, 2.699857205E-01, 0.000000000E+00, 0.000000000E+00, 0.000000000E+00
       384, 1.382584240E-01, 2.849332076E-01, 0.000000000E+00, 0.000000000E+00, 0.000000000E+00
       385, 1.225605808E-01, 2.550085754E-01, 0.000000000E+00, 0.000000000E+00, 0.000000000E+00
       386, 4.042543120E-01, 1.500645768E-01, 0.000000000E+00, 0.000000000E+00, 0.000000000E+00
       387, 1.224283196E-01, 2.400306637E-01, 0.000000000E+00, 0.000000000E+00, 0.000000000E+00
       388, 1.227253142E-01, 2.849654855E-01, 0.000000000E+00, 0.000000000E+00, 0.000000000E+00
       389, 2.300000000E-01, 2.850000000E-01, 0.000000000E+00, 0.000000000E+00, 0.000000000E+00
       390, 1.050000000E-01, 0.000000000E+00, 0.000000000E+00, 0.000000000E+00, 0.000000000E+00
       391, 4.050000000E-01, 0.000000000E+00, 0.000000000E+00, 0.000000000E+00, 0.000000000E+00
       392, 2.800000000E-01, 2.850000000E-01, 0.000000000E+00, 0.000000000E+00, 0.000000000E+00
       393, 4.030961817E-01, 2.400702456E-01, 4.030961817E-01, 2.400702456E-01, 1.086042496E+03
       394, 4.032111951E-01, 2.250910428E-01, 4.032111951E-01, 2.250910428E-01, 1.086037743E+03
       395, 4.034990591E-01, 1.950962162E-01, 4.034990591E-01, 1.950962162E-01, 1.086021969E+03
       396, 4.030544441E-01, 2.550430296E-01, 4.030544441E-01, 2.550430296E-01, 1.086039803E+03
       397, 4.029865241E-01, 2.849641083E-01, 4.029865241E-01, 2.849641083E-01, 1.086033447E+03
       398, 4.029886264E-01, 2.700047962E-01, 4.029886264E-01, 2.700047962E-01, 1.086039748E+03
       399, 4.199858127E-01, 1.050247788E-01, 4.199858127E-01, 1.050247788E-01, 1.084284637E+03
       400, 4.185070599E-01, 2.849836403E-01, 4.185070599E-01, 2.849836403E-01, 1.084397472E+03
       401, 4.185841661E-01, 2.550328831E-01, 4.185841661E-01, 2.550328831E-01, 1.084397728E+03
       402, 4.186989451E-01, 2.250628175E-01, 4.186989451E-01, 2.250628175E-01, 1.084394347E+03
       403, 4.189187819E-01, 1.950630301E-01, 4.189187819E-01, 1.950630301E-01, 1.084379391E+03
       404, 4.191686652E-01, 1.650502602E-01, 4.191686652E-01, 1.650502602E-01, 1.084360590E+03
       405, 4.199014152E-01, 1.350413586E-01, 4.199014152E-01, 1.350413586E-01, 1.084287605E+03
       406, 3.718643013E-01, 2.999468115E-01, 3.718643013E-01, 2.999468115E-01, 1.088950826E+03
       407, 3.719174320E-01, 3.149497655E-01, 3.719174320E-01, 3.149497655E-01, 1.088932459E+03
       408, 4.184748511E-01, 2.999625671E-01, 4.184748511E-01, 2.999625671E-01, 1.084396978E+03
       409, 4.187279334E-01, 2.100629974E-01, 4.187279334E-01, 2.100629974E-01, 1.084395787E+03
       410, 4.190713816E-01, 1.800587440E-01, 4.190713816E-01, 1.800587440E-01, 1.084367026E+03
       411, 4.199944600E-01, 9.001861980E-02, 4.199944600E-01, 9.001861980E-02, 1.084286292E+03
       412, 3.719935247E-01, 3.299540610E-01, 3.719935247E-01, 3.299540610E-01, 1.088913435E+03
       413, 3.874696092E-01, 3.299242478E-01, 3.874696092E-01, 3.299242478E-01, 1.087529636E+03
       414, 3.563942543E-01, 2.999777499E-01, 3.563942543E-01, 2.999777499E-01, 1.090214796E+03
       415, 3.564640381E-01, 3.149854648E-01, 3.564640381E-01, 3.149854648E-01, 1.090187642E+03
       416, 3.875452805E-01, 3.449347427E-01, 3.875452805E-01, 3.449347427E-01, 1.087515507E+03
       417, 4.338941528E-01, 2.999915037E-01, 4.338941528E-01, 2.999915037E-01, 1.082671078E+03
       418, 3.565507739E-01, 3.299901112E-01, 3.565507739E-01, 3.299901112E-01, 1.090161231E+03
       419, 4.339347632E-01, 2.850002447E-01, 4.339347632E-01, 2.850002447E-01, 1.082669011E+03
       420, 4.349875309E-01, 1.050130012E-01, 4.349875309E-01, 1.050130012E-01, 1.082579681E+03
       421, 4.199971566E-01, 7.501367684E-02, 4.199971566E-01, 7.501367684E-02, 1.084288205E+03
       422, 4.340095006E-01, 2.550186701E-01, 4.340095006E-01, 2.550186701E-01, 1.082666029E+03
       423, 4.340810943E-01, 2.250347401E-01, 4.340810943E-01, 2.250347401E-01, 1.082663744E+03
       424, 4.340691468E-01, 2.100378383E-01, 4.340691468E-01, 2.100378383E-01, 1.082668153E+03
       425, 4.342198720E-01, 1.950402337E-01, 4.342198720E-01, 1.950402337E-01, 1.082653702E+03
       426, 4.343418148E-01, 1.800381524E-01, 4.343418148E-01, 1.800381524E-01, 1.082642482E+03
       427, 4.344084178E-01, 1.650319185E-01, 4.344084178E-01, 1.650319185E-01, 1.082637553E+03
       428, 4.349179439E-01, 1.350236145E-01, 4.349179439E-01, 1.350236145E-01, 1.082583561E+03
       429, 3.720987518E-01, 3.449593540E-01, 3.720987518E-01, 3.449593540E-01, 1.088893463E+03
       430, 4.338541650E-01, 3.149846159E-01, 4.338541650E-01, 3.149846159E-01, 1.082673244E+03
       431, 4.337949752E-01, 3.299813707E-01, 4.337949752E-01, 3.299813707E-01, 1.082677843E+03
       432, 4.029865041E-01, 3.449374136E-01, 4.029865041E-01, 3.449374136E-01, 1.086011917E+03
       433, 4.349949767E-01, 9.000958717E-02, 4.349949767E-01, 9.000958717E-02, 1.082580536E+03
       434, 4.339783222E-01, 2.700095062E-01, 4.339783222E-01, 2.700095062E-01, 1.082666745E+03
       435, 4.338051698E-01, 3.449805899E-01, 4.338051698E-01, 3.449805899E-01, 1.082674729E+03
       436, 3.411669743E-01, 3.300134962E-01, 3.411669743E-01, 3.300134962E-01, 1.091263561E+03
       437, 3.410675181E-01, 3.150095635E-01, 3.410675181E-01, 3.150095635E-01, 1.091301801E+03
       438, 3.721639353E-01, 3.599652412E-01, 3.721639353E-01, 3.599652412E-01, 1.088878612E+03
       439, 3.875843795E-01, 3.599480762E-01, 3.875843795E-01, 3.599480762E-01, 1.087505872E+03
       440, 4.029968185E-01, 3.599506970E-01, 4.029968185E-01, 3.599506970E-01, 1.086006996E+03
       441, 4.491843996E-01, 3.150068578E-01, 4.491843996E-01, 3.150068578E-01, 1.080869161E+03
       442, 4.492119176E-01, 3.000078744E-01, 4.492119176E-01, 3.000078744E-01, 1.080867433E+03
       443, 4.492532000E-01, 2.850095222E-01, 4.492532000E-01, 2.850095222E-01, 1.080864149E+03
       444, 4.492845322E-01, 2.700117378E-01, 4.492845322E-01, 2.700117378E-01, 1.080862162E+03
       445, 4.199992067E-01, 6.000980127E-02, 4.199992067E-01, 6.000980127E-02, 1.084289765E+03
       446, 4.493202029E-01, 2.550146578E-01, 4.493202029E-01, 2.550146578E-01, 1.080859711E+03
       447, 4.493622779E-01, 2.250223351E-01, 4.493622779E-01, 2.250223351E-01, 1.080858487E+03
       448, 4.493331845E-01, 2.100242075E-01, 4.493331845E-01, 2.100242075E-01, 1.080863959E+03
       449, 4.494443397E-01, 1.950258191E-01, 4.494443397E-01, 1.950258191E-01, 1.080852457E+03
       450, 4.495265447E-01, 1.800248232E-01, 4.495265447E-01, 1.800248232E-01, 1.080844398E+03
       451, 4.495730756E-01, 1.650223646E-01, 4.495730756E-01, 1.650223646E-01, 1.080840571E+03
       452, 4.499364464E-01, 1.350181730E-01, 4.499364464E-01, 1.350181730E-01, 1.080799903E+03
       453, 4.499899006E-01, 1.050106279E-01, 4.499899006E-01, 1.050106279E-01, 1.080796152E+03
       454, 4.337652105E-01, 3.599823629E-01, 4.337652105E-01, 3.599823629E-01, 1.082677654E+03
       455, 4.491332836E-01, 3.450053310E-01, 4.491332836E-01, 3.450053310E-01, 1.080872597E+03
       456, 3.567540656E-01, 3.599898872E-01, 3.567540656E-01, 3.599898872E-01, 1.090113700E+03
       457, 3.413607985E-01, 3.600099371E-01, 3.413607985E-01, 3.600099371E-01, 1.091199593E+03
       458, 3.257461462E-01, 3.150114879E-01, 3.257461462E-01, 3.150114879E-01, 1.092266655E+03
       459, 3.258359505E-01, 3.300175666E-01, 3.258359505E-01, 3.300175666E-01, 1.092210515E+03
       460, 3.567911862E-01, 3.749896753E-01, 3.567911862E-01, 3.749896753E-01, 1.090099140E+03
       461, 3.721815875E-01, 3.749723593E-01, 3.721815875E-01, 3.749723593E-01, 1.088869642E+03
       462, 4.029683296E-01, 3.749653482E-01, 4.029683296E-01, 3.749653482E-01, 1.086006736E+03
       463, 4.336965412E-01, 3.749858960E-01, 4.336965412E-01, 3.749858960E-01, 1.082684160E+03
       464, 4.644028333E-01, 3.450159521E-01, 4.644028333E-01, 3.450159521E-01, 1.079002787E+03
       465, 4.644376486E-01, 3.000122202E-01, 4.644376486E-01, 3.000122202E-01, 1.079001171E+03
       466, 4.644895748E-01, 2.850105634E-01, 4.644895748E-01, 2.850105634E-01, 1.078995764E+03
       467, 4.645105665E-01, 2.700093076E-01, 4.645105665E-01, 2.700093076E-01, 1.078994272E+03
       468, 4.645177373E-01, 2.550094334E-01, 4.645177373E-01, 2.550094334E-01, 1.078994545E+03
       469, 4.645470459E-01, 2.250127179E-01, 4.645470459E-01, 2.250127179E-01, 1.078993302E+03
       470, 4.645382480E-01, 2.100137391E-01, 4.645382480E-01, 2.100137391E-01, 1.078995625E+03
       471, 4.646090426E-01, 1.950141790E-01, 4.646090426E-01, 1.950141790E-01, 1.078987986E+03
       472, 4.646756430E-01, 1.800137611E-01, 4.646756430E-01, 1.800137611E-01, 1.078980834E+03
       473, 4.649536593E-01, 1.350098240E-01, 4.649536593E-01, 1.350098240E-01, 1.078949261E+03
       474, 4.499975481E-01, 7.500473271E-02, 4.499975481E-01, 7.500473271E-02, 1.080797259E+03
       475, 4.649981609E-01, 7.500277811E-02, 4.649981609E-01, 7.500277811E-02, 1.078946649E+03
       476, 3.259968653E-01, 3.600132986E-01, 3.259968653E-01, 3.600132986E-01, 1.092119686E+03
       477, 3.414081360E-01, 3.750062083E-01, 3.414081360E-01, 3.750062083E-01, 1.091177847E+03
       478, 4.199997878E-01, 4.500677702E-02, 4.199997878E-01, 4.500677702E-02, 1.084291046E+03
       479, 3.256693778E-01, 2.999970563E-01, 3.256693778E-01, 2.999970563E-01, 1.092327553E+03
       480, 4.644307272E-01, 3.300152344E-01, 4.644307272E-01, 3.300152344E-01, 1.079000117E+03
       481, 2.952105269E-01, 2.999877040E-01, 2.952105269E-01, 2.999877040E-01, 1.093817291E+03
       482, 2.800000000E-01, 3.000000000E-01, 2.800000000E-01, 3.000000000E-01, 1.094089946E+03
       483, 2.952382262E-01, 3.149997652E-01, 2.952382262E-01, 3.149997652E-01, 1.093660481E+03
       484, 2.800000000E-01, 3.150000000E-01, 2.800000000E-01, 3.150000000E-01, 1.093895615E+03
       485, 2.952775985E-01, 3.300062475E-01, 2.952775985E-01, 3.300062475E-01, 1.093529265E+03
       486, 2.800000000E-01, 3.300000000E-01, 2.800000000E-01, 3.300000000E-01, 1.093738283E+03
       487, 2.952971229E-01, 3.450110787E-01, 2.952971229E-01, 3.450110787E-01, 1.093422187E+03
       488, 2.800000000E-01, 3.450000000E-01, 2.800000000E-01, 3.450000000E-01, 1.093612319E+03
       489, 2.953257043E-01, 3.600108251E-01, 2.953257043E-01, 3.600108251E-01, 1.093336607E+03
       490, 2.800000000E-01, 3.600000000E-01, 2.800000000E-01, 3.600000000E-01, 1.093513667E+03
       491, 2.953403740E-01, 3.750094529E-01, 2.953403740E-01, 3.750094529E-01, 1.093271609E+03
       492, 2.800000000E-01, 3.750000000E-01, 2.800000000E-01, 3.750000000E-01, 1.093439452E+03
       493, 2.953448839E-01, 3.900068447E-01, 2.953448839E-01, 3.900068447E-01, 1.093226008E+03
       494, 2.800000000E-01, 3.900000000E-01, 2.800000000E-01, 3.900000000E-01, 1.093387688E+03
       495, 2.953421001E-01, 4.050038301E-01, 2.953421001E-01, 4.050038301E-01, 1.093198975E+03
       496, 2.953333333E-01, 4.200000000E-01, 2.953333333E-01, 4.200000000E-01, 1.093190158E+03
       497, 2.800000000E-01, 4.050000000E-01, 2.800000000E-01, 4.050000000E-01, 1.093357045E+03
       498, 3.106858119E-01, 4.050034801E-01, 3.106858119E-01, 4.050034801E-01, 1.092748391E+03
       499, 3.106666667E-01, 4.200000000E-01, 3.106666667E-01, 4.200000000E-01, 1.092742540E+03
       500, 3.260319907E-01, 4.050012806E-01, 3.260319907E-01, 4.050012806E-01, 1.092053717E+03
       501, 3.259976305E-01, 4.200000000E-01, 3.259976305E-01, 4.200000000E-01, 1.092051143E+03
       502, 3.413812696E-01, 4.050011060E-01, 3.413812696E-01, 4.050011060E-01, 1.091157629E+03
       503, 3.413293205E-01, 4.200000000E-01, 3.413293205E-01, 4.200000000E-01, 1.091158167E+03
       504, 3.567331018E-01, 4.049953408E-01, 3.567331018E-01, 4.049953408E-01, 1.090089556E+03
       505, 3.566603673E-01, 4.200000000E-01, 3.566603673E-01, 4.200000000E-01, 1.090093199E+03
       506, 3.720863151E-01, 4.049900573E-01, 3.720863151E-01, 4.049900573E-01, 1.088868729E+03
       507, 3.719923581E-01, 4.200000000E-01, 3.719923581E-01, 4.200000000E-01, 1.088875474E+03
       508, 4.646012446E-01, 2.400110999E-01, 4.646012446E-01, 2.400110999E-01, 1.078985312E+03
       509, 3.874388417E-01, 4.049884404E-01, 3.874388417E-01, 4.049884404E-01, 1.087508765E+03
       510, 3.873246641E-01, 4.200000000E-01, 3.873246641E-01, 4.200000000E-01, 1.087518599E+03
       511, 4.027879227E-01, 4.049898295E-01, 4.027879227E-01, 4.049898295E-01, 1.086021090E+03
       512, 4.026576057E-01, 4.200000000E-01, 4.026576057E-01, 4.200000000E-01, 1.086033708E+03
       513, 4.181307313E-01, 4.049897152E-01, 4.181307313E-01, 4.049897152E-01, 1.084417030E+03
       514, 4.179917148E-01, 4.200000000E-01, 4.179917148E-01, 4.200000000E-01, 1.084431686E+03
       515, 4.334656251E-01, 4.049951151E-01, 4.334656251E-01, 4.049951151E-01, 1.082708850E+03
       516, 4.333276803E-01, 4.200000000E-01, 4.333276803E-01, 4.200000000E-01, 1.082724376E+03
       517, 4.487904607E-01, 4.050008383E-01, 4.487904607E-01, 4.050008383E-01, 1.080910547E+03
       518, 4.486666667E-01, 4.200000000E-01, 4.486666667E-01, 4.200000000E-01, 1.080925200E+03
       519, 4.640990068E-01, 4.050053940E-01, 4.640990068E-01, 4.050053940E-01, 1.079038483E+03
       520, 4.640000000E-01, 4.200000000E-01, 4.640000000E-01, 4.200000000E-01, 1.079050656E+03
       521, 4.794036267E-01, 4.050064594E-01, 4.794036267E-01, 4.050064594E-01, 1.077108415E+03
       522, 4.793333333E-01, 4.200000000E-01, 4.793333333E-01, 4.200000000E-01, 1.077117293E+03
       523, 4.947041130E-01, 4.050062206E-01, 4.947041130E-01, 4.050062206E-01, 1.075139014E+03
       524, 5.100000000E-01, 4.050000000E-01, 5.100000000E-01, 4.050000000E-01, 1.073150000E+03
       525, 4.946666667E-01, 4.200000000E-01, 4.946666667E-01, 4.200000000E-01, 1.075143820E+03
       526, 4.947469579E-01, 3.900110101E-01, 4.947469579E-01, 3.900110101E-01, 1.075133567E+03
       527, 5.100000000E-01, 3.900000000E-01, 5.100000000E-01, 3.900000000E-01, 1.073150000E+03
       528, 4.947827484E-01, 3.750119962E-01, 4.947827484E-01, 3.750119962E-01, 1.075129067E+03
       529, 5.100000000E-01, 3.750000000E-01, 5.100000000E-01, 3.750000000E-01, 1.073150000E+03
       530, 4.948093490E-01, 3.600110782E-01, 4.948093490E-01, 3.600110782E-01, 1.075125787E+03
       531, 5.100000000E-01, 3.600000000E-01, 5.100000000E-01, 3.600000000E-01, 1.073150000E+03
       532, 4.948078431E-01, 3.450100154E-01, 4.948078431E-01, 3.450100154E-01, 1.075126180E+03
       533, 5.100000000E-01, 3.450000000E-01, 5.100000000E-01, 3.450000000E-01, 1.073150000E+03
       534, 4.948323848E-01, 3.300090520E-01, 4.948323848E-01, 3.300090520E-01, 1.075123221E+03
       535, 5.100000000E-01, 3.300000000E-01, 5.100000000E-01, 3.300000000E-01, 1.073150000E+03
       536, 4.948344883E-01, 3.150080201E-01, 4.948344883E-01, 3.150080201E-01, 1.075123197E+03
       537, 5.100000000E-01, 3.150000000E-01, 5.100000000E-01, 3.150000000E-01, 1.073150000E+03
       538, 4.948202412E-01, 3.000069074E-01, 4.948202412E-01, 3.000069074E-01, 1.075125315E+03
       539, 5.100000000E-01, 3.000000000E-01, 5.100000000E-01, 3.000000000E-01, 1.073150000E+03
       540, 4.948351204E-01, 2.850058120E-01, 4.948351204E-01, 2.850058120E-01, 1.075123673E+03
       541, 5.100000000E-01, 2.850000000E-01, 5.100000000E-01, 2.850000000E-01, 1.073150000E+03
       542, 4.948410268E-01, 2.700048210E-01, 4.948410268E-01, 2.700048210E-01, 1.075123210E+03
       543, 5.100000000E-01, 2.700000000E-01, 5.100000000E-01, 2.700000000E-01, 1.073150000E+03
       544, 4.948453992E-01, 2.550040823E-01, 4.948453992E-01, 2.550040823E-01, 1.075122959E+03
       545, 5.100000000E-01, 2.550000000E-01, 5.100000000E-01, 2.550000000E-01, 1.073150000E+03
       546, 4.948741147E-01, 2.400036487E-01, 4.948741147E-01, 2.400036487E-01, 1.075119553E+03
       547, 5.100000000E-01, 2.400000000E-01, 5.100000000E-01, 2.400000000E-01, 1.073150000E+03
       548, 4.648508041E-01, 1.500116979E-01, 4.648508041E-01, 1.500116979E-01, 1.078961127E+03
       549, 4.948542686E-01, 2.250033878E-01, 4.948542686E-01, 2.250033878E-01, 1.075122456E+03
       550, 5.100000000E-01, 2.250000000E-01, 5.100000000E-01, 2.250000000E-01, 1.073150000E+03
       551, 4.948500785E-01, 2.100032057E-01, 4.948500785E-01, 2.100032057E-01, 1.075123325E+03
       552, 5.100000000E-01, 2.100000000E-01, 5.100000000E-01, 2.100000000E-01, 1.073150000E+03
       553, 4.948737188E-01, 1.950030318E-01, 4.948737188E-01, 1.950030318E-01, 1.075120577E+03
       554, 5.100000000E-01, 1.950000000E-01, 5.100000000E-01, 1.950000000E-01, 1.073150000E+03
       555, 4.949127366E-01, 1.800028116E-01, 4.949127366E-01, 1.800028116E-01, 1.075115821E+03
       556, 5.100000000E-01, 1.800000000E-01, 5.100000000E-01, 1.800000000E-01, 1.073150000E+03
       557, 4.949166006E-01, 1.650024420E-01, 4.949166006E-01, 1.650024420E-01, 1.075115622E+03
       558, 5.100000000E-01, 1.650000000E-01, 5.100000000E-01, 1.650000000E-01, 1.073150000E+03
       559, 4.949611798E-01, 1.500020979E-01, 4.949611798E-01, 1.500020979E-01, 1.075110114E+03
       560, 5.100000000E-01, 1.500000000E-01, 5.100000000E-01, 1.500000000E-01, 1.073150000E+03
       561, 4.649966740E-01, 9.000399625E-02, 4.649966740E-01, 9.000399625E-02, 1.078946265E+03
       562, 4.949848381E-01, 1.350016897E-01, 4.949848381E-01, 1.350016897E-01, 1.075107304E+03
       563, 5.100000000E-01, 1.350000000E-01, 5.100000000E-01, 1.350000000E-01, 1.073150000E+03
       564, 4.949935599E-01, 1.200013038E-01, 4.949935599E-01, 1.200013038E-01, 1.075106408E+03
       565, 5.100000000E-01, 1.200000000E-01, 5.100000000E-01, 1.200000000E-01, 1.073150000E+03
       566, 4.949974862E-01, 1.050009698E-01, 4.949974862E-01, 1.050009698E-01, 1.075106108E+03
       567, 5.100000000E-01, 1.050000000E-01, 5.100000000E-01, 1.050000000E-01, 1.073150000E+03
       568, 4.649994008E-01, 6.000189349E-02, 4.649994008E-01, 6.000189349E-02, 1.078946939E+03
       569, 4.949989057E-01, 9.000070521E-02, 4.949989057E-01, 9.000070521E-02, 1.075106103E+03
       570, 5.100000000E-01, 9.000000000E-02, 5.100000000E-01, 9.000000000E-02, 1.073150000E+03
       571, 4.949993860E-01, 7.500049903E-02, 4.949993860E-01, 7.500049903E-02, 1.075106188E+03
       572, 5.100000000E-01, 7.500000000E-02, 5.100000000E-01, 7.500000000E-02, 1.073150000E+03
       573, 4.949998000E-01, 6.000034503E-02, 4.949998000E-01, 6.000034503E-02, 1.075106246E+03
       574, 5.100000000E-01, 6.000000000E-02, 5.100000000E-01, 6.000000000E-02, 1.073150000E+03
       575, 4.949999450E-01, 4.500023086E-02, 4.949999450E-01, 4.500023086E-02, 1.075106303E+03
       576, 5.100000000E-01, 4.500000000E-02, 5.100000000E-01, 4.500000000E-02, 1.073150000E+03
       577, 4.949999721E-01, 3.000014441E-02, 4.949999721E-01, 3.000014441E-02, 1.075106339E+03
       578, 5.100000000E-01, 3.000000000E-02, 5.100000000E-01, 3.000000000E-02, 1.073150000E+03
       579, 4.949999911E-01, 1.500007237E-02, 4.949999911E-01, 1.500007237E-02, 1.075106338E+03
       580, 4.950000000E-01, 0.000000000E+00, 4.950000000E-01, 0.000000000E+00, 1.075106329E+03
       581, 5.100000000E-01, 1.500000000E-02, 5.100000000E-01, 1.500000000E-02, 1.073150000E+03
       582, 4.799999822E-01, 1.500019202E-02, 4.799999822E-01, 1.500019202E-02, 1.077044604E+03
       583, 4.800000000E-01, 0.000000000E+00, 4.800000000E-01, 0.000000000E+00, 1.077044589E+03
       584, 4.649999751E-01, 1.500030422E-02, 4.649999751E-01, 1.500030422E-02, 1.078947412E+03
       585, 4.650000000E-01, 0.000000000E+00, 4.650000000E-01, 0.000000000E+00, 1.078947400E+03
       586, 4.499999713E-01, 1.500048825E-02, 4.499999713E-01, 1.500048825E-02, 1.080798671E+03
       587, 4.500000000E-01, 0.000000000E+00, 4.500000000E-01, 0.000000000E+00, 1.080798674E+03
       588, 4.349999731E-01, 1.500073713E-02, 4.349999731E-01, 1.500073713E-02, 1.082584207E+03
       589, 4.350000000E-01, 0.000000000E+00, 4.350000000E-01, 0.000000000E+00, 1.082584245E+03
       590, 4.199999811E-01, 1.500217065E-02, 4.199999811E-01, 1.500217065E-02, 1.084292348E+03
       591, 4.200000000E-01, 0.000000000E+00, 4.200000000E-01, 0.000000000E+00, 1.084292446E+03
       592, 3.260395244E-01, 3.750082111E-01, 3.260395244E-01, 3.750082111E-01, 1.092087817E+03
       593, 3.104257050E-01, 2.999840241E-01, 3.104257050E-01, 2.999840241E-01, 1.093164427E+03
       594, 3.104793495E-01, 3.149986554E-01, 3.104793495E-01, 3.149986554E-01, 1.093068109E+03
       595, 3.105516865E-01, 3.300054595E-01, 3.105516865E-01, 3.300054595E-01, 1.092981818E+03
       596, 3.106524332E-01, 3.600098721E-01, 3.106524332E-01, 3.600098721E-01, 1.092847897E+03
       597, 3.414132178E-01, 3.900030140E-01, 3.414132178E-01, 3.900030140E-01, 1.091163909E+03
       598, 3.567825348E-01, 3.899915603E-01, 3.567825348E-01, 3.899915603E-01, 1.090091175E+03
       599, 3.721544523E-01, 3.899806542E-01, 3.721544523E-01, 3.899806542E-01, 1.088866423E+03
       600, 4.028983429E-01, 3.899786063E-01, 4.028983429E-01, 3.899786063E-01, 1.086011456E+03
       601, 4.335954866E-01, 3.899903481E-01, 4.335954866E-01, 3.899903481E-01, 1.082694689E+03
       602, 4.796062603E-01, 3.450149415E-01, 4.796062603E-01, 3.450149415E-01, 1.077083838E+03
       603, 4.796410014E-01, 3.000101845E-01, 4.796410014E-01, 3.000101845E-01, 1.077081001E+03
       604, 4.796704021E-01, 2.850085419E-01, 4.796704021E-01, 2.850085419E-01, 1.077077870E+03
       605, 4.796824855E-01, 2.700072122E-01, 4.796824855E-01, 2.700072122E-01, 1.077076984E+03
       606, 4.796913619E-01, 2.550064553E-01, 4.796913619E-01, 2.550064553E-01, 1.077076533E+03
       607, 4.797480745E-01, 2.400065643E-01, 4.797480745E-01, 2.400065643E-01, 1.077069977E+03
       608, 4.797089328E-01, 2.250069439E-01, 4.797089328E-01, 2.250069439E-01, 1.077075694E+03
       609, 4.797006405E-01, 2.100073436E-01, 4.797006405E-01, 2.100073436E-01, 1.077077464E+03
       610, 4.797478037E-01, 1.950076715E-01, 4.797478037E-01, 1.950076715E-01, 1.077072129E+03
       611, 4.799695590E-01, 1.350063320E-01, 4.799695590E-01, 1.350063320E-01, 1.077046268E+03
       612, 4.799978132E-01, 9.000266697E-02, 4.799978132E-01, 9.000266697E-02, 1.077044024E+03
       613, 4.799987735E-01, 7.500184195E-02, 4.799987735E-01, 7.500184195E-02, 1.077044227E+03
       614, 4.799996012E-01, 6.000124186E-02, 4.799996012E-01, 6.000124186E-02, 1.077044372E+03
       615, 3.260500451E-01, 3.900038053E-01, 3.260500451E-01, 3.900038053E-01, 1.092065813E+03
       616, 4.199999399E-01, 3.000433181E-02, 4.199999399E-01, 3.000433181E-02, 1.084291919E+03
       617, 3.105943656E-01, 3.450104418E-01, 3.105943656E-01, 3.450104418E-01, 1.092908862E+03
       618, 4.796690158E-01, 3.150119058E-01, 4.796690158E-01, 3.150119058E-01, 1.077076832E+03
       619, 4.799949589E-01, 1.050037536E-01, 4.799949589E-01, 1.050037536E-01, 1.077043995E+03
       620, 4.349999050E-01, 3.000148160E-02, 4.349999050E-01, 3.000148160E-02, 1.082583977E+03
       621, 4.029388314E-01, 2.999448393E-01, 4.029388314E-01, 2.999448393E-01, 1.086032151E+03
       622, 4.795634265E-01, 3.750162801E-01, 4.795634265E-01, 3.750162801E-01, 1.077088521E+03
       623, 4.794914860E-01, 3.900130114E-01, 4.794914860E-01, 3.900130114E-01, 1.077097415E+03
       624, 3.874365980E-01, 3.149232989E-01, 3.874365980E-01, 3.149232989E-01, 1.087540728E+03
       625, 4.649999186E-01, 3.000060661E-02, 4.649999186E-01, 3.000060661E-02, 1.078947371E+03
       626, 4.799999442E-01, 3.000038265E-02, 4.799999442E-01, 3.000038265E-02, 1.077044594E+03
       627, 3.874069814E-01, 2.999329784E-01, 3.874069814E-01, 2.999329784E-01, 1.087552335E+03
       628, 4.036210139E-01, 1.800872922E-01, 4.036210139E-01, 1.800872922E-01, 1.086016020E+03
       629, 4.185066262E-01, 2.700082402E-01, 4.185066262E-01, 2.700082402E-01, 1.084401757E+03
       630, 4.186054805E-01, 2.400505294E-01, 4.186054805E-01, 2.400505294E-01, 1.084399961E+03
       631, 4.346210203E-01, 1.500270803E-01, 4.346210203E-01, 1.500270803E-01, 1.082615558E+03
       632, 4.798337197E-01, 1.650076785E-01, 4.798337197E-01, 1.650076785E-01, 1.077062465E+03
       633, 4.032383998E-01, 2.100925092E-01, 4.032383998E-01, 2.100925092E-01, 1.086041973E+03
       634, 4.183986309E-01, 3.449502435E-01, 4.183986309E-01, 3.449502435E-01, 1.084395230E+03
       635, 3.410176334E-01, 2.999958843E-01, 3.410176334E-01, 2.999958843E-01, 1.091339916E+03
       636, 4.497356160E-01, 1.500200631E-01, 4.497356160E-01, 1.500200631E-01, 1.080822619E+03
       637, 4.490033201E-01, 3.750029756E-01, 4.490033201E-01, 3.750029756E-01, 1.080886206E+03
       638, 4.799059858E-01, 1.500070406E-01, 4.799059858E-01, 1.500070406E-01, 1.077053834E+03
       639, 4.643563071E-01, 3.600153308E-01, 4.643563071E-01, 3.600153308E-01, 1.079007872E+03
       640, 3.106845259E-01, 3.750083460E-01, 3.106845259E-01, 3.750083460E-01, 1.092800905E+03
       641, 4.490660667E-01, 3.600041591E-01, 4.490660667E-01, 3.600041591E-01, 1.080879584E+03
       642, 4.643028202E-01, 3.750139138E-01, 4.643028202E-01, 3.750139138E-01, 1.079013929E+03
       643, 4.499958285E-01, 9.000769167E-02, 4.499958285E-01, 9.000769167E-02, 1.080796542E+03
       644, 4.349973525E-01, 7.500705189E-02, 4.349973525E-01, 7.500705189E-02, 1.082581707E+03
       645, 3.566697445E-01, 3.449904080E-01, 3.566697445E-01, 3.449904080E-01, 1.090134789E+03
       646, 4.489045596E-01, 3.900017981E-01, 4.489045596E-01, 3.900017981E-01, 1.080897352E+03
       647, 4.644340384E-01, 3.150139180E-01, 4.644340384E-01, 3.150139180E-01, 1.079000615E+03
       648, 4.649730399E-01, 1.200077055E-01, 4.649730399E-01, 1.200077055E-01, 1.078947739E+03
       649, 3.259227780E-01, 3.450170437E-01, 3.259227780E-01, 3.450170437E-01, 1.092161081E+03
       650, 4.349997817E-01, 4.500288180E-02, 4.349997817E-01, 4.500288180E-02, 1.082583442E+03
       651, 4.184074714E-01, 3.149528753E-01, 4.184074714E-01, 3.149528753E-01, 1.084400596E+03
       652, 4.194366895E-01, 1.500434245E-01, 4.194366895E-01, 1.500434245E-01, 1.084335145E+03
       653, 4.491315270E-01, 3.300060780E-01, 4.491315270E-01, 3.300060780E-01, 1.080874079E+03
       654, 4.642079514E-01, 3.900102904E-01, 4.642079514E-01, 3.900102904E-01, 1.079025265E+03
       655, 4.493394957E-01, 2.400184134E-01, 4.493394957E-01, 2.400184134E-01, 1.080859284E+03
       656, 4.349394104E-01, 1.200182647E-01, 4.349394104E-01, 1.200182647E-01, 1.082583307E+03
       657, 4.183725300E-01, 3.299498972E-01, 4.183725300E-01, 3.299498972E-01, 1.084401030E+03
       658, 4.199303977E-01, 1.200330285E-01, 4.199303977E-01, 1.200330285E-01, 1.084287787E+03
       659, 4.499564592E-01, 1.200143927E-01, 4.499564592E-01, 1.200143927E-01, 1.080798929E+03
       660, 4.499992569E-01, 6.000317617E-02, 4.499992569E-01, 6.000317617E-02, 1.080797785E+03
       661, 4.796406134E-01, 3.300134561E-01, 4.796406134E-01, 3.300134561E-01, 1.077079929E+03
       662, 4.029247119E-01, 3.299345602E-01, 4.029247119E-01, 3.299345602E-01, 1.086022738E+03
       663, 4.183812994E-01, 3.599581359E-01, 4.183812994E-01, 3.599581359E-01, 1.084394576E+03
       664, 3.875689216E-01, 3.749620004E-01, 3.875689216E-01, 3.749620004E-01, 1.087502495E+03
       665, 4.649998314E-01, 4.500125328E-02, 4.649998314E-01, 4.500125328E-02, 1.078947200E+03
       666, 4.182457856E-01, 3.899788855E-01, 4.182457856E-01, 3.899788855E-01, 1.084405618E+03
       667, 4.340012448E-01, 2.400270313E-01, 4.340012448E-01, 2.400270313E-01, 1.082669948E+03
       668, 4.647026973E-01, 1.650123815E-01, 4.647026973E-01, 1.650123815E-01, 1.078978578E+03
       669, 4.799998850E-01, 4.500081496E-02, 4.799998850E-01, 4.500081496E-02, 1.077044508E+03
       670, 4.649924756E-01, 1.050058563E-01, 4.649924756E-01, 1.050058563E-01, 1.078946102E+03
       671, 4.799832993E-01, 1.200050516E-01, 4.799832993E-01, 1.200050516E-01, 1.077045029E+03
       672, 4.797941254E-01, 1.800076903E-01, 4.797941254E-01, 1.800076903E-01, 1.077066879E+03
       673, 3.413080680E-01, 3.450114312E-01, 3.413080680E-01, 3.450114312E-01, 1.091226452E+03
       674, 4.349992311E-01, 6.000497465E-02, 4.349992311E-01, 6.000497465E-02, 1.082582649E+03
       675, 3.106933293E-01, 3.900063819E-01, 3.106933293E-01, 3.900063819E-01, 1.092767825E+03
       676, 3.875219301E-01, 3.899756727E-01, 3.875219301E-01, 3.899756727E-01, 1.087503297E+03
       677, 4.183287804E-01, 3.749682117E-01, 4.183287804E-01, 3.749682117E-01, 1.084398200E+03
       678, 4.029423125E-01, 3.149315899E-01, 4.029423125E-01, 3.149315899E-01, 1.086026113E+03
       679, 4.795853645E-01, 3.600160173E-01, 4.795853645E-01, 3.600160173E-01, 1.077086082E+03
       680, 4.499999117E-01, 3.000128814E-02, 4.499999117E-01, 3.000128814E-02, 1.080798560E+03
       681, 4.499998063E-01, 4.500208023E-02, 4.499998063E-01, 4.500208023E-02, 1.080798249E+03
       682, 5.100000000E-01, 0.000000000E+00, 5.100000000E-01, 0.000000000E+00, 1.073640225E+03
       683, 5.100000000E-01, 4.200000000E-01, 5.100000000E-01, 4.200000000E-01, 1.073644246E+03
       684, 2.800000000E-01, 4.200000000E-01, 2.800000000E-01, 4.200000000E-01, 1.093346881E+03
       685, 1.061559566E-01, 1.801151766E-01, 1.061559566E-01, 1.801151766E-01, 1.110307398E+03
       686, 1.063809045E-01, 1.951067590E-01, 1.063809045E-01, 1.951067590E-01, 1.110290799E+03
       687, 1.066354027E-01, 2.100909646E-01, 1.066354027E-01, 2.100909646E-01, 1.110271429E+03
       688, 1.067465733E-01, 2.250754461E-01, 1.067465733E-01, 2.250754461E-01, 1.110267015E+03
       689, 1.228048218E-01, 2.999451368E-01, 1.228048218E-01, 2.999451368E-01, 1.108728425E+03
       690, 1.072706910E-01, 2.999515257E-01, 1.072706910E-01, 2.999515257E-01, 1.110247042E+03
       691, 1.383195588E-01, 2.999291542E-01, 1.383195588E-01, 2.999291542E-01, 1.107334251E+03
       692, 1.068821538E-01, 2.400556033E-01, 1.068821538E-01, 2.400556033E-01, 1.110260154E+03
       693, 1.070199496E-01, 2.550319064E-01, 1.070199496E-01, 2.550319064E-01, 1.110253013E+03
       694, 1.072023898E-01, 2.849775685E-01, 1.072023898E-01, 2.849775685E-01, 1.110247774E+03
       695, 9.010927479E-02, 1.050415089E-01, 9.010927479E-02, 1.050415089E-01, 1.112005278E+03
       696, 9.039062881E-02, 1.350639584E-01, 9.039062881E-02, 1.350639584E-01, 1.111980591E+03
       697, 9.057517548E-02, 1.500741655E-01, 9.057517548E-02, 1.500741655E-01, 1.111963934E+03
       698, 9.069837495E-02, 1.650839370E-01, 9.069837495E-02, 1.650839370E-01, 1.111954356E+03
       699, 9.085058531E-02, 1.800901186E-01, 9.085058531E-02, 1.800901186E-01, 1.111941837E+03
       700, 9.103083017E-02, 1.950916484E-01, 9.103083017E-02, 1.950916484E-01, 1.111926445E+03
       701, 9.122747524E-02, 2.100873938E-01, 9.122747524E-02, 2.100873938E-01, 1.111909419E+03
       702, 9.131387946E-02, 2.250817157E-01, 9.131387946E-02, 2.250817157E-01, 1.111904576E+03
       703, 9.141747479E-02, 2.400688796E-01, 9.141747479E-02, 2.400688796E-01, 1.111897869E+03
       704, 9.153770537E-02, 2.550499845E-01, 9.153770537E-02, 2.550499845E-01, 1.111889303E+03
       705, 9.170041456E-02, 2.850043647E-01, 9.170041456E-02, 2.850043647E-01, 1.111880303E+03
       706, 9.177303369E-02, 2.999804303E-01, 9.177303369E-02, 2.999804303E-01, 1.111876449E+03
       707, 9.005663244E-02, 9.003172360E-02, 9.005663244E-02, 9.003172360E-02, 1.112008467E+03
       708, 1.537751549E-01, 2.999382609E-01, 1.537751549E-01, 2.999382609E-01, 1.106073161E+03
       709, 7.507948016E-02, 1.050271693E-01, 7.507948016E-02, 1.050271693E-01, 1.113712847E+03
       710, 7.528646987E-02, 1.350421013E-01, 7.528646987E-02, 1.350421013E-01, 1.113693020E+03
       711, 7.542674035E-02, 1.500493675E-01, 7.542674035E-02, 1.500493675E-01, 1.113679179E+03
       712, 7.551918698E-02, 1.650561523E-01, 7.551918698E-02, 1.650561523E-01, 1.113671083E+03
       713, 9.002300535E-02, 7.502371411E-02, 9.002300535E-02, 7.502371411E-02, 1.112009970E+03
       714, 7.561611362E-02, 1.800617279E-01, 7.561611362E-02, 1.800617279E-01, 1.113662631E+03
       715, 7.575810899E-02, 1.950634293E-01, 7.575810899E-02, 1.950634293E-01, 1.113649091E+03
       716, 7.591205756E-02, 2.100615554E-01, 7.591205756E-02, 2.100615554E-01, 1.113634265E+03
       717, 7.596118524E-02, 2.250591296E-01, 7.596118524E-02, 2.250591296E-01, 1.113631610E+03
       718, 7.603674078E-02, 2.400531912E-01, 7.603674078E-02, 2.400531912E-01, 1.113625908E+03
       719, 7.613236949E-02, 2.550444162E-01, 7.613236949E-02, 2.550444162E-01, 1.113617868E+03
       720, 7.626309044E-02, 2.850223136E-01, 7.626309044E-02, 2.850223136E-01, 1.113608507E+03
       721, 7.633389664E-02, 3.000074710E-01, 7.633389664E-02, 3.000074710E-01, 1.113602989E+03
       722, 1.691427525E-01, 2.999626076E-01, 1.691427525E-01, 2.999626076E-01, 1.104950392E+03
       723, 7.642312650E-02, 3.149917106E-01, 7.642312650E-02, 3.149917106E-01, 1.113595184E+03
       724, 7.653473353E-02, 3.299791552E-01, 7.653473353E-02, 3.299791552E-01, 1.113584597E+03
       725, 6.005656225E-02, 1.050138531E-01, 6.005656225E-02, 1.050138531E-01, 1.115498444E+03
       726, 6.020583486E-02, 1.350226633E-01, 6.020583486E-02, 1.350226633E-01, 1.115483090E+03
       727, 6.030932912E-02, 1.500267425E-01, 6.030932912E-02, 1.500267425E-01, 1.115472140E+03
       728, 6.037722279E-02, 1.650302258E-01, 6.037722279E-02, 1.650302258E-01, 1.115465623E+03
       729, 6.045055321E-02, 1.800327222E-01, 6.045055321E-02, 1.800327222E-01, 1.115458549E+03
       730, 6.054247579E-02, 1.950347348E-01, 6.054247579E-02, 1.950347348E-01, 1.115449315E+03
       731, 6.066782896E-02, 2.100353661E-01, 6.066782896E-02, 2.100353661E-01, 1.115436100E+03
       732, 6.069154501E-02, 2.250359994E-01, 6.069154501E-02, 2.250359994E-01, 1.115435190E+03
       733, 6.074053042E-02, 2.400355879E-01, 6.074053042E-02, 2.400355879E-01, 1.115431226E+03
       734, 6.081170722E-02, 2.550347670E-01, 6.081170722E-02, 2.550347670E-01, 1.115424575E+03
       735, 6.090182318E-02, 2.850295831E-01, 6.090182318E-02, 2.850295831E-01, 1.115417403E+03
       736, 6.097086541E-02, 3.000226412E-01, 6.097086541E-02, 3.000226412E-01, 1.115410785E+03
       737, 6.104877298E-02, 3.150135404E-01, 6.104877298E-02, 3.150135404E-01, 1.115403001E+03
       738, 6.114967374E-02, 3.300037264E-01, 6.114967374E-02, 3.300037264E-01, 1.115392322E+03
       739, 1.075275976E-01, 3.449245475E-01, 1.075275976E-01, 3.449245475E-01, 1.110236598E+03
       740, 1.075759271E-01, 3.599312133E-01, 1.075759271E-01, 3.599312133E-01, 1.110235655E+03
       741, 6.002741459E-02, 9.000956274E-02, 6.002741459E-02, 9.000956274E-02, 1.115500861E+03
       742, 6.001095259E-02, 7.500592310E-02, 6.001095259E-02, 7.500592310E-02, 1.115501929E+03
       743, 1.844196564E-01, 2.999760836E-01, 1.844196564E-01, 2.999760836E-01, 1.103968774E+03
       744, 2.300000000E-01, 3.000000000E-01, 2.300000000E-01, 3.000000000E-01, 1.102211639E+03
       745, 2.148158477E-01, 2.999888622E-01, 2.148158477E-01, 2.999888622E-01, 1.102483687E+03
       746, 2.300000000E-01, 3.150000000E-01, 2.300000000E-01, 3.150000000E-01, 1.102405867E+03
       747, 2.148182803E-01, 3.149956097E-01, 2.148182803E-01, 3.149956097E-01, 1.102639511E+03
       748, 1.691261880E-01, 3.299933428E-01, 1.691261880E-01, 3.299933428E-01, 1.105018122E+03
       749, 1.843732641E-01, 3.299987099E-01, 1.843732641E-01, 3.299987099E-01, 1.104079130E+03
       750, 2.300000000E-01, 3.300000000E-01, 2.300000000E-01, 3.300000000E-01, 1.102563147E+03
       751, 2.147984499E-01, 3.300015054E-01, 2.147984499E-01, 3.300015054E-01, 1.102770290E+03
       752, 2.300000000E-01, 3.450000000E-01, 2.300000000E-01, 3.450000000E-01, 1.102689085E+03
       753, 2.148095301E-01, 3.450070206E-01, 2.148095301E-01, 3.450070206E-01, 1.102876717E+03
       754, 2.300000000E-01, 3.600000000E-01, 2.300000000E-01, 3.600000000E-01, 1.102787756E+03
       755, 2.147858560E-01, 3.600110279E-01, 2.147858560E-01, 3.600110279E-01, 1.102962318E+03
       756, 2.300000000E-01, 3.750000000E-01, 2.300000000E-01, 3.750000000E-01, 1.102862033E+03
       757, 2.147605972E-01, 3.750123941E-01, 2.147605972E-01, 3.750123941E-01, 1.103027687E+03
       758, 2.300000000E-01, 3.900000000E-01, 2.300000000E-01, 3.900000000E-01, 1.102913889E+03
       759, 2.147309866E-01, 3.900102331E-01, 2.147309866E-01, 3.900102331E-01, 1.103073968E+03
       760, 6.126013235E-02, 3.449955211E-01, 6.126013235E-02, 3.449955211E-01, 1.115380342E+03
       761, 9.215534706E-02, 3.599406809E-01, 9.215534706E-02, 3.599406809E-01, 1.111847724E+03
       762, 7.674454186E-02, 3.599698460E-01, 7.674454186E-02, 3.599698460E-01, 1.113564199E+03
       763, 1.229921867E-01, 3.599447446E-01, 1.229921867E-01, 3.599447446E-01, 1.108741100E+03
       764, 1.383863644E-01, 3.599539971E-01, 1.383863644E-01, 3.599539971E-01, 1.107375658E+03
       765, 1.537445959E-01, 3.599774437E-01, 1.537445959E-01, 3.599774437E-01, 1.106149689E+03
       766, 6.135699594E-02, 3.599915063E-01, 6.135699594E-02, 3.599915063E-01, 1.115369822E+03
       767, 1.690603681E-01, 3.600035407E-01, 1.690603681E-01, 3.600035407E-01, 1.105074048E+03
       768, 1.689895481E-01, 3.750036142E-01, 1.689895481E-01, 3.750036142E-01, 1.105097534E+03
       769, 1.843312264E-01, 3.600101344E-01, 1.843312264E-01, 3.600101344E-01, 1.104163899E+03
       770, 1.844209895E-01, 3.149889825E-01, 1.844209895E-01, 3.149889825E-01, 1.104025206E+03
       771, 1.843634888E-01, 3.450057706E-01, 1.843634888E-01, 3.450057706E-01, 1.104124499E+03
       772, 4.500733505E-02, 7.500370978E-02, 4.500733505E-02, 7.500370978E-02, 1.117352812E+03
       773, 4.503888458E-02, 1.050079085E-01, 4.503888458E-02, 1.050079085E-01, 1.117350124E+03
       774, 4.514275736E-02, 1.350129581E-01, 4.514275736E-02, 1.350129581E-01, 1.117338825E+03
       775, 4.521591367E-02, 1.500149465E-01, 4.521591367E-02, 1.500149465E-01, 1.117330660E+03
       776, 4.526380550E-02, 1.650165172E-01, 4.526380550E-02, 1.650165172E-01, 1.117325734E+03
       777, 4.531667461E-02, 1.800175689E-01, 4.531667461E-02, 1.800175689E-01, 1.117320248E+03
       778, 4.538285958E-02, 1.950184088E-01, 4.538285958E-02, 1.950184088E-01, 1.117313151E+03
       779, 4.547002693E-02, 2.100192441E-01, 4.547002693E-02, 2.100192441E-01, 1.117303468E+03
       780, 4.547714038E-02, 2.250203465E-01, 4.547714038E-02, 2.250203465E-01, 1.117303803E+03
       781, 4.550967504E-02, 2.400215450E-01, 4.550967504E-02, 2.400215450E-01, 1.117300961E+03
       782, 4.558130521E-02, 2.550229802E-01, 4.558130521E-02, 2.550229802E-01, 1.117293235E+03
       783, 4.561693880E-02, 2.850254804E-01, 4.561693880E-02, 2.850254804E-01, 1.117291106E+03
       784, 4.572987583E-02, 3.150229083E-01, 4.572987583E-02, 3.150229083E-01, 1.117279103E+03
       785, 4.581523039E-02, 3.300170824E-01, 4.581523039E-02, 3.300170824E-01, 1.117269389E+03
       786, 4.590881960E-02, 3.450097904E-01, 4.590881960E-02, 3.450097904E-01, 1.117258559E+03
       787, 9.000075729E-02, 1.500246341E-02, 9.000075729E-02, 1.500246341E-02, 1.112007971E+03
       788, 9.000000000E-02, 0.000000000E+00, 9.000000000E-02, 0.000000000E+00, 1.112007954E+03
       789, 7.500062194E-02, 1.500146322E-02, 7.500062194E-02, 1.500146322E-02, 1.113716024E+03
       790, 7.500000000E-02, 0.000000000E+00, 7.500000000E-02, 0.000000000E+00, 1.113716055E+03
       791, 6.000048391E-02, 1.500063389E-02, 6.000048391E-02, 1.500063389E-02, 1.115501491E+03
       792, 6.000000000E-02, 0.000000000E+00, 6.000000000E-02, 0.000000000E+00, 1.115501544E+03
       793, 7.678168573E-02, 3.749703977E-01, 7.678168573E-02, 3.749703977E-01, 1.113561334E+03
       794, 4.500035396E-02, 1.500031225E-02, 4.500035396E-02, 1.500031225E-02, 1.117352696E+03
       795, 4.500000000E-02, 0.000000000E+00, 4.500000000E-02, 0.000000000E+00, 1.117352750E+03
       796, 3.000023288E-02, 1.500022684E-02, 3.000023288E-02, 1.500022684E-02, 1.119255461E+03
       797, 3.000000000E-02, 0.000000000E+00, 3.000000000E-02, 0.000000000E+00, 1.119255504E+03
       798, 1.500011592E-02, 1.500003013E-02, 1.500011592E-02, 1.500003013E-02, 1.121193692E+03
       799, 1.658114979E-18, 1.500000000E-02, 1.658114979E-18, 1.500000000E-02, 1.123150000E+03
       800, 1.500000000E-02, 0.000000000E+00, 1.500000000E-02, 0.000000000E+00, 1.121193715E+03
       801, 1.500048632E-02, 3.000015145E-02, 1.500048632E-02, 3.000015145E-02, 1.121193646E+03
       802, 3.316229957E-18, 3.000000000E-02, 3.316229957E-18, 3.000000000E-02, 1.123150000E+03
       803, 9.217512206E-02, 3.749482093E-01, 9.217512206E-02, 3.749482093E-01, 1.111847685E+03
       804, 1.500111137E-02, 4.500046192E-02, 1.500111137E-02, 4.500046192E-02, 1.121193604E+03
       805, 4.974344936E-18, 4.500000000E-02, 4.974344936E-18, 4.500000000E-02, 1.123150000E+03
       806, 1.500180388E-02, 6.000100078E-02, 1.500180388E-02, 6.000100078E-02, 1.121193589E+03
       807, 6.632459915E-18, 6.000000000E-02, 6.632459915E-18, 6.000000000E-02, 1.123150000E+03
       808, 1.500316452E-02, 7.500167040E-02, 1.500316452E-02, 7.500167040E-02, 1.121193525E+03
       809, 8.290574893E-18, 7.500000000E-02, 8.290574893E-18, 7.500000000E-02, 1.123150000E+03
       810, 4.599483403E-02, 3.600041963E-01, 4.599483403E-02, 3.600041963E-01, 1.117248568E+03
       811, 1.075712094E-01, 3.749444444E-01, 1.075712094E-01, 3.749444444E-01, 1.110239320E+03
       812, 1.500492159E-02, 9.000244911E-02, 1.500492159E-02, 9.000244911E-02, 1.121193443E+03
       813, 9.948689872E-18, 9.000000000E-02, 9.948689872E-18, 9.000000000E-02, 1.123150000E+03
       814, 1.501235524E-02, 1.050032241E-01, 1.501235524E-02, 1.050032241E-01, 1.121192657E+03
       815, 1.160680485E-17, 1.050000000E-01, 1.160680485E-17, 1.050000000E-01, 1.123150000E+03
       816, 1.502789302E-02, 1.200038518E-01, 1.502789302E-02, 1.200038518E-01, 1.121190848E+03
       817, 1.326491983E-17, 1.200000000E-01, 1.326491983E-17, 1.200000000E-01, 1.123150000E+03
       818, 1.229585681E-01, 3.749571601E-01, 1.229585681E-01, 3.749571601E-01, 1.108749117E+03
       819, 1.504570070E-02, 1.350043346E-01, 1.504570070E-02, 1.350043346E-01, 1.121188772E+03
       820, 1.492303481E-17, 1.350000000E-01, 1.492303481E-17, 1.350000000E-01, 1.123150000E+03
       821, 1.506946317E-02, 1.500046538E-01, 1.506946317E-02, 1.500046538E-01, 1.121185946E+03
       822, 1.658114979E-17, 1.500000000E-01, 1.658114979E-17, 1.500000000E-01, 1.123150000E+03
       823, 1.508486569E-02, 1.650048515E-01, 1.508486569E-02, 1.650048515E-01, 1.121184227E+03
       824, 1.823926477E-17, 1.650000000E-01, 1.823926477E-17, 1.650000000E-01, 1.123150000E+03
       825, 1.383253260E-01, 3.749656894E-01, 1.383253260E-01, 3.749656894E-01, 1.107388406E+03
       826, 1.510214558E-02, 1.800048429E-01, 1.510214558E-02, 1.800048429E-01, 1.121182282E+03
       827, 1.989737974E-17, 1.800000000E-01, 1.989737974E-17, 1.800000000E-01, 1.123150000E+03
       828, 1.512385594E-02, 1.950045541E-01, 1.512385594E-02, 1.950045541E-01, 1.121179775E+03
       829, 2.155549472E-17, 1.950000000E-01, 2.155549472E-17, 1.950000000E-01, 1.123150000E+03
       830, 1.513856849E-02, 2.100041030E-01, 1.513856849E-02, 2.100041030E-01, 1.121178187E+03
       831, 2.321360970E-17, 2.100000000E-01, 2.321360970E-17, 2.100000000E-01, 1.123150000E+03
       832, 1.536619586E-01, 3.749836416E-01, 1.536619586E-01, 3.749836416E-01, 1.106167830E+03
       833, 1.515533129E-02, 2.250039380E-01, 1.515533129E-02, 2.250039380E-01, 1.121176336E+03
       834, 2.487172468E-17, 2.250000000E-01, 2.487172468E-17, 2.250000000E-01, 1.123150000E+03
       835, 1.516517518E-02, 2.400047038E-01, 1.516517518E-02, 2.400047038E-01, 1.121175385E+03
       836, 2.652983966E-17, 2.400000000E-01, 2.652983966E-17, 2.400000000E-01, 1.123150000E+03
       837, 1.518522200E-02, 2.550066351E-01, 1.518522200E-02, 2.550066351E-01, 1.121173106E+03
       838, 2.818795464E-17, 2.550000000E-01, 2.818795464E-17, 2.550000000E-01, 1.123150000E+03
       839, 1.534120291E-02, 4.050022210E-01, 1.534120291E-02, 4.050022210E-01, 1.121155147E+03
       840, 1.533311312E-02, 4.200000000E-01, 1.533311312E-02, 4.200000000E-01, 1.121156235E+03
       841, 1.515889488E-02, 2.700091932E-01, 1.515889488E-02, 2.700091932E-01, 1.121176840E+03
       842, 2.984606962E-17, 2.700000000E-01, 2.984606962E-17, 2.700000000E-01, 1.123150000E+03
       843, 3.068399542E-02, 4.050019578E-01, 3.068399542E-02, 4.050019578E-01, 1.119180475E+03
       844, 3.066666667E-02, 4.200000000E-01, 3.066666667E-02, 4.200000000E-01, 1.119182767E+03
       845, 1.518437976E-02, 2.850118653E-01, 1.518437976E-02, 2.850118653E-01, 1.121173836E+03
       846, 3.150418459E-17, 2.850000000E-01, 3.150418459E-17, 2.850000000E-01, 1.123150000E+03
       847, 4.602922249E-02, 4.049979742E-01, 4.602922249E-02, 4.049979742E-01, 1.117245691E+03
       848, 4.599761364E-02, 4.200000000E-01, 4.599761364E-02, 4.200000000E-01, 1.117249748E+03
       849, 1.518818879E-02, 3.000143961E-01, 1.518818879E-02, 3.000143961E-01, 1.121173632E+03
       850, 3.316229957E-17, 3.000000000E-01, 3.316229957E-17, 3.000000000E-01, 1.123150000E+03
       851, 6.137742984E-02, 4.049926638E-01, 6.137742984E-02, 4.049926638E-01, 1.115369497E+03
       852, 6.132919656E-02, 4.200000000E-01, 6.132919656E-02, 4.200000000E-01, 1.115375464E+03
       853, 1.521531639E-02, 3.150164435E-01, 1.521531639E-02, 3.150164435E-01, 1.121170385E+03
       854, 3.482041455E-17, 3.150000000E-01, 3.482041455E-17, 3.150000000E-01, 1.123150000E+03
       855, 7.672865342E-02, 4.049870711E-01, 7.672865342E-02, 4.049870711E-01, 1.113569181E+03
       856, 7.666110012E-02, 4.200000000E-01, 7.666110012E-02, 4.200000000E-01, 1.113577171E+03
       857, 1.525493530E-02, 3.300168416E-01, 1.525493530E-02, 3.300168416E-01, 1.121165497E+03
       858, 3.647852953E-17, 3.300000000E-01, 3.647852953E-17, 3.300000000E-01, 1.123150000E+03
       859, 9.208086348E-02, 4.049797911E-01, 9.208086348E-02, 4.049797911E-01, 1.111860488E+03
       860, 9.199322554E-02, 4.200000000E-01, 9.199322554E-02, 4.200000000E-01, 1.111870323E+03
       861, 1.529204788E-02, 3.450151017E-01, 1.529204788E-02, 3.450151017E-01, 1.121160913E+03
       862, 3.813664451E-17, 3.450000000E-01, 3.813664451E-17, 3.450000000E-01, 1.123150000E+03
       863, 1.074310139E-01, 4.049803328E-01, 1.074310139E-01, 4.049803328E-01, 1.110257356E+03
       864, 1.073256236E-01, 4.200000000E-01, 1.073256236E-01, 4.200000000E-01, 1.110268513E+03
       865, 1.532239437E-02, 3.600118057E-01, 1.532239437E-02, 3.600118057E-01, 1.121157179E+03
       866, 3.979475949E-17, 3.600000000E-01, 3.979475949E-17, 3.600000000E-01, 1.123150000E+03
       867, 1.227769083E-01, 4.049853162E-01, 1.227769083E-01, 4.049853162E-01, 1.108771893E+03
       868, 1.226585626E-01, 4.200000000E-01, 1.226585626E-01, 4.200000000E-01, 1.108783674E+03
       869, 1.533862281E-02, 3.750082598E-01, 1.533862281E-02, 3.750082598E-01, 1.121155246E+03
       870, 4.145287447E-17, 3.750000000E-01, 4.145287447E-17, 3.750000000E-01, 1.123150000E+03
       871, 1.381164257E-01, 4.049886607E-01, 1.381164257E-01, 4.049886607E-01, 1.107415083E+03
       872, 1.379925540E-01, 4.200000000E-01, 1.379925540E-01, 4.200000000E-01, 1.107426718E+03
       873, 1.534364168E-02, 3.900049208E-01, 1.534364168E-02, 3.900049208E-01, 1.121154732E+03
       874, 4.311098945E-17, 3.900000000E-01, 4.311098945E-17, 3.900000000E-01, 1.123150000E+03
       875, 1.534483126E-01, 4.049948527E-01, 1.534483126E-01, 4.049948527E-01, 1.106197964E+03
       876, 1.533282662E-01, 4.200000000E-01, 1.533282662E-01, 4.200000000E-01, 1.106208801E+03
       877, 4.476910442E-17, 4.050000000E-01, 4.476910442E-17, 4.050000000E-01, 1.123150000E+03
       878, 1.687713677E-01, 4.050013444E-01, 1.687713677E-01, 4.050013444E-01, 1.105133845E+03
       879, 1.686666667E-01, 4.200000000E-01, 1.686666667E-01, 4.200000000E-01, 1.105143480E+03
       880, 1.840822436E-01, 4.050042842E-01, 1.840822436E-01, 4.050042842E-01, 1.104241787E+03
       881, 1.840000000E-01, 4.200000000E-01, 1.840000000E-01, 4.200000000E-01, 1.104250587E+03
       882, 1.993908331E-01, 4.050055277E-01, 1.993908331E-01, 4.050055277E-01, 1.103550315E+03
       883, 1.993333333E-01, 4.200000000E-01, 1.993333333E-01, 4.200000000E-01, 1.103559231E+03
       884, 1.842643286E-01, 3.750102794E-01, 1.842643286E-01, 3.750102794E-01, 1.104197333E+03
       885, 2.146968968E-01, 4.050051124E-01, 2.146968968E-01, 4.050051124E-01, 1.103101912E+03
       886, 2.146666667E-01, 4.200000000E-01, 2.146666667E-01, 4.200000000E-01, 1.103111665E+03
       887, 6.000500459E-02, 4.500206857E-02, 6.000500459E-02, 4.500206857E-02, 1.115501385E+03
       888, 7.500656362E-02, 4.500479488E-02, 7.500656362E-02, 4.500479488E-02, 1.113716120E+03
       889, 4.500502337E-02, 6.000208009E-02, 4.500502337E-02, 6.000208009E-02, 1.117352655E+03
       890, 1.996318291E-01, 2.999739547E-01, 1.996318291E-01, 2.999739547E-01, 1.103134592E+03
       891, 4.508731449E-02, 1.200105337E-01, 4.508731449E-02, 1.200105337E-01, 1.117344864E+03
       892, 2.300000000E-01, 4.050000000E-01, 2.300000000E-01, 4.050000000E-01, 1.102944647E+03
       893, 1.995934618E-01, 3.299960589E-01, 1.995934618E-01, 3.299960589E-01, 1.103313377E+03
       894, 1.996366354E-01, 3.149855173E-01, 1.996366354E-01, 3.149855173E-01, 1.103228175E+03
       895, 1.995669401E-01, 3.600116762E-01, 1.995669401E-01, 3.600116762E-01, 1.103444654E+03
       896, 4.603330774E-02, 3.750001138E-01, 4.603330774E-02, 3.750001138E-01, 1.117244381E+03
       897, 1.995190053E-01, 3.750133891E-01, 1.995190053E-01, 3.750133891E-01, 1.103492525E+03
       898, 7.500273162E-02, 3.000291471E-02, 7.500273162E-02, 3.000291471E-02, 1.113716017E+03
       899, 1.688797209E-01, 3.900026241E-01, 1.688797209E-01, 3.900026241E-01, 1.105118410E+03
       900, 6.000211953E-02, 3.000126247E-02, 6.000211953E-02, 3.000126247E-02, 1.115501411E+03
       901, 3.000460803E-02, 7.500237324E-02, 3.000460803E-02, 7.500237324E-02, 1.119255432E+03
       902, 3.002473608E-02, 1.050052058E-01, 3.002473608E-02, 1.050052058E-01, 1.119253574E+03
       903, 3.005572294E-02, 1.200065733E-01, 3.005572294E-02, 1.200065733E-01, 1.119250065E+03
       904, 3.009133512E-02, 1.350078024E-01, 3.009133512E-02, 1.350078024E-01, 1.119246023E+03
       905, 3.013869555E-02, 1.500087302E-01, 3.013869555E-02, 1.500087302E-01, 1.119240529E+03
       906, 3.016957821E-02, 1.650094679E-01, 3.016957821E-02, 1.650094679E-01, 1.119237190E+03
       907, 3.020414076E-02, 1.800100507E-01, 3.020414076E-02, 1.800100507E-01, 1.119233418E+03
       908, 3.024739842E-02, 1.950105894E-01, 3.024739842E-02, 1.950105894E-01, 1.119228564E+03
       909, 3.031036503E-02, 2.250118545E-01, 3.031036503E-02, 2.250118545E-01, 1.119221916E+03
       910, 3.033021277E-02, 2.400127353E-01, 3.033021277E-02, 2.400127353E-01, 1.119220087E+03
       911, 3.036973583E-02, 2.550136242E-01, 3.036973583E-02, 2.550136242E-01, 1.119215739E+03
       912, 3.051984241E-02, 3.300138675E-01, 3.051984241E-02, 3.300138675E-01, 1.119199664E+03
       913, 3.059027380E-02, 3.450106564E-01, 3.059027380E-02, 3.450106564E-01, 1.119191157E+03
       914, 3.065281309E-02, 3.600079323E-01, 3.065281309E-02, 3.600079323E-01, 1.119183600E+03
       915, 7.677252295E-02, 3.899762502E-01, 7.677252295E-02, 3.899762502E-01, 1.113563446E+03
       916, 3.068190427E-02, 3.750057925E-01, 3.068190427E-02, 3.750057925E-01, 1.119180249E+03
       917, 4.604477529E-02, 3.899973786E-01, 4.604477529E-02, 3.899973786E-01, 1.117243426E+03
       918, 1.075207117E-01, 3.899614147E-01, 1.075207117E-01, 3.899614147E-01, 1.110246790E+03
       919, 1.228835374E-01, 3.899709138E-01, 1.228835374E-01, 3.899709138E-01, 1.108759706E+03
       920, 1.382331418E-01, 3.899772759E-01, 1.382331418E-01, 3.899772759E-01, 1.107401766E+03
       921, 1.535658826E-01, 3.899894753E-01, 1.535658826E-01, 3.899894753E-01, 1.106183766E+03
       922, 3.000987387E-02, 9.000376858E-02, 3.000987387E-02, 9.000376858E-02, 1.119255083E+03
       923, 1.994617146E-01, 3.900111127E-01, 1.994617146E-01, 3.900111127E-01, 1.103527707E+03
       924, 9.026731313E-02, 1.200525894E-01, 9.026731313E-02, 1.200525894E-01, 1.111990825E+03
       925, 6.140537158E-02, 3.899876761E-01, 6.140537158E-02, 3.899876761E-01, 1.115365654E+03
       926, 3.000221406E-02, 4.500075373E-02, 3.000221406E-02, 4.500075373E-02, 1.119255315E+03
       927, 3.000097329E-02, 3.000045062E-02, 3.000097329E-02, 3.000045062E-02, 1.119255381E+03
       928, 3.069083760E-02, 3.900037908E-01, 3.069083760E-02, 3.900037908E-01, 1.119179396E+03
       929, 1.073561483E-01, 3.149342939E-01, 1.073561483E-01, 3.149342939E-01, 1.110244110E+03
       930, 7.666826195E-02, 3.449743004E-01, 7.666826195E-02, 3.449743004E-01, 1.113571251E+03
       931, 9.198609795E-02, 3.299447581E-01, 9.198609795E-02, 3.299447581E-01, 1.111860473E+03
       932, 7.501691199E-02, 7.501441158E-02, 7.501691199E-02, 7.501441158E-02, 1.113716937E+03
       933, 9.168912736E-02, 2.700267940E-01, 9.168912736E-02, 2.700267940E-01, 1.111877245E+03
       934, 1.229644204E-01, 3.449368208E-01, 1.229644204E-01, 3.449368208E-01, 1.108737616E+03
       935, 6.139913949E-02, 3.749895622E-01, 6.139913949E-02, 3.749895622E-01, 1.115365686E+03
       936, 1.383678849E-01, 3.299351324E-01, 1.383678849E-01, 3.299351324E-01, 1.107356631E+03
       937, 1.537615189E-01, 3.299613666E-01, 1.537615189E-01, 3.299613666E-01, 1.106115987E+03
       938, 1.383776992E-01, 3.449437396E-01, 1.383776992E-01, 3.449437396E-01, 1.107366935E+03
       939, 1.382938204E-01, 3.149322236E-01, 1.382938204E-01, 3.149322236E-01, 1.107350333E+03
       940, 7.501083126E-02, 6.000899207E-02, 7.501083126E-02, 6.000899207E-02, 1.113716481E+03
       941, 1.691179810E-01, 3.149798105E-01, 1.691179810E-01, 3.149798105E-01, 1.104986951E+03
       942, 6.000793350E-02, 6.000399271E-02, 6.000793350E-02, 6.000399271E-02, 1.115501561E+03
       943, 1.228364930E-01, 3.149388875E-01, 1.228364930E-01, 3.149388875E-01, 1.108734344E+03
       944, 1.537426332E-01, 3.149503865E-01, 1.537426332E-01, 3.149503865E-01, 1.106097548E+03
       945, 3.000341636E-02, 6.000156507E-02, 3.000341636E-02, 6.000156507E-02, 1.119255334E+03
       946, 1.071736208E-01, 2.700043570E-01, 1.071736208E-01, 2.700043570E-01, 1.110244125E+03
       947, 1.841728095E-01, 3.900079517E-01, 1.841728095E-01, 3.900079517E-01, 1.104223835E+03
       948, 4.500361348E-02, 4.500135141E-02, 4.500361348E-02, 4.500135141E-02, 1.117352517E+03
       949, 9.214108556E-02, 3.899624048E-01, 9.214108556E-02, 3.899624048E-01, 1.111852946E+03
       950, 1.074488383E-01, 3.299276107E-01, 1.074488383E-01, 3.299276107E-01, 1.110239941E+03
       951, 7.519709288E-02, 1.200345491E-01, 7.519709288E-02, 1.200345491E-01, 1.113701167E+03
       952, 7.504197798E-02, 9.002081285E-02, 7.504197798E-02, 9.002081285E-02, 1.113715474E+03
       953, 3.040048737E-02, 2.850151242E-01, 3.040048737E-02, 2.850151242E-01, 1.119213159E+03
       954, 4.501861121E-02, 9.000581072E-02, 4.501861121E-02, 9.000581072E-02, 1.117351971E+03
       955, 6.087810833E-02, 2.700327981E-01, 6.087810833E-02, 2.700327981E-01, 1.115418463E+03
       956, 1.229055155E-01, 3.299351654E-01, 1.229055155E-01, 3.299351654E-01, 1.108735970E+03
       957, 9.001404254E-02, 6.001726928E-02, 9.001404254E-02, 6.001726928E-02, 1.112009169E+03
       958, 9.188564378E-02, 3.149601641E-01, 9.188564378E-02, 3.149601641E-01, 1.111867969E+03
       959, 3.046337695E-02, 3.150153907E-01, 3.046337695E-02, 3.150153907E-01, 1.119206338E+03
       960, 9.209234930E-02, 3.449425975E-01, 9.209234930E-02, 3.449425975E-01, 1.111851969E+03
       961, 1.537501459E-01, 3.449699140E-01, 1.537501459E-01, 3.449699140E-01, 1.106134386E+03
       962, 6.014237712E-02, 1.200182139E-01, 6.014237712E-02, 1.200182139E-01, 1.115489332E+03
       963, 9.000312563E-02, 3.000589273E-02, 9.000312563E-02, 3.000589273E-02, 1.112008141E+03
       964, 7.627788120E-02, 2.700330154E-01, 7.627788120E-02, 2.700330154E-01, 1.113604019E+03
       965, 9.000781720E-02, 4.501077013E-02, 9.000781720E-02, 4.501077013E-02, 1.112008512E+03
       966, 1.690692565E-01, 3.449997913E-01, 1.690692565E-01, 3.449997913E-01, 1.105049838E+03
       967, 1.995863404E-01, 3.450050462E-01, 1.995863404E-01, 3.450050462E-01, 1.103385034E+03
       968, 4.500154242E-02, 3.000083260E-02, 4.500154242E-02, 3.000083260E-02, 1.117352596E+03
       969, 4.568372558E-02, 3.000248853E-01, 4.568372558E-02, 3.000248853E-01, 1.117283850E+03
       970, 3.030462675E-02, 2.100111753E-01, 3.030462675E-02, 2.100111753E-01, 1.119221941E+03
       971, 4.560408866E-02, 2.700243689E-01, 4.560408866E-02, 2.700243689E-01, 1.117291579E+03
       972, 3.034512058E-02, 2.700144305E-01, 3.034512058E-02, 2.700144305E-01, 1.119219579E+03
       973, 3.041312280E-02, 3.000155960E-01, 3.041312280E-02, 3.000155960E-01, 1.119212173E+03
       974, 0.000000000E+00, 4.200000000E-01, 0.000000000E+00, 4.200000000E-01, 1.122655763E+03
       975, 0.000000000E+00, 0.000000000E+00, 0.000000000E+00, 0.000000000E+00, 1.122659786E+03
       976, 2.300000000E-01, 4.200000000E-01, 2.300000000E-01, 4.200000000E-01, 1.102954899E+03
