cellnumber,    x-coordinate,    y-coordinate,     temperature
         1, 7.499955596E-03, 7.499985174E-03, 1.122360698E+03
         2, 2.249986720E-02, 7.499985246E-03, 1.120785192E+03
         3, 7.499923154E-03, 2.250000395E-02, 1.122360705E+03
         4, 2.249977006E-02, 2.250000381E-02, 1.120785217E+03
         5, 3.749976769E-02, 7.499981377E-03, 1.119218752E+03
         6, 7.499945085E-03, 3.750000333E-02, 1.122360738E+03
         7, 2.249983563E-02, 3.750000328E-02, 1.120785326E+03
         8, 3.749959090E-02, 2.250000258E-02, 1.119218811E+03
         9, 5.249963340E-02, 7.499973379E-03, 1.117666955E+03
        10, 7.499953010E-03, 5.249999930E-02, 1.122360805E+03
        11, 3.749961187E-02, 3.749997531E-02, 1.119219031E+03
        12, 2.249980262E-02, 5.249998035E-02, 1.120785544E+03
        13, 5.249933150E-02, 2.249999950E-02, 1.117667079E+03
        14, 6.749944054E-02, 7.499961317E-03, 1.116134675E+03
        15, 7.499906384E-03, 6.749998511E-02, 1.122360908E+03
        16, 5.249924452E-02, 3.749998416E-02, 1.117667465E+03
        17, 3.749949708E-02, 5.250001446E-02, 1.119219444E+03
        18, 2.249966234E-02, 6.750000382E-02, 1.120785869E+03
        19, 6.749893295E-02, 2.249999427E-02, 1.116134911E+03
        20, 8.249916225E-02, 7.499944646E-03, 1.114625778E+03
        21, 7.499900377E-03, 8.250001282E-02, 1.122361036E+03
        22, 5.249903729E-02, 5.249999129E-02, 1.117668142E+03
        23, 6.749871647E-02, 3.749997294E-02, 1.116135538E+03
        24, 3.749932809E-02, 6.749999386E-02, 1.119220034E+03
        25, 2.249963103E-02, 8.249998962E-02, 1.120786273E+03
        26, 8.249811426E-02, 2.249991600E-02, 1.114626214E+03
        27, 9.749876837E-02, 7.499918547E-03, 1.113142810E+03
        28, 7.499909761E-03, 9.749999039E-02, 1.122361189E+03
        29, 5.249883377E-02, 6.749998350E-02, 1.117669086E+03
        30, 6.749834675E-02, 5.249998690E-02, 1.116136590E+03
        31, 8.249728112E-02, 3.749990664E-02, 1.114627234E+03
        32, 3.749925778E-02, 8.250000280E-02, 1.119220776E+03
        33, 2.249965915E-02, 9.750001367E-02, 1.120786755E+03
        34, 9.749689965E-02, 2.249992995E-02, 1.113143550E+03
        35, 1.124982233E-01, 7.499880770E-03, 1.111686666E+03
        36, 7.499933227E-03, 1.125000177E-01, 1.122361365E+03
        37, 6.749800766E-02, 6.749997587E-02, 1.116138036E+03
        38, 5.249871348E-02, 8.249999685E-02, 1.117670276E+03
        39, 8.249640037E-02, 5.249995775E-02, 1.114628849E+03
        40, 9.749464125E-02, 3.749974941E-02, 1.113145184E+03
        41, 3.749930728E-02, 9.750000369E-02, 1.119221658E+03
        42, 2.249977068E-02, 1.125000083E-01, 1.120787306E+03
        43, 1.124950260E-01, 2.249976359E-02, 1.111687855E+03
        44, 1.274974942E-01, 7.499841780E-03, 1.110256231E+03
        45, 8.249620045E-02, 6.750011878E-02, 1.114630969E+03
        46, 6.749743968E-02, 8.249987561E-02, 1.116139883E+03
        47, 5.249879258E-02, 9.750000270E-02, 1.117671685E+03
        48, 9.749295079E-02, 5.250009199E-02, 1.113147600E+03
        49, 1.124910611E-01, 3.749987031E-02, 1.111690318E+03
        50, 3.749946500E-02, 1.124999916E-01, 1.119222669E+03
        51, 1.274924699E-01, 2.249977128E-02, 1.110258040E+03
        52, 1.424965448E-01, 7.499773009E-03, 1.108848038E+03
        53, 8.249539710E-02, 8.249994488E-02, 1.114633693E+03
        54, 9.749332976E-02, 6.750000844E-02, 1.113150628E+03
        55, 6.749756315E-02, 9.750012743E-02, 1.116142014E+03
        56, 5.249898224E-02, 1.125000120E-01, 1.117673302E+03
        57, 1.124879351E-01, 5.249966386E-02, 1.111693876E+03
        58, 1.274865248E-01, 3.749967472E-02, 1.110261596E+03
        59, 1.424893897E-01, 2.249961866E-02, 1.108850641E+03
        60, 1.574953937E-01, 7.499716511E-03, 1.107455982E+03
        61, 8.249558333E-02, 9.750007633E-02, 1.114636831E+03
        62, 9.749250690E-02, 8.249991484E-02, 1.113154549E+03
        63, 1.124876360E-01, 6.749987580E-02, 1.111698308E+03
        64, 6.749824947E-02, 1.125000211E-01, 1.116144414E+03
        65, 1.274813489E-01, 5.249977441E-02, 1.110266711E+03
        66, 1.424806989E-01, 3.749946052E-02, 1.108855646E+03
        67, 1.574854751E-01, 2.249948552E-02, 1.107459588E+03
        68, 1.724939737E-01, 7.499501138E-03, 1.106071255E+03
        69, 9.749201079E-02, 9.749984519E-02, 1.113159174E+03
        70, 8.249661677E-02, 1.124999130E-01, 1.114640360E+03
        71, 1.124861334E-01, 8.249986831E-02, 1.111703953E+03
        72, 1.274794326E-01, 6.749984795E-02, 1.110273114E+03
        73, 1.424730861E-01, 5.249956250E-02, 1.108862781E+03
        74, 1.574731319E-01, 3.749928730E-02, 1.107466421E+03
        75, 1.724808214E-01, 2.249897925E-02, 1.106076021E+03
        76, 1.874924709E-01, 7.498971058E-03, 1.104682732E+03
        77, 1.124856124E-01, 9.750028579E-02, 1.111710547E+03
        78, 9.749265312E-02, 1.125000767E-01, 1.113164368E+03
        79, 1.274769609E-01, 8.249984601E-02, 1.110281108E+03
        80, 1.424687064E-01, 6.749932075E-02, 1.108871809E+03
        81, 1.574622433E-01, 5.249937251E-02, 1.107476104E+03
        82, 1.724642180E-01, 3.749866287E-02, 1.106084962E+03
        83, 1.874758242E-01, 2.249741931E-02, 1.104688673E+03
        84, 2.024908657E-01, 7.497785422E-03, 1.103278334E+03
        85, 1.124871011E-01, 1.125000462E-01, 1.111717924E+03
        86, 1.274758805E-01, 9.749964769E-02, 1.110290446E+03
        87, 1.424650488E-01, 8.250010695E-02, 1.108882906E+03
        88, 1.574546187E-01, 6.749945684E-02, 1.107488447E+03
        89, 1.724491027E-01, 5.249858209E-02, 1.106097627E+03
        90, 1.874547548E-01, 3.749614649E-02, 1.104699715E+03
        91, 2.024717039E-01, 2.249419619E-02, 1.103285091E+03
        92, 2.174897755E-01, 7.496316737E-03, 1.101847674E+03
        93, 1.274790881E-01, 1.125005544E-01, 1.110300771E+03
        94, 1.424633139E-01, 9.749993175E-02, 1.108895890E+03
        95, 1.574493720E-01, 8.249972675E-02, 1.107503484E+03
        96, 1.724383088E-01, 6.749876902E-02, 1.106113772E+03
        97, 1.874350068E-01, 5.249541180E-02, 1.104715383E+03
        98, 2.024477671E-01, 3.749104757E-02, 1.103297539E+03
        99, 2.174686054E-01, 2.248953227E-02, 1.101854529E+03
       100, 2.324889637E-01, 7.494682677E-03, 1.100386307E+03
       101, 1.424678540E-01, 1.125003149E-01, 1.108910268E+03
       102, 1.574476843E-01, 9.749995432E-02, 1.107521059E+03
       103, 1.724306884E-01, 8.249914969E-02, 1.106133506E+03
       104, 1.874203939E-01, 6.749539571E-02, 1.104735424E+03
       105, 2.024239071E-01, 5.248843266E-02, 1.103315362E+03
       106, 2.174428680E-01, 3.748339975E-02, 1.101866918E+03
       107, 2.324674083E-01, 2.248431148E-02, 1.100392044E+03
       108, 2.474892422E-01, 7.493210868E-03, 1.098899515E+03
       109, 1.424768904E-01, 1.275002944E-01, 1.108926103E+03
       110, 1.574538650E-01, 1.125005244E-01, 1.107540698E+03
       111, 1.724269300E-01, 9.749946307E-02, 1.106156776E+03
       112, 1.874100996E-01, 8.249602396E-02, 1.104760022E+03
       113, 2.024057169E-01, 6.748740874E-02, 1.103338262E+03
       114, 2.174159309E-01, 5.247769726E-02, 1.101884743E+03
       115, 2.324421641E-01, 3.747373673E-02, 1.100401980E+03
       116, 2.474687797E-01, 2.247932767E-02, 1.098902906E+03
       117, 2.624905080E-01, 7.493239412E-03, 1.097402799E+03
       118, 1.424858256E-01, 1.425004067E-01, 1.108943677E+03
       119, 1.574653141E-01, 1.275001580E-01, 1.107562551E+03
       120, 1.724346177E-01, 1.125007029E-01, 1.106182876E+03
       121, 1.874032779E-01, 9.749699036E-02, 1.104789402E+03
       122, 2.023925146E-01, 8.248783595E-02, 1.103366589E+03
       123, 2.173940635E-01, 6.747430115E-02, 1.101907759E+03
       124, 2.324117737E-01, 5.246262526E-02, 1.100416496E+03
       125, 2.474456378E-01, 3.746546862E-02, 1.098908008E+03
       126, 2.624718437E-01, 2.247857775E-02, 1.097403315E+03
       127, 2.774926780E-01, 7.495459408E-03, 1.095915792E+03
       128, 1.574779493E-01, 1.425010107E-01, 1.107586851E+03
       129, 1.724493440E-01, 1.275008144E-01, 1.106212192E+03
       130, 1.874121930E-01, 1.124991289E-01, 1.104822579E+03
       131, 2.023819474E-01, 9.748884770E-02, 1.103400939E+03
       132, 2.173778400E-01, 8.247271811E-02, 1.101936384E+03
       133, 2.323849822E-01, 6.745445197E-02, 1.100435103E+03
       134, 2.474138610E-01, 5.245092885E-02, 1.098915524E+03
       135, 2.624516946E-01, 3.746268371E-02, 1.097402568E+03
       136, 2.774776818E-01, 2.248480481E-02, 1.095913657E+03
       137, 2.924945534E-01, 7.498190786E-03, 1.094454119E+03
       138, 1.724667949E-01, 1.425013993E-01, 1.106245033E+03
       139, 1.874315384E-01, 1.275001377E-01, 1.104860210E+03
       140, 2.023902458E-01, 1.124910166E-01, 1.103440218E+03
       141, 2.173632834E-01, 9.747182334E-02, 1.101971644E+03
       142, 2.323663316E-01, 8.244699358E-02, 1.100457850E+03
       143, 2.473839429E-01, 6.743643892E-02, 1.098924575E+03
       144, 2.624218657E-01, 5.244551100E-02, 1.097401307E+03
       145, 2.774617142E-01, 3.747324616E-02, 1.095907801E+03
       146, 2.924825409E-01, 2.249352450E-02, 1.094450460E+03
       147, 3.074963940E-01, 7.499586429E-03, 1.093023145E+03
       148, 1.874544845E-01, 1.425014031E-01, 1.104903031E+03
       149, 2.024136008E-01, 1.274938021E-01, 1.103485318E+03
       150, 2.173691661E-01, 1.124732361E-01, 1.102012515E+03
       151, 2.323507123E-01, 9.744369065E-02, 1.100485956E+03
       152, 2.473628899E-01, 8.242220019E-02, 1.098934652E+03
       153, 2.623934291E-01, 6.742892659E-02, 1.097398306E+03
       154, 2.774365827E-01, 5.246096224E-02, 1.095898822E+03
       155, 2.924699451E-01, 3.748876395E-02, 1.094441769E+03
       156, 3.074878955E-01, 2.249793842E-02, 1.093018995E+03
       157, 3.224978866E-01, 7.500086182E-03, 1.091618441E+03
       158, 2.024424568E-01, 1.424962136E-01, 1.103537667E+03
       159, 2.173955933E-01, 1.274765478E-01, 1.102059988E+03
       160, 2.323534133E-01, 1.124415938E-01, 1.100518783E+03
       161, 2.473453726E-01, 9.741176187E-02, 1.098946577E+03
       162, 2.623735695E-01, 8.241297400E-02, 1.097392641E+03
       163, 2.774112269E-01, 6.744725147E-02, 1.095885496E+03
       164, 2.924515577E-01, 5.248368969E-02, 1.094428328E+03
       165, 3.074783357E-01, 3.749588570E-02, 1.093009700E+03
       166, 3.224921519E-01, 2.249971126E-02, 1.091614576E+03
       167, 3.374989826E-01, 7.500139938E-03, 1.090229671E+03
       168, 2.174312863E-01, 1.424814728E-01, 1.102116372E+03
       169, 2.323792771E-01, 1.274453474E-01, 1.100557024E+03
       170, 2.473451805E-01, 1.124060687E-01, 1.098959261E+03
       171, 2.623542721E-01, 9.739959398E-02, 1.097384869E+03
       172, 2.773916304E-01, 8.243574999E-02, 1.095866725E+03
       173, 2.924306136E-01, 6.747705110E-02, 1.094409479E+03
       174, 3.074662783E-01, 5.249442984E-02, 1.092995250E+03
       175, 3.224854379E-01, 3.749957956E-02, 1.091606105E+03
       176, 3.374954699E-01, 2.250018213E-02, 1.090226441E+03
       177, 3.524996557E-01, 7.500077367E-03, 1.088844753E+03
       178, 2.324220851E-01, 1.424528185E-01, 1.100602859E+03
       179, 2.473680755E-01, 1.274065796E-01, 1.098972449E+03
       180, 2.623507332E-01, 1.123922198E-01, 1.097373069E+03
       181, 2.773717163E-01, 9.742506626E-02, 1.095842427E+03
       182, 2.924123780E-01, 8.247035856E-02, 1.094384236E+03
       183, 3.074509433E-01, 6.749128491E-02, 1.092975494E+03
       184, 3.224794097E-01, 5.249932272E-02, 1.091592811E+03
       185, 3.374915323E-01, 3.750011078E-02, 1.090219387E+03
       186, 3.524977079E-01, 2.250008122E-02, 1.088842243E+03
       187, 3.674999390E-01, 7.500019584E-03, 1.087452567E+03
       188, 2.474156838E-01, 1.424163139E-01, 1.098986361E+03
       189, 2.324654246E-01, 1.574614643E-01, 1.100660119E+03
       190, 2.623677543E-01, 1.273917056E-01, 1.097356198E+03
       191, 2.773640552E-01, 1.124183900E-01, 1.095810411E+03
       192, 2.923928067E-01, 9.746296767E-02, 1.094352351E+03
       193, 3.074350928E-01, 8.248865637E-02, 1.092949880E+03
       194, 3.224685207E-01, 6.749813584E-02, 1.091575108E+03
       195, 3.374896541E-01, 5.250011558E-02, 1.090208274E+03
       196, 3.524954127E-01, 3.750006521E-02, 1.088836757E+03
       197, 3.674989151E-01, 2.250013873E-02, 1.087450727E+03
       198, 3.824999976E-01, 7.500001079E-03, 1.086044280E+03
       199, 2.624124287E-01, 1.424022336E-01, 1.097332810E+03
       200, 2.474627037E-01, 1.574314033E-01, 1.099004218E+03
       201, 2.773768788E-01, 1.274165144E-01, 1.095768540E+03
       202, 2.923843553E-01, 1.124561139E-01, 1.094311815E+03
       203, 3.074185510E-01, 9.748578307E-02, 1.092918044E+03
       204, 3.224543945E-01, 8.249787182E-02, 1.091552726E+03
       205, 3.374821230E-01, 6.750017502E-02, 1.090193792E+03
       206, 3.524950535E-01, 5.250000660E-02, 1.088828103E+03
       207, 3.674976295E-01, 3.750006651E-02, 1.087446650E+03
       208, 3.824996486E-01, 2.250007016E-02, 1.086042979E+03
       209, 3.975000000E-01, 7.500000095E-03, 1.084613770E+03
       210, 2.774153140E-01, 1.424196523E-01, 1.095714580E+03
       211, 2.624600140E-01, 1.574192482E-01, 1.097304733E+03
       212, 2.474857628E-01, 1.724465204E-01, 1.099029422E+03
       213, 2.923943747E-01, 1.274517473E-01, 1.094260874E+03
       214, 3.074100552E-01, 1.124819173E-01, 1.092878742E+03
       215, 3.224436087E-01, 9.749774929E-02, 1.091524914E+03
       216, 3.374706830E-01, 8.249993039E-02, 1.090175774E+03
       217, 3.524913236E-01, 6.750061095E-02, 1.088816794E+03
       218, 3.674976258E-01, 5.249999850E-02, 1.087440219E+03
       219, 3.824992286E-01, 3.750002127E-02, 1.086040024E+03
       220, 3.974999230E-01, 2.250002086E-02, 1.084612896E+03
       221, 4.125000000E-01, 7.500000024E-03, 1.083157559E+03
       222, 2.924266770E-01, 1.424496544E-01, 1.094197927E+03
       223, 2.774601357E-01, 1.574304265E-01, 1.095648170E+03
       224, 2.624836764E-01, 1.724363794E-01, 1.097274341E+03
       225, 3.074163507E-01, 1.274798575E-01, 1.092830827E+03
       226, 3.224371482E-01, 1.124957188E-01, 1.091491453E+03
       227, 3.374656981E-01, 9.749988861E-02, 1.090153262E+03
       228, 3.524846189E-01, 8.250025637E-02, 1.088802837E+03
       229, 3.674963908E-01, 6.750023128E-02, 1.087431707E+03
       230, 3.824993461E-01, 5.249996511E-02, 1.086035385E+03
       231, 3.974998399E-01, 3.750000272E-02, 1.084610823E+03
       232, 4.124999922E-01, 2.250000257E-02, 1.083157004E+03
       233, 4.275000000E-01, 7.500000005E-03, 1.081674533E+03
       234, 3.074414393E-01, 1.424783458E-01, 1.092773425E+03
       235, 2.924631110E-01, 1.574537051E-01, 1.094123208E+03
       236, 2.774825813E-01, 1.724438229E-01, 1.095569441E+03
       237, 3.224396205E-01, 1.274949797E-01, 1.091451771E+03
       238, 3.374620749E-01, 1.124992010E-01, 1.090126755E+03
       239, 3.524829242E-01, 9.750009234E-02, 1.088785550E+03
       240, 3.674935372E-01, 8.250018686E-02, 1.087421207E+03
       241, 3.824989994E-01, 6.750011430E-02, 1.086029194E+03
       242, 3.974998756E-01, 5.249998724E-02, 1.084607561E+03
       243, 4.124999813E-01, 3.749999872E-02, 1.083155593E+03
       244, 4.274999998E-01, 2.250000004E-02, 1.081674201E+03
       245, 4.425000000E-01, 7.500000003E-03, 1.080165579E+03
       246, 3.074687683E-01, 1.574789168E-01, 1.092707507E+03
       247, 3.224567444E-01, 1.424934929E-01, 1.091405272E+03
       248, 2.924825760E-01, 1.724613825E-01, 1.094037043E+03
       249, 3.374617358E-01, 1.274988523E-01, 1.090096109E+03
       250, 3.524810067E-01, 1.125000917E-01, 1.088765507E+03
       251, 3.674932644E-01, 9.749991403E-02, 1.087408400E+03
       252, 3.824976517E-01, 8.249998143E-02, 1.086021558E+03
       253, 3.974998020E-01, 6.750002900E-02, 1.084603166E+03
       254, 4.124999796E-01, 5.249999988E-02, 1.083153343E+03
       255, 4.274999959E-01, 3.750000117E-02, 1.081673266E+03
       256, 4.424999999E-01, 2.250000002E-02, 1.080165396E+03
       257, 4.575000000E-01, 7.500000001E-03, 1.078633244E+03
       258, 3.524784160E-01, 1.274993847E-01, 1.088742839E+03
       259, 3.674924840E-01, 1.125002168E-01, 1.087393672E+03
       260, 3.824974485E-01, 9.749994743E-02, 1.086012339E+03
       261, 3.974991467E-01, 8.250011096E-02, 1.084597729E+03
       262, 4.124999587E-01, 6.750000284E-02, 1.083150282E+03
       263, 4.274999920E-01, 5.249999981E-02, 1.081671740E+03
       264, 4.424999996E-01, 3.750000005E-02, 1.080164792E+03
       265, 4.575000000E-01, 2.250000001E-02, 1.078633152E+03
       266, 4.725000000E-01, 7.500000001E-03, 1.077081393E+03
       267, 3.674893882E-01, 1.275000234E-01, 1.087377293E+03
       268, 3.824971594E-01, 1.125000833E-01, 1.086001743E+03
       269, 3.974988864E-01, 9.749994531E-02, 1.084591211E+03
       270, 4.124997750E-01, 8.250001602E-02, 1.083146461E+03
       271, 4.274999850E-01, 6.750000258E-02, 1.081669643E+03
       272, 4.424999987E-01, 5.250000010E-02, 1.080163779E+03
       273, 4.574999998E-01, 3.750000004E-02, 1.078632776E+03
       274, 4.725000000E-01, 2.250000000E-02, 1.077081353E+03
       275, 4.875000000E-01, 7.500000001E-03, 1.075514896E+03
       276, 3.824952810E-01, 1.275000683E-01, 1.085990004E+03
       277, 3.974987641E-01, 1.125000827E-01, 1.084583708E+03
       278, 4.124997015E-01, 9.749999177E-02, 1.083141895E+03
       279, 4.274998850E-01, 8.250000717E-02, 1.081667012E+03
       280, 4.424999986E-01, 6.750000006E-02, 1.080162369E+03
       281, 4.574999993E-01, 5.250000004E-02, 1.078632122E+03
       282, 4.725000000E-01, 3.750000001E-02, 1.077081130E+03
       283, 4.875000000E-01, 2.250000000E-02, 1.075514881E+03
       284, 5.025000000E-01, 7.500000001E-03, 1.073939332E+03
       285, 3.974974993E-01, 1.274999716E-01, 1.084575418E+03
       286, 4.124996708E-01, 1.125000129E-01, 1.083136646E+03
       287, 4.274998400E-01, 9.749999550E-02, 1.081663862E+03
       288, 4.424999435E-01, 8.250000562E-02, 1.080160588E+03
       289, 4.574999993E-01, 6.749999999E-02, 1.078631201E+03
       290, 4.724999997E-01, 5.250000003E-02, 1.077080731E+03
       291, 4.875000000E-01, 3.750000000E-02, 1.075514766E+03
       292, 5.025000000E-01, 2.250000000E-02, 1.073939328E+03
       293, 4.124987916E-01, 1.275000638E-01, 1.083130858E+03
       294, 4.274998264E-01, 1.125000069E-01, 1.081660237E+03
       295, 4.424999143E-01, 9.749999753E-02, 1.080158451E+03
       296, 4.574999697E-01, 8.250000304E-02, 1.078630028E+03
       297, 4.724999996E-01, 6.749999999E-02, 1.077080160E+03
       298, 4.874999998E-01, 5.250000002E-02, 1.075514552E+03
       299, 5.025000000E-01, 3.750000000E-02, 1.073939293E+03
       300, 4.274993093E-01, 1.275000387E-01, 1.081656232E+03
       301, 4.424999089E-01, 1.125000036E-01, 1.080155987E+03
       302, 4.574999542E-01, 9.749999868E-02, 1.078628616E+03
       303, 4.724999837E-01, 8.250000164E-02, 1.077079428E+03
       304, 4.874999998E-01, 6.750000000E-02, 1.075514242E+03
       305, 5.024999999E-01, 5.250000002E-02, 1.073939225E+03
       306, 4.574999525E-01, 1.125000019E-01, 1.078626983E+03
       307, 4.724999778E-01, 9.750000001E-02, 1.077078543E+03
       308, 4.874999937E-01, 8.250000168E-02, 1.075513843E+03
       309, 5.024999999E-01, 6.749999999E-02, 1.073939128E+03
       310, 4.724999777E-01, 1.125000002E-01, 1.077077518E+03
       311, 4.874999928E-01, 9.749999844E-02, 1.075513359E+03
       312, 5.024999994E-01, 8.250000021E-02, 1.073939001E+03
       313, 4.874999932E-01, 1.125000016E-01, 1.075512797E+03
       314, 5.024999991E-01, 9.749999990E-02, 1.073938847E+03
       315, 5.024999993E-01, 1.125000001E-01, 1.073938669E+03
       316, 5.025000000E-01, 4.125000000E-01, 1.073934494E+03
       317, 4.875000000E-01, 4.125000000E-01, 1.075499715E+03
       318, 5.025000000E-01, 3.975000000E-01, 1.073934552E+03
       319, 4.875000000E-01, 3.975000000E-01, 1.075499893E+03
       320, 4.725000000E-01, 4.125000000E-01, 1.077053778E+03
       321, 5.025000000E-01, 3.825000000E-01, 1.073934637E+03
       322, 4.875000000E-01, 3.825000000E-01, 1.075500158E+03
       323, 4.725000000E-01, 3.975000000E-01, 1.077054088E+03
       324, 4.575000000E-01, 4.125000000E-01, 1.078589401E+03
       325, 5.025000000E-01, 3.675000000E-01, 1.073934750E+03
       326, 4.725000000E-01, 3.825000000E-01, 1.077054558E+03
       327, 4.875000000E-01, 3.675000000E-01, 1.075500508E+03
       328, 4.575000000E-01, 3.975000000E-01, 1.078589865E+03
       329, 4.425000000E-01, 4.125000000E-01, 1.080099499E+03
       330, 5.025000000E-01, 3.525000000E-01, 1.073934888E+03
       331, 4.575000000E-01, 3.825000000E-01, 1.078590588E+03
       332, 4.725000000E-01, 3.675000000E-01, 1.077055184E+03
       333, 4.875000000E-01, 3.525000000E-01, 1.075500939E+03
       334, 4.425000000E-01, 3.975000000E-01, 1.080100153E+03
       335, 4.275000000E-01, 4.125000000E-01, 1.081577186E+03
       336, 5.025000000E-01, 3.375000000E-01, 1.073935051E+03
       337, 4.575000000E-01, 3.675000000E-01, 1.078591563E+03
       338, 4.425000000E-01, 3.825000000E-01, 1.080101206E+03
       339, 4.725000000E-01, 3.525000000E-01, 1.077055960E+03
       340, 4.875000000E-01, 3.375000000E-01, 1.075501446E+03
       341, 4.275000000E-01, 3.975000000E-01, 1.081578088E+03
       342, 4.125000000E-01, 4.125000000E-01, 1.083015691E+03
       343, 5.025000000E-01, 3.225000000E-01, 1.073935236E+03
       344, 4.575000000E-01, 3.525000000E-01, 1.078592780E+03
       345, 4.425000000E-01, 3.675000000E-01, 1.080102647E+03
       346, 4.275000000E-01, 3.825000000E-01, 1.081579593E+03
       347, 4.725000000E-01, 3.375000000E-01, 1.077056878E+03
       348, 4.875000000E-01, 3.225000000E-01, 1.075502026E+03
       349, 4.125000000E-01, 3.975000000E-01, 1.083016931E+03
       350, 3.975000000E-01, 4.125000000E-01, 1.084408127E+03
       351, 5.025000000E-01, 3.075000000E-01, 1.073935441E+03
       352, 4.425000000E-01, 3.525000000E-01, 1.080104461E+03
       353, 4.575000000E-01, 3.375000000E-01, 1.078594225E+03
       354, 4.275000000E-01, 3.675000000E-01, 1.081581683E+03
       355, 4.125000000E-01, 3.825000000E-01, 1.083019076E+03
       356, 4.725000000E-01, 3.225000000E-01, 1.077057927E+03
       357, 4.875000000E-01, 3.075000000E-01, 1.075502670E+03
       358, 3.975000000E-01, 3.975000000E-01, 1.084409849E+03
       359, 3.825000000E-01, 4.125000000E-01, 1.085747054E+03
       360, 5.025000000E-01, 2.925000000E-01, 1.073935665E+03
       361, 4.275000000E-01, 3.525000000E-01, 1.081584335E+03
       362, 4.425000000E-01, 3.375000000E-01, 1.080106625E+03
       363, 4.575000000E-01, 3.225000000E-01, 1.078595882E+03
       364, 4.125000000E-01, 3.675000000E-01, 1.083022096E+03
       365, 3.975000000E-01, 3.825000000E-01, 1.084412923E+03
       366, 4.725000000E-01, 3.075000000E-01, 1.077059094E+03
       367, 4.875000000E-01, 2.925000000E-01, 1.075503371E+03
       368, 3.825000000E-01, 3.975000000E-01, 1.085749482E+03
       369, 3.675000000E-01, 4.124999999E-01, 1.087023694E+03
       370, 5.025000000E-01, 2.775000000E-01, 1.073935904E+03
       371, 4.275000000E-01, 3.375000000E-01, 1.081587513E+03
       372, 4.125000000E-01, 3.525000000E-01, 1.083025955E+03
       373, 4.425000000E-01, 3.225000000E-01, 1.080109114E+03
       374, 4.574999999E-01, 3.075000000E-01, 1.078597731E+03
       375, 3.975000000E-01, 3.675000000E-01, 1.084417306E+03
       376, 3.825000000E-01, 3.825000000E-01, 1.085753938E+03
       377, 4.724999999E-01, 2.925000000E-01, 1.077060368E+03
       378, 4.874999999E-01, 2.775000000E-01, 1.075504122E+03
       379, 3.674999999E-01, 3.974999995E-01, 1.087027184E+03
       380, 3.524999998E-01, 4.124999990E-01, 1.088226601E+03
       381, 5.024999999E-01, 2.625000000E-01, 1.073936157E+03
       382, 4.275000000E-01, 3.225000000E-01, 1.081591178E+03
       383, 4.125000000E-01, 3.375000000E-01, 1.083030597E+03
       384, 3.975000000E-01, 3.525000000E-01, 1.084422936E+03
       385, 4.424999999E-01, 3.075000000E-01, 1.080111895E+03
       386, 4.574999999E-01, 2.925000000E-01, 1.078599749E+03
       387, 3.825000000E-01, 3.674999999E-01, 1.085760354E+03
       388, 3.674999999E-01, 3.824999991E-01, 1.087033737E+03
       389, 4.724999995E-01, 2.774999999E-01, 1.077061732E+03
       390, 4.874999996E-01, 2.625000000E-01, 1.075504913E+03
       391, 3.524999998E-01, 3.974999970E-01, 1.088231727E+03
       392, 3.375000000E-01, 4.124999984E-01, 1.089339463E+03
       393, 5.024999999E-01, 2.475000000E-01, 1.073936418E+03
       394, 4.125000000E-01, 3.225000000E-01, 1.083035962E+03
       395, 4.274999998E-01, 3.075000000E-01, 1.081595281E+03
       396, 3.975000000E-01, 3.375000000E-01, 1.084429731E+03
       397, 3.825000000E-01, 3.524999999E-01, 1.085768632E+03
       398, 4.424999998E-01, 2.925000000E-01, 1.080114937E+03
       399, 4.574999990E-01, 2.774999999E-01, 1.078601912E+03
       400, 3.674999999E-01, 3.674999985E-01, 1.087043241E+03
       401, 3.524999997E-01, 3.824999947E-01, 1.088241516E+03
       402, 4.724999989E-01, 2.625000000E-01, 1.077063169E+03
       403, 4.874999993E-01, 2.475000000E-01, 1.075505734E+03
       404, 3.374999995E-01, 3.974999938E-01, 1.089347137E+03
       405, 3.224999991E-01, 4.124999960E-01, 1.090337577E+03
       406, 5.024999986E-01, 2.324999996E-01, 1.073936687E+03
       407, 3.974999999E-01, 3.224999999E-01, 1.084437594E+03
       408, 4.124999996E-01, 3.075000000E-01, 1.083041975E+03
       409, 4.274999996E-01, 2.925000000E-01, 1.081599771E+03
       410, 3.824999999E-01, 3.374999998E-01, 1.085778640E+03
       411, 3.674999998E-01, 3.524999976E-01, 1.087055541E+03
       412, 4.424999983E-01, 2.774999999E-01, 1.080118197E+03
       413, 4.574999980E-01, 2.625000000E-01, 1.078604194E+03
       414, 3.524999996E-01, 3.674999915E-01, 1.088255792E+03
       415, 3.374999996E-01, 3.824999873E-01, 1.089361982E+03
       416, 4.724999977E-01, 2.474999997E-01, 1.077064663E+03
       417, 4.874999955E-01, 2.324999996E-01, 1.075506577E+03
       418, 3.224999997E-01, 3.974999865E-01, 1.090349205E+03
       419, 3.075000007E-01, 4.124999957E-01, 1.091182750E+03
       420, 5.024999985E-01, 2.175000004E-01, 1.073936959E+03
       421, 3.974999994E-01, 3.074999999E-01, 1.084446408E+03
       422, 3.824999999E-01, 3.224999996E-01, 1.085790226E+03
       423, 4.124999994E-01, 2.925000000E-01, 1.083048556E+03
       424, 4.274999970E-01, 2.774999997E-01, 1.081604586E+03
       425, 3.674999997E-01, 3.374999964E-01, 1.087070424E+03
       426, 3.524999994E-01, 3.524999868E-01, 1.088274304E+03
       427, 4.424999966E-01, 2.625000000E-01, 1.080121639E+03
       428, 4.574999952E-01, 2.474999997E-01, 1.078606565E+03
       429, 3.374999992E-01, 3.674999785E-01, 1.089383724E+03
       430, 3.224999992E-01, 3.824999740E-01, 1.090371920E+03
       431, 4.724999908E-01, 2.324999997E-01, 1.077066195E+03
       432, 4.874999954E-01, 2.175000004E-01, 1.075507429E+03
       433, 3.075000007E-01, 3.974999869E-01, 1.091200247E+03
       434, 2.924999953E-01, 4.124999837E-01, 1.091817929E+03
       435, 5.024999927E-01, 2.024999977E-01, 1.073937231E+03
       436, 3.824999991E-01, 3.074999993E-01, 1.085803207E+03
       437, 3.974999990E-01, 2.924999999E-01, 1.084456051E+03
       438, 3.674999996E-01, 3.224999945E-01, 1.087087646E+03
       439, 4.124999947E-01, 2.774999996E-01, 1.083055613E+03
       440, 4.274999941E-01, 2.625000000E-01, 1.081609668E+03
       441, 3.524999990E-01, 3.374999800E-01, 1.088296707E+03
       442, 3.374999986E-01, 3.524999643E-01, 1.089411966E+03
       443, 4.424999917E-01, 2.474999996E-01, 1.080125215E+03
       444, 4.574999835E-01, 2.324999992E-01, 1.078608998E+03
       445, 3.224999987E-01, 3.674999552E-01, 1.090405343E+03
       446, 3.075000009E-01, 3.824999757E-01, 1.091234731E+03
       447, 4.724999895E-01, 2.174999999E-01, 1.077067746E+03
       448, 4.874999782E-01, 2.024999977E-01, 1.075508283E+03
       449, 2.924999954E-01, 3.974999513E-01, 1.091843036E+03
       450, 2.775000051E-01, 4.124999848E-01, 1.092168536E+03
       451, 5.024999926E-01, 1.875000023E-01, 1.073937499E+03
       452, 3.824999984E-01, 2.924999988E-01, 1.085817389E+03
       453, 3.674999985E-01, 3.074999922E-01, 1.087106911E+03
       454, 3.974999923E-01, 2.774999994E-01, 1.084466382E+03
       455, 3.524999985E-01, 3.224999700E-01, 1.088322602E+03
       456, 4.124999901E-01, 2.625000000E-01, 1.083063056E+03
       457, 4.274999859E-01, 2.474999993E-01, 1.081614948E+03
       458, 3.374999939E-01, 3.374999308E-01, 1.089446162E+03
       459, 3.224999977E-01, 3.524999240E-01, 1.090448908E+03
       460, 4.424999719E-01, 2.324999987E-01, 1.080128885E+03
       461, 4.574999734E-01, 2.174999983E-01, 1.078611461E+03
       462, 3.074999980E-01, 3.674999472E-01, 1.091285848E+03
       463, 2.924999938E-01, 3.824999123E-01, 1.091893020E+03
       464, 4.724999589E-01, 2.024999975E-01, 1.077069299E+03
       465, 4.874999749E-01, 1.875000012E-01, 1.075509124E+03
       466, 2.775000050E-01, 3.974999546E-01, 1.092200374E+03
       467, 5.024999682E-01, 1.724999896E-01, 1.073937762E+03
       468, 3.824999894E-01, 2.774999978E-01, 1.085832552E+03
       469, 3.674999975E-01, 2.924999894E-01, 1.087127910E+03
       470, 3.524999961E-01, 3.074999545E-01, 1.088351510E+03
       471, 3.974999838E-01, 2.624999991E-01, 1.084477260E+03
       472, 3.374999943E-01, 3.224998798E-01, 1.089485660E+03
       473, 4.124999765E-01, 2.474999988E-01, 1.083070780E+03
       474, 4.274999527E-01, 2.324999979E-01, 1.081620362E+03
       475, 3.224999919E-01, 3.374998379E-01, 1.090501806E+03
       476, 3.074999995E-01, 3.524998981E-01, 1.091353028E+03
       477, 4.424999476E-01, 2.174999989E-01, 1.080132598E+03
       478, 4.574999231E-01, 2.024999976E-01, 1.078613927E+03
       479, 2.924999937E-01, 3.674998431E-01, 1.091968047E+03
       480, 2.775000069E-01, 3.824999189E-01, 1.092264417E+03
       481, 4.724999511E-01, 1.875000019E-01, 1.077070830E+03
       482, 4.874999024E-01, 1.724999907E-01, 1.075509951E+03
       483, 5.024999684E-01, 1.575000105E-01, 1.073938013E+03
       484, 3.824999755E-01, 2.624999970E-01, 1.085848479E+03
       485, 3.674999864E-01, 2.774999862E-01, 1.087150296E+03
       486, 3.524999949E-01, 2.924999348E-01, 1.088382919E+03
       487, 3.374999851E-01, 3.074997969E-01, 1.089529666E+03
       488, 3.974999576E-01, 2.474999970E-01, 1.084488532E+03
       489, 3.224999919E-01, 3.224997052E-01, 1.090563021E+03
       490, 4.124999216E-01, 2.324999966E-01, 1.083078693E+03
       491, 4.274999097E-01, 2.174999980E-01, 1.081625838E+03
       492, 3.074999936E-01, 3.374997615E-01, 1.091435350E+03
       493, 2.924999875E-01, 3.524997307E-01, 1.092068319E+03
       494, 4.424998665E-01, 2.024999947E-01, 1.080136316E+03
       495, 4.574999150E-01, 1.875000026E-01, 1.078616356E+03
       496, 2.775000108E-01, 3.674998656E-01, 1.092362094E+03
       497, 4.724998213E-01, 1.724999869E-01, 1.077072334E+03
       498, 4.874999054E-01, 1.575000102E-01, 1.075510738E+03
       499, 5.024999799E-01, 1.424999934E-01, 1.073938249E+03
       500, 3.824999311E-01, 2.474999942E-01, 1.085864937E+03
       501, 3.674999655E-01, 2.624999827E-01, 1.087173723E+03
       502, 3.524999808E-01, 2.774999125E-01, 1.088416263E+03
       503, 3.374999842E-01, 2.924996831E-01, 1.089577318E+03
       504, 3.224999785E-01, 3.074994829E-01, 1.090631255E+03
       505, 3.974998608E-01, 2.324999923E-01, 1.084500055E+03
       506, 3.074999932E-01, 3.224995429E-01, 1.091531521E+03
       507, 4.124998467E-01, 2.174999963E-01, 1.083086686E+03
       508, 4.274997811E-01, 2.024999921E-01, 1.081631315E+03
       509, 2.924999940E-01, 3.374995186E-01, 1.092193840E+03
       510, 2.775000173E-01, 3.524997813E-01, 1.092495769E+03
       511, 4.424998547E-01, 1.875000034E-01, 1.080139977E+03
       512, 4.574997036E-01, 1.724999812E-01, 1.078618745E+03
       513, 4.724998296E-01, 1.575000140E-01, 1.077073765E+03
       514, 4.874999399E-01, 1.424999937E-01, 1.075511479E+03
       515, 5.024999796E-01, 1.275000065E-01, 1.073938470E+03
       516, 3.824997770E-01, 2.324999888E-01, 1.085881708E+03
       517, 3.674999012E-01, 2.474999785E-01, 1.087197827E+03
       518, 3.524999522E-01, 2.624998886E-01, 1.088450980E+03
       519, 3.374999613E-01, 2.774995393E-01, 1.089627652E+03
       520, 3.224999778E-01, 2.924991717E-01, 1.090705014E+03
       521, 3.074999669E-01, 3.074991223E-01, 1.091639648E+03
       522, 3.974997081E-01, 2.174999871E-01, 1.084511671E+03
       523, 2.924999788E-01, 3.224991801E-01, 1.092344303E+03
       524, 4.124996454E-01, 2.024999886E-01, 1.083094670E+03
       525, 4.274997092E-01, 1.874999891E-01, 1.081636710E+03
       526, 2.775000273E-01, 3.374996476E-01, 1.092668820E+03
       527, 4.424995215E-01, 1.724999718E-01, 1.080143576E+03
       528, 4.574996995E-01, 1.575000139E-01, 1.078621020E+03
       529, 4.724998883E-01, 1.424999904E-01, 1.077075115E+03
       530, 4.874999347E-01, 1.275000048E-01, 1.075512172E+03
       531, 3.824994940E-01, 2.174999779E-01, 1.085898561E+03
       532, 3.674996861E-01, 2.324999705E-01, 1.087222274E+03
       533, 3.524998700E-01, 2.474998633E-01, 1.088486485E+03
       534, 3.374999275E-01, 2.624993639E-01, 1.089679703E+03
       535, 3.224999611E-01, 2.774987946E-01, 1.090782561E+03
       536, 3.074999658E-01, 2.924985009E-01, 1.091757219E+03
       537, 2.925000011E-01, 3.074985865E-01, 1.092518500E+03
       538, 3.974994069E-01, 2.024999925E-01, 1.084523243E+03
       539, 2.775000427E-01, 3.224994376E-01, 1.092886174E+03
       540, 4.124994708E-01, 1.874999949E-01, 1.083102526E+03
       541, 4.274991918E-01, 1.724999735E-01, 1.081642005E+03
       542, 4.424994272E-01, 1.575000029E-01, 1.080147010E+03
       543, 4.574997830E-01, 1.424999901E-01, 1.078623164E+03
       544, 4.724998745E-01, 1.275000084E-01, 1.077076378E+03
       545, 3.674992587E-01, 2.174999618E-01, 1.087246717E+03
       546, 3.824990396E-01, 2.024999796E-01, 1.085915287E+03
       547, 3.524996008E-01, 2.324998367E-01, 1.088522245E+03
       548, 3.374998319E-01, 2.474991762E-01, 1.089732483E+03
       549, 3.224999095E-01, 2.624983000E-01, 1.090862089E+03
       550, 3.074998816E-01, 2.774975830E-01, 1.091880899E+03
       551, 2.924999664E-01, 2.924976816E-01, 1.092713795E+03
       552, 2.775000657E-01, 3.074991119E-01, 1.093154580E+03
       553, 3.974990365E-01, 1.874999562E-01, 1.084534615E+03
       554, 4.124986783E-01, 1.724999497E-01, 1.083110224E+03
       555, 4.274988611E-01, 1.574999725E-01, 1.081647072E+03
       556, 4.424995314E-01, 1.425000001E-01, 1.080150243E+03
       557, 4.574997770E-01, 1.275000140E-01, 1.078625170E+03
       558, 3.674985625E-01, 2.024999441E-01, 1.087270847E+03
       559, 3.524990308E-01, 2.174998086E-01, 1.088557730E+03
       560, 3.824983851E-01, 1.874999643E-01, 1.085931671E+03
       561, 3.374995274E-01, 2.324989684E-01, 1.089785105E+03
       562, 3.224998022E-01, 2.474976902E-01, 1.090941753E+03
       563, 3.074998658E-01, 2.624963200E-01, 1.092006698E+03
       564, 2.924999958E-01, 2.774962669E-01, 1.092924641E+03
       565, 2.775000998E-01, 2.924986137E-01, 1.093483730E+03
       566, 3.974978423E-01, 1.724999628E-01, 1.084545723E+03
       567, 4.124980282E-01, 1.574999972E-01, 1.083117593E+03
       568, 4.274989705E-01, 1.425000263E-01, 1.081651825E+03
       569, 4.424996067E-01, 1.275000233E-01, 1.080153255E+03
       570, 3.674974556E-01, 1.874999041E-01, 1.087294365E+03
       571, 3.524979842E-01, 2.024997681E-01, 1.088592489E+03
       572, 3.374988417E-01, 2.174987574E-01, 1.089836733E+03
       573, 3.824966192E-01, 1.724999140E-01, 1.085947609E+03
       574, 3.224994790E-01, 2.324969541E-01, 1.091019949E+03
       575, 3.074997458E-01, 2.474948057E-01, 1.092130276E+03
       576, 2.924998968E-01, 2.624942400E-01, 1.093140714E+03
       577, 2.775001467E-01, 2.774978650E-01, 1.093887107E+03
       578, 3.974968793E-01, 1.574999845E-01, 1.084556331E+03
       579, 4.124980973E-01, 1.424999908E-01, 1.083124493E+03
       580, 3.524962397E-01, 1.874997683E-01, 1.088626099E+03
       581, 3.674948938E-01, 1.724998975E-01, 1.087317101E+03
       582, 3.374974301E-01, 2.024985571E-01, 1.089886698E+03
       583, 3.224987194E-01, 2.174961193E-01, 1.091095303E+03
       584, 3.824951363E-01, 1.574999557E-01, 1.085962780E+03
       585, 3.074994098E-01, 2.324928538E-01, 1.092248293E+03
       586, 2.924997729E-01, 2.474915630E-01, 1.093342992E+03
       587, 2.774996297E-01, 2.624950688E-01, 1.094384440E+03
       588, 3.974967987E-01, 1.424999777E-01, 1.084566260E+03
       589, 3.524925999E-01, 1.724996966E-01, 1.088658305E+03
       590, 3.374950067E-01, 1.874984579E-01, 1.089934411E+03
       591, 3.674925540E-01, 1.574998987E-01, 1.087338647E+03
       592, 3.224970449E-01, 2.024952493E-01, 1.091166829E+03
       593, 3.074986096E-01, 2.174904410E-01, 1.092358474E+03
       594, 3.824946745E-01, 1.424999492E-01, 1.085976958E+03
       595, 2.924992968E-01, 2.324874502E-01, 1.093524213E+03
       596, 2.774996637E-01, 2.474900837E-01, 1.094740335E+03
       597, 2.625000002E-01, 2.624966675E-01, 1.097019283E+03
       598, 3.374898330E-01, 1.724983665E-01, 1.089979564E+03
       599, 3.524882828E-01, 1.574995334E-01, 1.088688666E+03
       600, 3.224937888E-01, 1.874944484E-01, 1.091233808E+03
       601, 3.674900989E-01, 1.424994935E-01, 1.087358823E+03
       602, 3.074967814E-01, 2.024876212E-01, 1.092459639E+03
       603, 2.924986522E-01, 2.174821713E-01, 1.093682645E+03
       604, 2.774996396E-01, 2.324838056E-01, 1.095002467E+03
       605, 2.624999518E-01, 2.474900114E-01, 1.097056058E+03
       606, 3.374822888E-01, 1.574983386E-01, 1.090021740E+03
       607, 3.224867211E-01, 1.724938477E-01, 1.091295965E+03
       608, 3.524826157E-01, 1.424997618E-01, 1.088716990E+03
       609, 3.074928981E-01, 1.874845451E-01, 1.092551307E+03
       610, 2.924968199E-01, 2.024761481E-01, 1.093819406E+03
       611, 2.774988595E-01, 2.174761551E-01, 1.095200405E+03
       612, 2.624997511E-01, 2.324829641E-01, 1.097104997E+03
       613, 3.224757004E-01, 1.574937103E-01, 1.091353023E+03
       614, 3.374713908E-01, 1.424980186E-01, 1.090060776E+03
       615, 3.074840043E-01, 1.724814811E-01, 1.092633759E+03
       616, 2.924926927E-01, 1.874690896E-01, 1.093936611E+03
       617, 2.774971842E-01, 2.024671895E-01, 1.095353135E+03
       618, 2.624991696E-01, 2.174746801E-01, 1.097154602E+03
       619, 2.774931673E-01, 1.874563299E-01, 1.095473178E+03
       620, 2.624976879E-01, 2.024643992E-01, 1.097200053E+03
       621, 2.624940131E-01, 1.874516301E-01, 1.097239834E+03
       622, 2.174690389E-01, 1.574857673E-01, 1.102183898E+03
       623, 2.024743503E-01, 1.574978383E-01, 1.103598135E+03
       624, 2.174894905E-01, 1.724896135E-01, 1.102266172E+03
       625, 1.874802662E-01, 1.575015436E-01, 1.104951236E+03
       626, 2.024917710E-01, 1.724987121E-01, 1.103668834E+03
       627, 2.324876721E-01, 1.724703707E-01, 1.100734184E+03
       628, 2.174968989E-01, 1.874925836E-01, 1.102364887E+03
       629, 1.724861935E-01, 1.575012344E-01, 1.106281384E+03
       630, 1.874940416E-01, 1.725013680E-01, 1.105006098E+03
       631, 2.024977392E-01, 1.874992865E-01, 1.103749986E+03
       632, 2.324961768E-01, 1.874780838E-01, 1.100828362E+03
       633, 2.174990361E-01, 2.024948441E-01, 1.102481498E+03
       634, 1.724961251E-01, 1.725009213E-01, 1.106322031E+03
       635, 1.574907898E-01, 1.575005431E-01, 1.107613536E+03
       636, 1.874984226E-01, 1.875010559E-01, 1.105067272E+03
       637, 2.024992767E-01, 2.024996665E-01, 1.103841193E+03
       638, 2.474952513E-01, 1.874598754E-01, 1.099061665E+03
       639, 2.324988283E-01, 2.024842061E-01, 1.100947738E+03
       640, 2.174997686E-01, 2.174965255E-01, 1.102618017E+03
       641, 1.574975473E-01, 1.725002883E-01, 1.107642927E+03
       642, 1.724989869E-01, 1.875006214E-01, 1.106366499E+03
       643, 1.424937629E-01, 1.575002893E-01, 1.108962928E+03
       644, 1.874994751E-01, 2.025008267E-01, 1.105133894E+03
       645, 2.024997996E-01, 2.174998901E-01, 1.103942153E+03
       646, 2.474984150E-01, 2.024708097E-01, 1.099100653E+03
       647, 2.324999383E-01, 2.174894145E-01, 1.101100160E+03
       648, 2.175000195E-01, 2.324976956E-01, 1.102776354E+03
       649, 1.574993540E-01, 1.875001613E-01, 1.107674669E+03
       650, 1.424983848E-01, 1.725000965E-01, 1.108983859E+03
       651, 1.724996688E-01, 2.025004594E-01, 1.106413960E+03
       652, 1.274961224E-01, 1.575002926E-01, 1.110338354E+03
       653, 1.874998346E-01, 2.175006300E-01, 1.105205260E+03
       654, 2.024999870E-01, 2.325000015E-01, 1.104052248E+03
       655, 2.474994543E-01, 2.174798796E-01, 1.099145818E+03
       656, 2.325000825E-01, 2.324933721E-01, 1.101298049E+03
       657, 2.175000648E-01, 2.474984889E-01, 1.102957518E+03
       658, 1.574998124E-01, 2.025001148E-01, 1.107708102E+03
       659, 1.424995923E-01, 1.875000549E-01, 1.109006272E+03
       660, 1.274989792E-01, 1.725000518E-01, 1.110353141E+03
       661, 1.724998942E-01, 2.175003371E-01, 1.106463799E+03
       662, 1.274909730E-01, 1.425001763E-01, 1.110324682E+03
       663, 1.124979852E-01, 1.575001661E-01, 1.111744467E+03
       664, 1.874999682E-01, 2.325004611E-01, 1.105280550E+03
       665, 2.025000228E-01, 2.475000483E-01, 1.104170228E+03
       666, 2.475000704E-01, 2.324870091E-01, 1.099195278E+03
       667, 2.325002344E-01, 2.474961556E-01, 1.101560114E+03
       668, 2.175000559E-01, 2.624990184E-01, 1.103159772E+03
       669, 1.424998902E-01, 2.025000279E-01, 1.109029680E+03
       670, 1.574999452E-01, 2.175000797E-01, 1.107742773E+03
       671, 1.274997716E-01, 1.875000247E-01, 1.110368857E+03
       672, 1.124993629E-01, 1.725000417E-01, 1.111754867E+03
       673, 1.724999745E-01, 2.325002378E-01, 1.106515375E+03
       674, 1.274845310E-01, 1.275002495E-01, 1.110312185E+03
       675, 1.124947006E-01, 1.425000971E-01, 1.111734844E+03
       676, 9.749895322E-02, 1.575000577E-01, 1.113182989E+03
       677, 1.874999979E-01, 2.475003291E-01, 1.105358725E+03
       678, 2.025000211E-01, 2.625000608E-01, 1.104293792E+03
       679, 2.475001490E-01, 2.474926023E-01, 1.099244185E+03
       680, 2.325001731E-01, 2.624983815E-01, 1.101916071E+03
       681, 2.175000385E-01, 2.774993683E-01, 1.103375829E+03
       682, 1.424999696E-01, 2.175000185E-01, 1.109053754E+03
       683, 1.274999288E-01, 2.025000081E-01, 1.110385181E+03
       684, 1.574999869E-01, 2.325000532E-01, 1.107778219E+03
       685, 1.124998753E-01, 1.875000114E-01, 1.111765827E+03
       686, 9.749959634E-02, 1.725000387E-01, 1.113190245E+03
       687, 1.724999940E-01, 2.475001652E-01, 1.106567981E+03
       688, 1.124898315E-01, 1.275001412E-01, 1.111726084E+03
       689, 9.749689696E-02, 1.425001591E-01, 1.113176271E+03
       690, 8.249936882E-02, 1.575000375E-01, 1.114653365E+03
       691, 1.875000020E-01, 2.625002285E-01, 1.105438386E+03
       692, 2.025000117E-01, 2.775000569E-01, 1.104419585E+03
       693, 2.475003025E-01, 2.624976459E-01, 1.099280913E+03
       694, 2.324999584E-01, 2.774994043E-01, 1.102413265E+03
       695, 2.175000241E-01, 2.924996043E-01, 1.103586661E+03
       696, 1.424999920E-01, 2.325000124E-01, 1.109078170E+03
       697, 1.274999806E-01, 2.175000045E-01, 1.110401872E+03
       698, 1.124999556E-01, 2.025000063E-01, 1.111777168E+03
       699, 1.574999985E-01, 2.475000358E-01, 1.107813966E+03
       700, 9.749992368E-02, 1.875000145E-01, 1.113197845E+03
       701, 8.249974588E-02, 1.725000271E-01, 1.114658370E+03
       702, 1.724999982E-01, 2.625001125E-01, 1.106620763E+03
       703, 9.749385026E-02, 1.275002755E-01, 1.113170134E+03
       704, 8.249810430E-02, 1.425001086E-01, 1.114648718E+03
       705, 6.749962267E-02, 1.575000135E-01, 1.116153314E+03
       706, 1.875000012E-01, 2.775001503E-01, 1.105517916E+03
       707, 2.025000105E-01, 2.925000470E-01, 1.104543257E+03
       708, 2.324999721E-01, 2.924996143E-01, 1.102816711E+03
       709, 2.175000183E-01, 3.074997564E-01, 1.103781954E+03
       710, 1.274999949E-01, 2.325000026E-01, 1.110418709E+03
       711, 1.424999988E-01, 2.475000083E-01, 1.109102609E+03
       712, 1.124999888E-01, 2.175000039E-01, 1.111788720E+03
       713, 9.749997329E-02, 2.025000092E-01, 1.113205690E+03
       714, 1.575000008E-01, 2.625000235E-01, 1.107849475E+03
       715, 8.249995307E-02, 1.875000103E-01, 1.114663603E+03
       716, 6.749984239E-02, 1.725000115E-01, 1.116156722E+03
       717, 1.724999956E-01, 2.775000698E-01, 1.106672821E+03
       718, 8.249681682E-02, 1.275001521E-01, 1.114644403E+03
       719, 6.749885128E-02, 1.425000563E-01, 1.116150144E+03
       720, 5.249977536E-02, 1.575000066E-01, 1.117679220E+03
       721, 1.874999980E-01, 2.925000852E-01, 1.105595467E+03
       722, 2.025000028E-01, 3.075000349E-01, 1.104660829E+03
       723, 2.324999817E-01, 3.074997532E-01, 1.103145807E+03
       724, 2.175000119E-01, 3.224998478E-01, 1.103956150E+03
       725, 1.274999991E-01, 2.475000015E-01, 1.110435477E+03
       726, 1.124999968E-01, 2.325000018E-01, 1.111800331E+03
       727, 1.425000003E-01, 2.625000053E-01, 1.109126718E+03
       728, 9.749999420E-02, 2.175000047E-01, 1.113213662E+03
       729, 8.249998348E-02, 2.025000064E-01, 1.114668995E+03
       730, 1.574999998E-01, 2.775000154E-01, 1.107884200E+03
       731, 6.749997191E-02, 1.875000026E-01, 1.116160279E+03
       732, 5.249990315E-02, 1.725000067E-01, 1.117681485E+03
       733, 1.724999973E-01, 2.925000352E-01, 1.106723161E+03
       734, 6.749833180E-02, 1.274999973E-01, 1.116147172E+03
       735, 5.249930691E-02, 1.425000341E-01, 1.117677111E+03
       736, 3.749986812E-02, 1.575000037E-01, 1.119226403E+03
       737, 1.874999989E-01, 3.075000452E-01, 1.105669231E+03
       738, 2.025000017E-01, 3.225000237E-01, 1.104768955E+03
       739, 2.324999882E-01, 3.224998439E-01, 1.103414274E+03
       740, 2.175000079E-01, 3.374999056E-01, 1.104106617E+03
       741, 1.274999999E-01, 2.625000009E-01, 1.110451941E+03
       742, 1.124999995E-01, 2.475000010E-01, 1.111811854E+03
       743, 9.749999800E-02, 2.325000024E-01, 1.113221655E+03
       744, 1.425000000E-01, 2.775000035E-01, 1.109150153E+03
       745, 8.249999656E-02, 2.175000035E-01, 1.114674466E+03
       746, 6.749999044E-02, 2.025000017E-01, 1.116163944E+03
       747, 1.574999994E-01, 2.925000088E-01, 1.107917552E+03
       748, 5.249998323E-02, 1.875000011E-01, 1.117683847E+03
       749, 3.749994162E-02, 1.725000044E-01, 1.119227830E+03
       750, 1.724999992E-01, 3.075000170E-01, 1.106770820E+03
       751, 5.249900578E-02, 1.274999941E-01, 1.117675134E+03
       752, 3.749958849E-02, 1.425000219E-01, 1.119225074E+03
       753, 2.249993522E-02, 1.575000047E-01, 1.120789362E+03
       754, 1.874999992E-01, 3.225000277E-01, 1.105737468E+03
       755, 2.025000014E-01, 3.375000137E-01, 1.104865129E+03
       756, 2.324999924E-01, 3.374999023E-01, 1.103631596E+03
       757, 2.175000051E-01, 3.524999414E-01, 1.104232138E+03
       758, 1.124999999E-01, 2.625000004E-01, 1.111823133E+03
       759, 1.274999999E-01, 2.775000005E-01, 1.110467877E+03
       760, 9.749999973E-02, 2.475000012E-01, 1.113229571E+03
       761, 8.249999874E-02, 2.325000017E-01, 1.114679945E+03
       762, 1.424999998E-01, 2.925000020E-01, 1.109172547E+03
       763, 6.749999859E-02, 2.175000007E-01, 1.116167658E+03
       764, 5.249999420E-02, 2.025000007E-01, 1.117686279E+03
       765, 1.574999998E-01, 3.075000043E-01, 1.107948969E+03
       766, 3.749999010E-02, 1.875000006E-01, 1.119229318E+03
       767, 2.249996801E-02, 1.725000030E-01, 1.120790147E+03
       768, 1.724999995E-01, 3.225000101E-01, 1.106814832E+03
       769, 3.749946449E-02, 1.275000112E-01, 1.119223823E+03
       770, 2.249977980E-02, 1.425000133E-01, 1.120788632E+03
       771, 7.499983531E-03, 1.574999992E-01, 1.122362020E+03
       772, 1.874999991E-01, 3.375000142E-01, 1.105798687E+03
       773, 2.025000005E-01, 3.525000057E-01, 1.104947452E+03
       774, 2.324999952E-01, 3.524999394E-01, 1.103804687E+03
       775, 2.175000031E-01, 3.674999638E-01, 1.104332412E+03
       776, 1.124999999E-01, 2.775000003E-01, 1.111834019E+03
       777, 9.749999991E-02, 2.625000005E-01, 1.113237303E+03
       778, 1.275000000E-01, 2.925000004E-01, 1.110483048E+03
       779, 8.249999976E-02, 2.475000009E-01, 1.114685364E+03
       780, 6.749999938E-02, 2.325000005E-01, 1.116171376E+03
       781, 1.424999999E-01, 3.075000009E-01, 1.109193554E+03
       782, 5.249999916E-02, 2.175000002E-01, 1.117688744E+03
       783, 3.749999660E-02, 2.025000004E-01, 1.119230851E+03
       784, 1.574999998E-01, 3.225000024E-01, 1.107977884E+03
       785, 2.249999512E-02, 1.875000006E-01, 1.120790965E+03
       786, 7.499989702E-03, 1.725000031E-01, 1.122362271E+03
       787, 1.724999995E-01, 3.375000049E-01, 1.106854335E+03
       788, 2.249976570E-02, 1.274999919E-01, 1.120787940E+03
       789, 7.499931547E-03, 1.425000184E-01, 1.122361788E+03
       790, 1.874999995E-01, 3.525000050E-01, 1.105851587E+03
       791, 2.025000001E-01, 3.675000024E-01, 1.105014633E+03
       792, 2.324999970E-01, 3.674999628E-01, 1.103938339E+03
       793, 2.175000020E-01, 3.824999782E-01, 1.104407435E+03
       794, 1.125000000E-01, 2.925000001E-01, 1.111844357E+03
       795, 9.749999995E-02, 2.775000003E-01, 1.113244753E+03
       796, 8.249999992E-02, 2.625000004E-01, 1.114690649E+03
       797, 1.275000000E-01, 3.075000002E-01, 1.110497238E+03
       798, 6.749999994E-02, 2.475000003E-01, 1.116175048E+03
       799, 5.249999962E-02, 2.325000001E-01, 1.117691211E+03
       800, 1.425000000E-01, 3.225000004E-01, 1.109212827E+03
       801, 3.749999957E-02, 2.175000001E-01, 1.119232403E+03
       802, 2.249999818E-02, 2.025000003E-01, 1.120791808E+03
       803, 1.574999998E-01, 3.375000013E-01, 1.108003785E+03
       804, 7.499998769E-03, 1.875000001E-01, 1.122362531E+03
       805, 1.724999999E-01, 3.525000018E-01, 1.106888535E+03
       806, 7.499931291E-03, 1.274999819E-01, 1.122361567E+03
       807, 1.875000000E-01, 3.675000021E-01, 1.105895154E+03
       808, 2.025000000E-01, 3.825000014E-01, 1.105065748E+03
       809, 2.324999981E-01, 3.824999776E-01, 1.104036032E+03
       810, 2.175000014E-01, 3.974999878E-01, 1.104457413E+03
       811, 1.125000000E-01, 3.075000001E-01, 1.111854008E+03
       812, 9.749999998E-02, 2.925000001E-01, 1.113251817E+03
       813, 8.249999996E-02, 2.775000002E-01, 1.114695738E+03
       814, 6.749999995E-02, 2.625000001E-01, 1.116178632E+03
       815, 1.275000000E-01, 3.225000001E-01, 1.110510225E+03
       816, 5.249999998E-02, 2.475000001E-01, 1.117693647E+03
       817, 3.749999977E-02, 2.325000001E-01, 1.119233957E+03
       818, 1.425000000E-01, 3.375000002E-01, 1.109230055E+03
       819, 2.249999983E-02, 2.175000001E-01, 1.120792662E+03
       820, 7.499999399E-03, 2.025000002E-01, 1.122362800E+03
       821, 1.575000000E-01, 3.525000005E-01, 1.108026193E+03
       822, 1.725000000E-01, 3.675000010E-01, 1.106916779E+03
       823, 1.875000000E-01, 3.825000012E-01, 1.105928577E+03
       824, 2.025000000E-01, 3.975000007E-01, 1.105100229E+03
       825, 2.324999986E-01, 3.974999874E-01, 1.104100049E+03
       826, 2.175000015E-01, 4.124999959E-01, 1.104482505E+03
       827, 9.750000000E-02, 3.075000001E-01, 1.113258405E+03
       828, 1.125000000E-01, 3.225000000E-01, 1.111862829E+03
       829, 8.249999999E-02, 2.925000001E-01, 1.114700560E+03
       830, 6.749999998E-02, 2.775000001E-01, 1.116182077E+03
       831, 5.249999997E-02, 2.625000000E-01, 1.117696023E+03
       832, 1.275000000E-01, 3.375000001E-01, 1.110521818E+03
       833, 3.749999999E-02, 2.475000000E-01, 1.119235492E+03
       834, 2.249999987E-02, 2.325000000E-01, 1.120793516E+03
       835, 1.425000000E-01, 3.525000001E-01, 1.109244943E+03
       836, 7.499999950E-03, 2.175000000E-01, 1.122363072E+03
       837, 1.575000000E-01, 3.675000003E-01, 1.108044708E+03
       838, 1.725000000E-01, 3.825000006E-01, 1.106938522E+03
       839, 1.875000000E-01, 3.975000006E-01, 1.105951290E+03
       840, 2.025000000E-01, 4.125000002E-01, 1.105117716E+03
       841, 2.324999986E-01, 4.124999958E-01, 1.104131861E+03
       842, 9.750000000E-02, 3.225000000E-01, 1.113264424E+03
       843, 8.249999999E-02, 3.075000001E-01, 1.114705056E+03
       844, 1.125000000E-01, 3.375000000E-01, 1.111870698E+03
       845, 6.749999999E-02, 2.925000000E-01, 1.116185345E+03
       846, 5.249999999E-02, 2.775000000E-01, 1.117698309E+03
       847, 3.749999998E-02, 2.625000000E-01, 1.119236989E+03
       848, 1.275000000E-01, 3.525000000E-01, 1.110531832E+03
       849, 2.250000000E-02, 2.475000000E-01, 1.120794361E+03
       850, 7.499999955E-03, 2.325000000E-01, 1.122363344E+03
       851, 1.425000000E-01, 3.675000001E-01, 1.109257247E+03
       852, 1.575000000E-01, 3.825000002E-01, 1.108058986E+03
       853, 1.725000000E-01, 3.975000003E-01, 1.106953367E+03
       854, 1.875000000E-01, 4.125000002E-01, 1.105962912E+03
       855, 9.750000000E-02, 3.375000000E-01, 1.113269795E+03
       856, 8.250000000E-02, 3.225000000E-01, 1.114709164E+03
       857, 6.750000000E-02, 3.075000000E-01, 1.116188390E+03
       858, 1.125000000E-01, 3.525000000E-01, 1.111877498E+03
       859, 5.250000000E-02, 2.925000000E-01, 1.117700476E+03
       860, 3.749999999E-02, 2.775000000E-01, 1.119238430E+03
       861, 2.249999999E-02, 2.625000000E-01, 1.120795184E+03
       862, 1.275000000E-01, 3.675000000E-01, 1.110540114E+03
       863, 7.499999998E-03, 2.475000000E-01, 1.122363613E+03
       864, 1.425000000E-01, 3.825000000E-01, 1.109266754E+03
       865, 1.575000000E-01, 3.975000001E-01, 1.108068776E+03
       866, 1.725000000E-01, 4.125000001E-01, 1.106961038E+03
       867, 8.250000000E-02, 3.375000000E-01, 1.114712834E+03
       868, 9.750000000E-02, 3.525000000E-01, 1.113274442E+03
       869, 6.750000000E-02, 3.225000000E-01, 1.116191177E+03
       870, 5.250000000E-02, 3.075000000E-01, 1.117702499E+03
       871, 1.125000000E-01, 3.675000000E-01, 1.111883132E+03
       872, 3.750000000E-02, 2.925000000E-01, 1.119239797E+03
       873, 2.250000000E-02, 2.775000000E-01, 1.120795977E+03
       874, 7.499999997E-03, 2.625000000E-01, 1.122363876E+03
       875, 1.275000000E-01, 3.825000000E-01, 1.110546532E+03
       876, 1.425000000E-01, 3.975000000E-01, 1.109273307E+03
       877, 1.575000000E-01, 4.125000000E-01, 1.108073900E+03
       878, 6.750000000E-02, 3.375000000E-01, 1.116193670E+03
       879, 8.250000000E-02, 3.525000000E-01, 1.114716016E+03
       880, 9.750000000E-02, 3.675000000E-01, 1.113278304E+03
       881, 5.250000000E-02, 3.225000000E-01, 1.117704351E+03
       882, 3.750000000E-02, 3.075000000E-01, 1.119241073E+03
       883, 1.125000000E-01, 3.825000000E-01, 1.111887518E+03
       884, 2.250000000E-02, 2.925000000E-01, 1.120796729E+03
       885, 7.499999998E-03, 2.775000000E-01, 1.122364129E+03
       886, 1.275000000E-01, 3.975000000E-01, 1.110550989E+03
       887, 1.425000000E-01, 4.125000000E-01, 1.109276797E+03
       888, 6.750000000E-02, 3.525000000E-01, 1.116195838E+03
       889, 5.250000000E-02, 3.375000000E-01, 1.117706011E+03
       890, 8.250000000E-02, 3.675000000E-01, 1.114718671E+03
       891, 9.750000000E-02, 3.825000000E-01, 1.113281327E+03
       892, 3.750000000E-02, 3.225000000E-01, 1.119242244E+03
       893, 2.250000000E-02, 3.075000000E-01, 1.120797433E+03
       894, 1.125000000E-01, 3.975000000E-01, 1.111890593E+03
       895, 7.499999999E-03, 2.925000000E-01, 1.122364369E+03
       896, 1.275000000E-01, 4.125000000E-01, 1.110553417E+03
       897, 6.750000000E-02, 3.675000000E-01, 1.116197654E+03
       898, 5.250000000E-02, 3.525000000E-01, 1.117707460E+03
       899, 3.750000000E-02, 3.375000000E-01, 1.119243295E+03
       900, 8.250000000E-02, 3.825000000E-01, 1.114720764E+03
       901, 9.750000000E-02, 3.975000000E-01, 1.113283473E+03
       902, 2.250000000E-02, 3.225000000E-01, 1.120798078E+03
       903, 7.500000000E-03, 3.075000000E-01, 1.122364593E+03
       904, 1.125000000E-01, 4.125000000E-01, 1.111892315E+03
       905, 5.250000000E-02, 3.675000000E-01, 1.117708679E+03
       906, 6.750000000E-02, 3.825000000E-01, 1.116199098E+03
       907, 3.750000000E-02, 3.525000000E-01, 1.119244215E+03
       908, 2.250000000E-02, 3.375000000E-01, 1.120798659E+03
       909, 8.250000000E-02, 3.975000000E-01, 1.114722270E+03
       910, 9.750000000E-02, 4.125000000E-01, 1.113284714E+03
       911, 7.500000000E-03, 3.225000000E-01, 1.122364799E+03
       912, 3.750000000E-02, 3.675000000E-01, 1.119244992E+03
       913, 5.250000000E-02, 3.825000000E-01, 1.117709656E+03
       914, 6.750000000E-02, 3.975000000E-01, 1.116200152E+03
       915, 2.250000000E-02, 3.525000000E-01, 1.120799168E+03
       916, 7.500000000E-03, 3.375000000E-01, 1.122364985E+03
       917, 8.250000000E-02, 4.125000000E-01, 1.114723172E+03
       918, 3.750000000E-02, 3.825000000E-01, 1.119245620E+03
       919, 2.250000000E-02, 3.675000000E-01, 1.120799600E+03
       920, 5.250000000E-02, 3.975000000E-01, 1.117710379E+03
       921, 6.750000000E-02, 4.125000000E-01, 1.116200805E+03
       922, 7.500000000E-03, 3.525000000E-01, 1.122365148E+03
       923, 3.750000000E-02, 3.975000000E-01, 1.119246090E+03
       924, 2.250000000E-02, 3.825000000E-01, 1.120799950E+03
       925, 7.500000000E-03, 3.675000000E-01, 1.122365286E+03
       926, 5.250000000E-02, 4.125000000E-01, 1.117710843E+03
       927, 2.250000000E-02, 3.975000000E-01, 1.120800216E+03
       928, 3.750000000E-02, 4.125000000E-01, 1.119246400E+03
       929, 7.500000000E-03, 3.825000000E-01, 1.122365399E+03
       930, 7.500000000E-03, 3.975000000E-01, 1.122365485E+03
       931, 2.250000000E-02, 4.125000000E-01, 1.120800394E+03
       932, 7.500000000E-03, 4.125000000E-01, 1.122365543E+03
