nodenumber,    x-coordinate,    y-coordinate,    x-coordinate,    y-coordinate,     temperature
         1, 3.566773237E-01, 1.648291749E-01, 3.566773237E-01, 1.648291749E-01, 1.090123358E+03
         2, 3.566455794E-01, 1.798327943E-01, 3.566455794E-01, 1.798327943E-01, 1.090103397E+03
         3, 1.676031068E-01, 1.650601580E-01, 1.676031068E-01, 1.650601580E-01, 1.105009698E+03
         4, 1.670281935E-01, 1.500822037E-01, 1.670281935E-01, 1.500822037E-01, 1.105026447E+03
         5, 3.232339800E-01, 1.477197721E-01, 3.232339800E-01, 1.477197721E-01, 1.092819846E+03
         6, 3.408612568E-01, 1.489797759E-01, 3.408612568E-01, 1.489797759E-01, 1.091445301E+03
         7, 1.521029796E-01, 1.650758168E-01, 1.521029796E-01, 1.650758168E-01, 1.106280202E+03
         8, 1.525431596E-01, 1.800304865E-01, 1.525431596E-01, 1.800304865E-01, 1.106265510E+03
         9, 1.516336039E-01, 1.501098012E-01, 1.516336039E-01, 1.501098012E-01, 1.106299404E+03
        10, 1.831029901E-01, 1.650756662E-01, 1.831029901E-01, 1.650756662E-01, 1.103807235E+03
        11, 1.680969049E-01, 1.800138683E-01, 1.680969049E-01, 1.800138683E-01, 1.105002759E+03
        12, 1.528939831E-01, 1.949881503E-01, 1.528939831E-01, 1.949881503E-01, 1.106260177E+03
        13, 3.566044679E-01, 1.948592956E-01, 3.566044679E-01, 1.948592956E-01, 1.090082641E+03
        14, 3.724496890E-01, 1.800162228E-01, 3.724496890E-01, 1.800162228E-01, 1.088734567E+03
        15, 3.726560037E-01, 1.650183454E-01, 3.726560037E-01, 1.650183454E-01, 1.088731495E+03
        16, 3.454325373E-01, 1.346781833E-01, 3.454325373E-01, 1.346781833E-01, 1.091102663E+03
        17, 3.723410225E-01, 1.950050237E-01, 3.723410225E-01, 1.950050237E-01, 1.088728003E+03
        18, 3.308458982E-01, 1.346144028E-01, 3.308458982E-01, 1.346144028E-01, 1.092267634E+03
        19, 3.162726062E-01, 1.340536752E-01, 3.162726062E-01, 1.340536752E-01, 1.093386892E+03
        20, 1.664404018E-01, 1.350937505E-01, 1.664404018E-01, 1.350937505E-01, 1.105047684E+03
        21, 1.969034143E-01, 1.351078264E-01, 1.969034143E-01, 1.351078264E-01, 1.102677502E+03
        22, 1.978160895E-01, 1.501008392E-01, 1.978160895E-01, 1.501008392E-01, 1.102651898E+03
        23, 3.016493989E-01, 1.349410431E-01, 3.016493989E-01, 1.349410431E-01, 1.094491228E+03
        24, 1.366492043E-01, 1.651151925E-01, 1.366492043E-01, 1.651151925E-01, 1.107631708E+03
        25, 1.362754194E-01, 1.501345739E-01, 1.362754194E-01, 1.501345739E-01, 1.107651269E+03
        26, 2.869185600E-01, 1.351186923E-01, 2.869185600E-01, 1.351186923E-01, 1.095619157E+03
        27, 1.373396910E-01, 1.950534923E-01, 1.373396910E-01, 1.950534923E-01, 1.107601259E+03
        28, 2.121056072E-01, 1.351140411E-01, 2.121056072E-01, 1.351140411E-01, 1.101524064E+03
        29, 2.272656146E-01, 1.351145979E-01, 2.272656146E-01, 1.351145979E-01, 1.100352280E+03
        30, 1.378098764E-01, 2.249913370E-01, 1.378098764E-01, 2.249913370E-01, 1.107593971E+03
        31, 1.376070796E-01, 2.100219074E-01, 1.376070796E-01, 2.100219074E-01, 1.107594422E+03
        32, 1.684833621E-01, 1.949702841E-01, 1.684833621E-01, 1.949702841E-01, 1.105007476E+03
        33, 1.359186332E-01, 1.351384622E-01, 1.359186332E-01, 1.351384622E-01, 1.107670618E+03
        34, 3.749615940E-01, 1.350926372E-01, 3.749615940E-01, 1.350926372E-01, 1.088550015E+03
        35, 3.899094192E-01, 1.350893692E-01, 3.899094192E-01, 1.350893692E-01, 1.087135897E+03
        36, 3.407663980E-01, 1.945842258E-01, 3.407663980E-01, 1.945842258E-01, 1.091353263E+03
        37, 2.284991519E-01, 1.500937508E-01, 2.284991519E-01, 1.500937508E-01, 1.100292633E+03
        38, 3.749710531E-01, 1.200725552E-01, 3.749710531E-01, 1.200725552E-01, 1.088560935E+03
        39, 3.451918249E-01, 1.197410489E-01, 3.451918249E-01, 1.197410489E-01, 1.091144797E+03
        40, 3.155030727E-01, 1.191443736E-01, 3.155030727E-01, 1.191443736E-01, 1.093480096E+03
        41, 3.006993809E-01, 1.199580151E-01, 3.006993809E-01, 1.199580151E-01, 1.094602320E+03
        42, 2.858551889E-01, 1.201035887E-01, 2.858551889E-01, 1.201035887E-01, 1.095736097E+03
        43, 2.261499644E-01, 1.201185066E-01, 2.261499644E-01, 1.201185066E-01, 1.100406713E+03
        44, 2.111157311E-01, 1.201183470E-01, 2.111157311E-01, 1.201183470E-01, 1.101560129E+03
        45, 1.960490780E-01, 1.201074460E-01, 1.960490780E-01, 1.201074460E-01, 1.102705429E+03
        46, 3.600629581E-01, 1.200332620E-01, 3.600629581E-01, 1.200332620E-01, 1.089891830E+03
        47, 1.658670607E-01, 1.200958880E-01, 1.658670607E-01, 1.200958880E-01, 1.105071181E+03
        48, 1.206925939E-01, 1.351122948E-01, 1.206925939E-01, 1.351122948E-01, 1.109106389E+03
        49, 1.209783834E-01, 1.501195278E-01, 1.209783834E-01, 1.501195278E-01, 1.109087694E+03
        50, 2.411444672E-01, 1.201290491E-01, 2.411444672E-01, 1.201290491E-01, 1.099237676E+03
        51, 2.560977032E-01, 1.201401849E-01, 2.560977032E-01, 1.201401849E-01, 1.098061880E+03
        52, 3.718815912E-01, 2.399645412E-01, 3.718815912E-01, 2.399645412E-01, 1.088716242E+03
        53, 3.720208140E-01, 2.249767915E-01, 3.720208140E-01, 2.249767915E-01, 1.088721840E+03
        54, 3.407550761E-01, 2.097030454E-01, 3.407550761E-01, 2.097030454E-01, 1.091315815E+03
        55, 2.591266496E-01, 1.500842147E-01, 2.591266496E-01, 1.500842147E-01, 1.097811915E+03
        56, 2.605029761E-01, 1.650439740E-01, 2.605029761E-01, 1.650439740E-01, 1.097690253E+03
        57, 2.295312098E-01, 1.650688401E-01, 2.295312098E-01, 1.650688401E-01, 1.100253500E+03
        58, 2.760683467E-01, 1.649679008E-01, 2.760683467E-01, 1.649679008E-01, 1.096401586E+03
        59, 3.750086278E-01, 1.050543555E-01, 3.750086278E-01, 1.050543555E-01, 1.088567747E+03
        60, 3.600412201E-01, 1.050231459E-01, 3.600412201E-01, 1.050231459E-01, 1.089908074E+03
        61, 3.450869255E-01, 1.047995169E-01, 3.450869255E-01, 1.047995169E-01, 1.091172693E+03
        62, 3.151983671E-01, 1.043030704E-01, 3.151983671E-01, 1.043030704E-01, 1.093533193E+03
        63, 3.002788330E-01, 1.049482605E-01, 3.002788330E-01, 1.049482605E-01, 1.094666964E+03
        64, 2.853390675E-01, 1.050735585E-01, 2.853390675E-01, 1.050735585E-01, 1.095804201E+03
        65, 2.554355160E-01, 1.051114954E-01, 2.554355160E-01, 1.051114954E-01, 1.098114540E+03
        66, 2.254755005E-01, 1.051008944E-01, 2.254755005E-01, 1.051008944E-01, 1.100431239E+03
        67, 1.954458053E-01, 1.050946245E-01, 1.954458053E-01, 1.050946245E-01, 1.102720195E+03
        68, 1.653493501E-01, 1.050904477E-01, 1.653493501E-01, 1.050904477E-01, 1.105093471E+03
        69, 1.804010565E-01, 1.051071723E-01, 1.804010565E-01, 1.051071723E-01, 1.103885163E+03
        70, 1.502954712E-01, 1.051085368E-01, 1.502954712E-01, 1.051085368E-01, 1.106364074E+03
        71, 3.718196259E-01, 2.549550204E-01, 3.718196259E-01, 2.549550204E-01, 1.088703813E+03
        72, 1.352433781E-01, 1.051092678E-01, 1.352433781E-01, 1.051092678E-01, 1.107710097E+03
        73, 3.562652847E-01, 2.399096625E-01, 3.562652847E-01, 2.399096625E-01, 1.090031130E+03
        74, 3.250408169E-01, 2.096215297E-01, 3.250408169E-01, 2.096215297E-01, 1.092484392E+03
        75, 2.614524999E-01, 1.800202181E-01, 2.614524999E-01, 1.800202181E-01, 1.097598443E+03
        76, 2.770829791E-01, 1.799476941E-01, 2.770829791E-01, 1.799476941E-01, 1.096273274E+03
        77, 2.303176257E-01, 1.800458803E-01, 2.303176257E-01, 1.800458803E-01, 1.100239908E+03
        78, 3.718068785E-01, 2.699487630E-01, 3.718068785E-01, 2.699487630E-01, 1.088687367E+03
        79, 2.458427745E-01, 1.800505596E-01, 2.458427745E-01, 1.800505596E-01, 1.098928488E+03
        80, 3.750071698E-01, 9.004046946E-02, 3.750071698E-01, 9.004046946E-02, 1.088576888E+03
        81, 3.450294288E-01, 8.984978267E-02, 3.450294288E-01, 8.984978267E-02, 1.091194144E+03
        82, 3.150592948E-01, 8.946253038E-02, 3.150592948E-01, 8.946253038E-02, 1.093569004E+03
        83, 2.850978061E-01, 9.004792629E-02, 2.850978061E-01, 9.004792629E-02, 1.095845712E+03
        84, 2.551265949E-01, 9.008121198E-02, 2.551265949E-01, 9.008121198E-02, 1.098138712E+03
        85, 2.251485235E-01, 9.007741619E-02, 2.251485235E-01, 9.007741619E-02, 1.100433527E+03
        86, 1.951621007E-01, 9.007475098E-02, 1.951621007E-01, 9.007475098E-02, 1.102715801E+03
        87, 1.801588809E-01, 9.008773794E-02, 1.801588809E-01, 9.008773794E-02, 1.103882199E+03
        88, 1.651485430E-01, 9.007550691E-02, 1.651485430E-01, 9.007550691E-02, 1.105092823E+03
        89, 1.501327913E-01, 9.008945619E-02, 1.501327913E-01, 9.008945619E-02, 1.106365467E+03
        90, 1.351139231E-01, 9.008874059E-02, 1.351139231E-01, 9.008874059E-02, 1.107712894E+03
        91, 3.899991790E-01, 9.004191140E-02, 3.899991790E-01, 9.004191140E-02, 1.087148817E+03
        92, 3.300441745E-01, 8.964477005E-02, 3.300441745E-01, 8.964477005E-02, 1.092403846E+03
        93, 2.401384237E-01, 9.007737999E-02, 2.401384237E-01, 9.007737999E-02, 1.099288442E+03
        94, 3.562422795E-01, 2.549294611E-01, 3.562422795E-01, 2.549294611E-01, 1.090005553E+03
        95, 3.093451392E-01, 2.097055224E-01, 3.093451392E-01, 2.097055224E-01, 1.093608233E+03
        96, 3.406831271E-01, 2.398624300E-01, 3.406831271E-01, 2.398624300E-01, 1.091239060E+03
        97, 2.620285198E-01, 1.950127142E-01, 2.620285198E-01, 1.950127142E-01, 1.097533631E+03
        98, 2.776631738E-01, 1.949505389E-01, 2.776631738E-01, 1.949505389E-01, 1.096169322E+03
        99, 2.308338115E-01, 1.950318317E-01, 2.308338115E-01, 1.950318317E-01, 1.100256141E+03
       100, 2.463983042E-01, 1.950425554E-01, 2.463983042E-01, 1.950425554E-01, 1.098900807E+03
       101, 3.562742659E-01, 2.699486898E-01, 3.562742659E-01, 2.699486898E-01, 1.089975842E+03
       102, 2.933897987E-01, 1.948292901E-01, 2.933897987E-01, 1.948292901E-01, 1.094879491E+03
       103, 2.152782158E-01, 1.950170320E-01, 2.152782158E-01, 1.950170320E-01, 1.101526430E+03
       104, 3.899998897E-01, 7.503075356E-02, 3.899998897E-01, 7.503075356E-02, 1.087154129E+03
       105, 3.750023484E-01, 7.502933929E-02, 3.750023484E-01, 7.502933929E-02, 1.088585005E+03
       106, 3.450083613E-01, 7.489056609E-02, 3.450083613E-01, 7.489056609E-02, 1.091209988E+03
       107, 3.150150406E-01, 7.460246669E-02, 3.150150406E-01, 7.460246669E-02, 1.093593181E+03
       108, 2.850251578E-01, 7.502941165E-02, 2.850251578E-01, 7.502941165E-02, 1.095869760E+03
       109, 2.550327405E-01, 7.505645237E-02, 2.550327405E-01, 7.505645237E-02, 1.098146020E+03
       110, 2.400374440E-01, 7.505467506E-02, 2.400374440E-01, 7.505467506E-02, 1.099285904E+03
       111, 2.250427180E-01, 7.505628065E-02, 2.250427180E-01, 7.505628065E-02, 1.100423210E+03
       112, 1.950526985E-01, 7.505600762E-02, 1.950526985E-01, 7.505600762E-02, 1.102702780E+03
       113, 1.650570622E-01, 7.505970621E-02, 1.650570622E-01, 7.505970621E-02, 1.105085996E+03
       114, 1.500528646E-01, 7.507054591E-02, 1.500528646E-01, 7.507054591E-02, 1.106361691E+03
       115, 1.350460695E-01, 7.506952608E-02, 1.350460695E-01, 7.506952608E-02, 1.107711432E+03
       116, 2.700287238E-01, 7.503487498E-02, 2.700287238E-01, 7.503487498E-02, 1.097006248E+03
       117, 2.936592154E-01, 2.098610910E-01, 2.936592154E-01, 2.098610910E-01, 1.094764139E+03
       118, 3.407389831E-01, 2.549114456E-01, 3.407389831E-01, 2.549114456E-01, 1.091192385E+03
       119, 1.200381094E-01, 7.505463565E-02, 1.200381094E-01, 7.505463565E-02, 1.109142884E+03
       120, 3.251360442E-01, 2.398403625E-01, 3.251360442E-01, 2.398403625E-01, 1.092352277E+03
       121, 2.623619755E-01, 2.100170729E-01, 2.623619755E-01, 2.100170729E-01, 1.097486437E+03
       122, 2.779878674E-01, 2.099649707E-01, 2.779878674E-01, 2.099649707E-01, 1.096074232E+03
       123, 2.311565832E-01, 2.100270088E-01, 2.311565832E-01, 2.100270088E-01, 1.100298442E+03
       124, 2.467357296E-01, 2.100434148E-01, 2.467357296E-01, 2.100434148E-01, 1.098891858E+03
       125, 3.409091198E-01, 2.699456362E-01, 3.409091198E-01, 2.699456362E-01, 1.091137604E+03
       126, 3.900001221E-01, 6.002188072E-02, 3.900001221E-01, 6.002188072E-02, 1.087158514E+03
       127, 3.750008229E-01, 6.002074260E-02, 3.750008229E-01, 6.002074260E-02, 1.088591429E+03
       128, 3.450025628E-01, 5.992245424E-02, 3.450025628E-01, 5.992245424E-02, 1.091221943E+03
       129, 2.550086284E-01, 6.003827806E-02, 2.550086284E-01, 6.003827806E-02, 1.098147937E+03
       130, 2.400100555E-01, 6.003759429E-02, 2.400100555E-01, 6.003759429E-02, 1.099279915E+03
       131, 2.250119556E-01, 6.003971280E-02, 2.250119556E-01, 6.003971280E-02, 1.100411124E+03
       132, 1.950170706E-01, 6.004053470E-02, 1.950170706E-01, 6.004053470E-02, 1.102688456E+03
       133, 1.650228570E-01, 6.004518794E-02, 1.650228570E-01, 6.004518794E-02, 1.105077171E+03
       134, 1.500235468E-01, 6.005342022E-02, 1.500235468E-01, 6.005342022E-02, 1.106355501E+03
       135, 1.350225366E-01, 6.005251353E-02, 1.350225366E-01, 6.005251353E-02, 1.107707293E+03
       136, 1.200202504E-01, 6.004108707E-02, 1.200202504E-01, 6.004108707E-02, 1.109140211E+03
       137, 3.600016771E-01, 6.000026000E-02, 3.600016771E-01, 6.000026000E-02, 1.089943350E+03
       138, 1.800204717E-01, 6.004889225E-02, 1.800204717E-01, 6.004889225E-02, 1.103860162E+03
       139, 2.310742247E-01, 2.550351446E-01, 2.310742247E-01, 2.550351446E-01, 1.100611246E+03
       140, 2.300000000E-01, 2.700000000E-01, 2.300000000E-01, 2.700000000E-01, 1.100975548E+03
       141, 2.148360564E-01, 2.699733244E-01, 2.148360564E-01, 2.699733244E-01, 1.102295534E+03
       142, 3.095983723E-01, 2.398686459E-01, 3.095983723E-01, 2.398686459E-01, 1.093402279E+03
       143, 2.625581036E-01, 2.250233267E-01, 2.625581036E-01, 2.250233267E-01, 1.097449562E+03
       144, 2.781924486E-01, 2.249845476E-01, 2.781924486E-01, 2.249845476E-01, 1.095974908E+03
       145, 2.313194284E-01, 2.250291449E-01, 2.313194284E-01, 2.250291449E-01, 1.100367154E+03
       146, 2.951707401E-01, 2.699505727E-01, 2.951707401E-01, 2.699505727E-01, 1.094006462E+03
       147, 2.800000000E-01, 2.700000000E-01, 2.800000000E-01, 2.700000000E-01, 1.095326487E+03
       148, 2.469203204E-01, 2.250439435E-01, 2.469203204E-01, 2.250439435E-01, 1.098896052E+03
       149, 3.255793737E-01, 2.699384338E-01, 3.255793737E-01, 2.699384338E-01, 1.092187981E+03
       150, 3.900001045E-01, 4.501502849E-02, 3.900001045E-01, 4.501502849E-02, 1.087161914E+03
       151, 3.750002530E-01, 4.501419457E-02, 3.750002530E-01, 4.501419457E-02, 1.088596340E+03
       152, 3.600003024E-01, 4.499960861E-02, 3.600003024E-01, 4.499960861E-02, 1.089950176E+03
       153, 2.638333333E-01, 2.700000000E-01, 2.638333333E-01, 2.700000000E-01, 1.097278490E+03
       154, 2.629291678E-01, 2.550153661E-01, 2.629291678E-01, 2.550153661E-01, 1.097379171E+03
       155, 3.450003106E-01, 4.494706607E-02, 3.450003106E-01, 4.494706607E-02, 1.091230979E+03
       156, 2.466666667E-01, 2.700000000E-01, 2.466666667E-01, 2.700000000E-01, 1.098968392E+03
       157, 2.469368934E-01, 2.550218672E-01, 2.469368934E-01, 2.550218672E-01, 1.098930917E+03
       158, 2.550015151E-01, 4.502527944E-02, 2.550015151E-01, 4.502527944E-02, 1.098148541E+03
       159, 2.400020769E-01, 4.502513126E-02, 2.400020769E-01, 4.502513126E-02, 1.099274454E+03
       160, 2.250028601E-01, 4.502707146E-02, 2.250028601E-01, 4.502707146E-02, 1.100400981E+03
       161, 1.950050135E-01, 4.502817236E-02, 1.950050135E-01, 4.502817236E-02, 1.102676412E+03
       162, 1.650082007E-01, 4.503247532E-02, 1.650082007E-01, 4.503247532E-02, 1.105069412E+03
       163, 1.500095605E-01, 4.503843055E-02, 1.500095605E-01, 4.503843055E-02, 1.106349967E+03
       164, 1.350101533E-01, 4.503774156E-02, 1.350101533E-01, 4.503774156E-02, 1.107703563E+03
       165, 1.200099367E-01, 4.502943018E-02, 1.200099367E-01, 4.502943018E-02, 1.109137818E+03
       166, 3.900000426E-01, 1.500480048E-02, 3.900000426E-01, 1.500480048E-02, 1.087165617E+03
       167, 3.900000000E-01, 0.000000000E+00, 3.900000000E-01, 0.000000000E+00, 1.087166024E+03
       168, 3.750000945E-01, 1.500454264E-02, 3.750000945E-01, 1.500454264E-02, 1.088601734E+03
       169, 3.750000000E-01, 0.000000000E+00, 3.750000000E-01, 0.000000000E+00, 1.088602361E+03
       170, 3.600001848E-01, 1.499933307E-02, 3.600001848E-01, 1.499933307E-02, 1.089957668E+03
       171, 3.600000000E-01, 0.000000000E+00, 3.600000000E-01, 0.000000000E+00, 1.089958566E+03
       172, 3.450001777E-01, 1.498316373E-02, 3.450001777E-01, 1.498316373E-02, 1.091240892E+03
       173, 3.450000000E-01, 0.000000000E+00, 3.450000000E-01, 0.000000000E+00, 1.091242091E+03
       174, 3.300001231E-01, 1.496447649E-02, 3.300001231E-01, 1.496447649E-02, 1.092462779E+03
       175, 3.300000000E-01, 0.000000000E+00, 3.300000000E-01, 0.000000000E+00, 1.092464278E+03
       176, 3.150000021E-01, 1.494698684E-02, 3.150000021E-01, 1.494698684E-02, 1.093637813E+03
       177, 3.150000000E-01, 0.000000000E+00, 3.150000000E-01, 0.000000000E+00, 1.093639529E+03
       178, 2.999999736E-01, 1.499003997E-02, 2.999999736E-01, 1.499003997E-02, 1.094781802E+03
       179, 3.000000000E-01, 0.000000000E+00, 3.000000000E-01, 0.000000000E+00, 1.094783547E+03
       180, 2.849999823E-01, 1.500135378E-02, 2.849999823E-01, 1.500135378E-02, 1.095909102E+03
       181, 2.850000000E-01, 0.000000000E+00, 2.850000000E-01, 0.000000000E+00, 1.095910553E+03
       182, 2.699999914E-01, 1.500081171E-02, 2.699999914E-01, 1.500081171E-02, 1.097029755E+03
       183, 2.700000000E-01, 0.000000000E+00, 2.700000000E-01, 0.000000000E+00, 1.097030583E+03
       184, 2.550000018E-01, 1.500794133E-02, 2.550000018E-01, 1.500794133E-02, 1.098148732E+03
       185, 2.550000000E-01, 0.000000000E+00, 2.550000000E-01, 0.000000000E+00, 1.098148743E+03
       186, 2.400000125E-01, 1.500790845E-02, 2.400000125E-01, 1.500790845E-02, 1.099267931E+03
       187, 2.400000000E-01, 0.000000000E+00, 2.400000000E-01, 0.000000000E+00, 1.099267123E+03
       188, 2.250000341E-01, 1.500861561E-02, 2.250000341E-01, 1.500861561E-02, 1.100389265E+03
       189, 2.250000000E-01, 0.000000000E+00, 2.250000000E-01, 0.000000000E+00, 1.100387825E+03
       190, 2.100000876E-01, 1.500535527E-02, 2.100000876E-01, 1.500535527E-02, 1.101517516E+03
       191, 2.100000000E-01, 0.000000000E+00, 2.100000000E-01, 0.000000000E+00, 1.101515767E+03
       192, 3.000005572E-01, 4.496995820E-02, 3.000005572E-01, 4.496995820E-02, 1.094767320E+03
       193, 3.150000656E-01, 4.483029633E-02, 3.150000656E-01, 4.483029633E-02, 1.093623649E+03
       194, 1.950001958E-01, 1.500905462E-02, 1.950001958E-01, 1.500905462E-02, 1.102662367E+03
       195, 1.950000000E-01, 0.000000000E+00, 1.950000000E-01, 0.000000000E+00, 1.102660639E+03
       196, 1.800003764E-01, 1.500824526E-02, 1.800003764E-01, 1.500824526E-02, 1.103837932E+03
       197, 1.800000000E-01, 0.000000000E+00, 1.800000000E-01, 0.000000000E+00, 1.103836447E+03
       198, 1.650005920E-01, 1.501060545E-02, 1.650005920E-01, 1.501060545E-02, 1.105060008E+03
       199, 1.650000000E-01, 0.000000000E+00, 1.650000000E-01, 0.000000000E+00, 1.105058856E+03
       200, 2.850007799E-01, 4.500506343E-02, 2.850007799E-01, 4.500506343E-02, 1.095897034E+03
       201, 1.500007843E-01, 1.501255690E-02, 1.500007843E-01, 1.501255690E-02, 1.106343199E+03
       202, 1.500000000E-01, 0.000000000E+00, 1.500000000E-01, 0.000000000E+00, 1.106342379E+03
       203, 1.350009029E-01, 1.501232549E-02, 1.350009029E-01, 1.501232549E-02, 1.107699024E+03
       204, 1.350000000E-01, 0.000000000E+00, 1.350000000E-01, 0.000000000E+00, 1.107698486E+03
       205, 1.200009220E-01, 1.500959447E-02, 1.200009220E-01, 1.500959447E-02, 1.109135003E+03
       206, 1.200000000E-01, 0.000000000E+00, 1.200000000E-01, 0.000000000E+00, 1.109134690E+03
       207, 2.700010885E-01, 4.500438967E-02, 2.700010885E-01, 4.500438967E-02, 1.097022835E+03
       208, 2.627098510E-01, 2.400211990E-01, 2.627098510E-01, 2.400211990E-01, 1.097416791E+03
       209, 2.783997000E-01, 2.400055148E-01, 2.783997000E-01, 2.400055148E-01, 1.095857634E+03
       210, 2.313227230E-01, 2.400336499E-01, 2.313227230E-01, 2.400336499E-01, 1.100466455E+03
       211, 2.469935429E-01, 2.400370567E-01, 2.469935429E-01, 2.400370567E-01, 1.098908835E+03
       212, 3.103397182E-01, 2.699350048E-01, 3.103397182E-01, 2.699350048E-01, 1.093134321E+03
       213, 3.900000706E-01, 3.000957242E-02, 3.900000706E-01, 3.000957242E-02, 1.087164285E+03
       214, 3.750001355E-01, 3.000903213E-02, 3.750001355E-01, 3.000903213E-02, 1.088599765E+03
       215, 3.450002123E-01, 2.996642837E-02, 3.450002123E-01, 2.996642837E-02, 1.091237230E+03
       216, 3.149999976E-01, 2.989428246E-02, 3.149999976E-01, 2.989428246E-02, 1.093632571E+03
       217, 3.000000954E-01, 2.998003791E-02, 3.000000954E-01, 2.998003791E-02, 1.094776455E+03
       218, 2.850001378E-01, 3.000256708E-02, 2.850001378E-01, 3.000256708E-02, 1.095904654E+03
       219, 2.700001896E-01, 3.000166781E-02, 2.700001896E-01, 3.000166781E-02, 1.097027214E+03
       220, 2.550002719E-01, 3.001578794E-02, 2.550002719E-01, 3.001578794E-02, 1.098148683E+03
       221, 2.400003991E-01, 3.001577731E-02, 2.400003991E-01, 3.001577731E-02, 1.099270370E+03
       222, 2.250006037E-01, 3.001717429E-02, 2.250006037E-01, 3.001717429E-02, 1.100393629E+03
       223, 1.950012566E-01, 3.001807032E-02, 1.950012566E-01, 3.001807032E-02, 1.102667620E+03
       224, 3.406117406E-01, 1.793890715E-01, 3.406117406E-01, 1.793890715E-01, 1.091401350E+03
       225, 1.650024581E-01, 3.002119137E-02, 1.650024581E-01, 3.002119137E-02, 1.105063562E+03
       226, 3.059669692E-01, 1.493482602E-01, 3.059669692E-01, 1.493482602E-01, 1.094121549E+03
       227, 1.500031420E-01, 3.002509004E-02, 1.500031420E-01, 3.002509004E-02, 1.106345767E+03
       228, 1.350035820E-01, 3.002462707E-02, 1.350035820E-01, 3.002462707E-02, 1.107700747E+03
       229, 1.200036997E-01, 3.001916848E-02, 1.200036997E-01, 3.001916848E-02, 1.109136060E+03
       230, 1.836566579E-01, 1.800297266E-01, 1.836566579E-01, 1.800297266E-01, 1.103810133E+03
       231, 1.687804886E-01, 2.099359518E-01, 1.687804886E-01, 2.099359518E-01, 1.105022060E+03
       232, 3.721166927E-01, 2.099902214E-01, 3.721166927E-01, 2.099902214E-01, 1.088730926E+03
       233, 2.709767222E-01, 1.201407944E-01, 2.709767222E-01, 1.201407944E-01, 1.096892325E+03
       234, 2.437703577E-01, 1.500923693E-01, 2.437703577E-01, 1.500923693E-01, 1.099062418E+03
       235, 2.449619773E-01, 1.650685434E-01, 2.449619773E-01, 1.650685434E-01, 1.098983149E+03
       236, 1.985806778E-01, 1.650711866E-01, 1.985806778E-01, 1.650711866E-01, 1.102644918E+03
       237, 3.240425906E-01, 1.637508242E-01, 3.240425906E-01, 1.637508242E-01, 1.092714933E+03
       238, 1.824146317E-01, 1.501051441E-01, 1.824146317E-01, 1.501051441E-01, 1.103820075E+03
       239, 3.250840064E-01, 2.247430485E-01, 3.250840064E-01, 2.247430485E-01, 1.092420473E+03
       240, 1.531784705E-01, 2.099518343E-01, 1.531784705E-01, 2.099518343E-01, 1.106261944E+03
       241, 1.511842774E-01, 1.351221477E-01, 1.511842774E-01, 1.351221477E-01, 1.106319020E+03
       242, 1.689853797E-01, 2.249134740E-01, 1.689853797E-01, 2.249134740E-01, 1.105046171E+03
       243, 1.691220692E-01, 2.399000349E-01, 1.691220692E-01, 2.399000349E-01, 1.105077247E+03
       244, 2.788073015E-01, 2.550231960E-01, 2.788073015E-01, 2.550231960E-01, 1.095698142E+03
       245, 2.131392196E-01, 1.500970590E-01, 2.131392196E-01, 1.500970590E-01, 1.101491755E+03
       246, 2.422709499E-01, 1.351265241E-01, 2.422709499E-01, 1.351265241E-01, 1.099165265E+03
       247, 2.720999436E-01, 1.351444436E-01, 2.720999436E-01, 1.351444436E-01, 1.096782905E+03
       248, 3.303438206E-01, 1.196000642E-01, 3.303438206E-01, 1.196000642E-01, 1.092334076E+03
       249, 1.379776356E-01, 2.399674631E-01, 1.379776356E-01, 2.399674631E-01, 1.107596985E+03
       250, 1.846372734E-01, 2.399250221E-01, 1.846372734E-01, 2.399250221E-01, 1.103965952E+03
       251, 2.701122833E-01, 9.007033843E-02, 2.701122833E-01, 9.007033843E-02, 1.096989278E+03
       252, 1.845857223E-01, 2.249295359E-01, 1.845857223E-01, 2.249295359E-01, 1.103906020E+03
       253, 2.154666254E-01, 2.549781593E-01, 2.154666254E-01, 2.549781593E-01, 1.102034807E+03
       254, 2.001506846E-01, 2.249529960E-01, 2.001506846E-01, 2.249529960E-01, 1.102819506E+03
       255, 2.104606071E-01, 1.051052074E-01, 2.104606071E-01, 1.051052074E-01, 1.101576991E+03
       256, 1.204858815E-01, 1.200985454E-01, 1.204858815E-01, 1.200985454E-01, 1.109118281E+03
       257, 1.200949643E-01, 9.007055014E-02, 1.200949643E-01, 9.007055014E-02, 1.109142728E+03
       258, 3.734481238E-01, 1.500345262E-01, 3.734481238E-01, 1.500345262E-01, 1.088674535E+03
       259, 1.356183235E-01, 1.201230847E-01, 1.356183235E-01, 1.201230847E-01, 1.107686189E+03
       260, 3.300119398E-01, 7.472204485E-02, 3.300119398E-01, 7.472204485E-02, 1.092424153E+03
       261, 1.535479058E-01, 2.399113675E-01, 1.535479058E-01, 2.399113675E-01, 1.106285186E+03
       262, 3.563684904E-01, 2.248929562E-01, 3.563684904E-01, 2.248929562E-01, 1.090049988E+03
       263, 1.201952811E-01, 1.050861145E-01, 1.201952811E-01, 1.050861145E-01, 1.109139308E+03
       264, 2.404555459E-01, 1.051090341E-01, 2.404555459E-01, 1.051090341E-01, 1.099276571E+03
       265, 2.918019380E-01, 1.648077866E-01, 2.918019380E-01, 1.648077866E-01, 1.095145653E+03
       266, 1.381119307E-01, 2.549497695E-01, 1.381119307E-01, 2.549497695E-01, 1.107603027E+03
       267, 3.600051295E-01, 7.500602871E-02, 3.600051295E-01, 7.500602871E-02, 1.089934368E+03
       268, 3.576058597E-01, 1.498520595E-01, 3.576058597E-01, 1.498520595E-01, 1.090066039E+03
       269, 3.253181206E-01, 2.548962085E-01, 3.253181206E-01, 2.548962085E-01, 1.092272970E+03
       270, 3.000819353E-01, 8.995005659E-02, 3.000819353E-01, 8.995005659E-02, 1.094708893E+03
       271, 3.564507373E-01, 2.098759616E-01, 3.564507373E-01, 2.098759616E-01, 1.090069829E+03
       272, 3.600178386E-01, 9.001530957E-02, 3.600178386E-01, 9.001530957E-02, 1.089922632E+03
       273, 3.091301096E-01, 1.945781831E-01, 3.091301096E-01, 1.945781831E-01, 1.093702754E+03
       274, 3.150036479E-01, 5.971584477E-02, 3.150036479E-01, 5.971584477E-02, 1.093610697E+03
       275, 2.899122615E-01, 1.498792992E-01, 2.899122615E-01, 1.498792992E-01, 1.095345054E+03
       276, 3.404417245E-01, 1.641756764E-01, 3.404417245E-01, 1.641756764E-01, 1.091447936E+03
       277, 1.996720132E-01, 1.950008050E-01, 1.996720132E-01, 1.950008050E-01, 1.102689612E+03
       278, 2.703874830E-01, 1.051097866E-01, 2.703874830E-01, 1.051097866E-01, 1.096954804E+03
       279, 3.249085004E-01, 1.944201717E-01, 3.249085004E-01, 1.944201717E-01, 1.092550658E+03
       280, 1.816724062E-01, 1.351124666E-01, 1.816724062E-01, 1.351124666E-01, 1.103842373E+03
       281, 1.845944270E-01, 2.549281147E-01, 1.845944270E-01, 2.549281147E-01, 1.104035168E+03
       282, 1.381858050E-01, 2.699404476E-01, 1.381858050E-01, 2.699404476E-01, 1.107614156E+03
       283, 1.999946453E-01, 2.549432182E-01, 1.999946453E-01, 2.549432182E-01, 1.103034577E+03
       284, 2.850065147E-01, 6.001736503E-02, 2.850065147E-01, 6.001736503E-02, 1.095885692E+03
       285, 3.899973362E-01, 1.050574417E-01, 3.899973362E-01, 1.050574417E-01, 1.087142685E+03
       286, 3.889492969E-01, 1.500734461E-01, 3.889492969E-01, 1.500734461E-01, 1.087219933E+03
       287, 2.147339415E-01, 1.800443063E-01, 2.147339415E-01, 1.800443063E-01, 1.101490124E+03
       288, 1.370374430E-01, 1.800833508E-01, 1.370374430E-01, 1.800833508E-01, 1.107612082E+03
       289, 1.840574726E-01, 1.949879435E-01, 1.840574726E-01, 1.949879435E-01, 1.103830063E+03
       290, 2.100477132E-01, 7.506075020E-02, 2.100477132E-01, 7.506075020E-02, 1.101559006E+03
       291, 1.691237199E-01, 2.549055686E-01, 1.691237199E-01, 2.549055686E-01, 1.105119341E+03
       292, 1.533884138E-01, 2.249273503E-01, 1.533884138E-01, 2.249273503E-01, 1.106271099E+03
       293, 1.844240902E-01, 2.699428569E-01, 1.844240902E-01, 2.699428569E-01, 1.104113840E+03
       294, 1.691271581E-01, 2.699191425E-01, 1.691271581E-01, 2.699191425E-01, 1.105161356E+03
       295, 2.928137198E-01, 1.798077194E-01, 2.928137198E-01, 1.798077194E-01, 1.095002402E+03
       296, 1.536861735E-01, 2.699146826E-01, 1.536861735E-01, 2.699146826E-01, 1.106328479E+03
       297, 2.100145213E-01, 6.003956639E-02, 2.100145213E-01, 6.003956639E-02, 1.101544091E+03
       298, 3.601932984E-01, 1.350507640E-01, 3.601932984E-01, 1.350507640E-01, 1.089863916E+03
       299, 3.300008312E-01, 4.486429267E-02, 3.300008312E-01, 4.486429267E-02, 1.092450396E+03
       300, 1.809575147E-01, 1.201131558E-01, 1.809575147E-01, 1.201131558E-01, 1.103867618E+03
       301, 2.743987587E-01, 1.500257176E-01, 2.743987587E-01, 1.500257176E-01, 1.096572187E+03
       302, 3.300033450E-01, 5.979305802E-02, 3.300033450E-01, 5.979305802E-02, 1.092439185E+03
       303, 3.899463383E-01, 1.200735209E-01, 3.899463383E-01, 1.200735209E-01, 1.087140481E+03
       304, 1.843643129E-01, 2.099526188E-01, 1.843643129E-01, 2.099526188E-01, 1.103862381E+03
       305, 1.507426910E-01, 1.201153104E-01, 1.507426910E-01, 1.201153104E-01, 1.106340168E+03
       306, 3.094628827E-01, 2.247967233E-01, 3.094628827E-01, 2.247967233E-01, 1.093510867E+03
       307, 3.000217808E-01, 7.495511241E-02, 3.000217808E-01, 7.495511241E-02, 1.094735356E+03
       308, 2.157146599E-01, 2.249854955E-01, 2.157146599E-01, 2.249854955E-01, 1.101701007E+03
       309, 2.571859837E-01, 1.351528952E-01, 2.571859837E-01, 1.351528952E-01, 1.097973378E+03
       310, 2.940372954E-01, 2.399242191E-01, 2.940372954E-01, 2.399242191E-01, 1.094479685E+03
       311, 2.140237214E-01, 1.650707364E-01, 2.140237214E-01, 1.650707364E-01, 1.101479178E+03
       312, 2.155447317E-01, 2.099988336E-01, 2.155447317E-01, 2.099988336E-01, 1.101599937E+03
       313, 3.407206320E-01, 2.247827413E-01, 3.407206320E-01, 2.247827413E-01, 1.091278114E+03
       314, 3.301416025E-01, 1.046234658E-01, 3.301416025E-01, 1.046234658E-01, 1.092374832E+03
       315, 1.536210940E-01, 2.549102344E-01, 1.536210940E-01, 2.549102344E-01, 1.106306582E+03
       316, 1.800548592E-01, 7.506850958E-02, 1.800548592E-01, 7.506850958E-02, 1.103872142E+03
       317, 1.800066077E-01, 4.503430659E-02, 1.800066077E-01, 4.503430659E-02, 1.103850005E+03
       318, 1.800018577E-01, 3.001963360E-02, 1.800018577E-01, 3.001963360E-02, 1.103842465E+03
       319, 2.700075647E-01, 6.001973001E-02, 2.700075647E-01, 6.001973001E-02, 1.097016131E+03
       320, 2.101553410E-01, 9.008429971E-02, 2.101553410E-01, 9.008429971E-02, 1.101572936E+03
       321, 2.944266710E-01, 2.549463475E-01, 2.944266710E-01, 2.549463475E-01, 1.094274817E+03
       322, 3.099075721E-01, 2.549079544E-01, 3.099075721E-01, 2.549079544E-01, 1.093274186E+03
       323, 3.600001622E-01, 2.999958571E-02, 3.600001622E-01, 2.999958571E-02, 1.089954917E+03
       324, 2.938344874E-01, 2.248937710E-01, 2.938344874E-01, 2.248937710E-01, 1.094635900E+03
       325, 3.300008338E-01, 2.991442114E-02, 3.300008338E-01, 2.991442114E-02, 1.092458158E+03
       326, 3.245853029E-01, 1.792196816E-01, 3.245853029E-01, 1.792196816E-01, 1.092626449E+03
       327, 2.156924974E-01, 2.399806284E-01, 2.156924974E-01, 2.399806284E-01, 1.101842691E+03
       328, 3.000058420E-01, 5.996265589E-02, 3.000058420E-01, 5.996265589E-02, 1.094753859E+03
       329, 2.100039391E-01, 4.502683701E-02, 2.100039391E-01, 4.502683701E-02, 1.101531748E+03
       330, 2.100009314E-01, 3.001400944E-02, 2.100009314E-01, 3.001400944E-02, 1.101522820E+03
       331, 1.996492658E-01, 2.699502956E-01, 1.996492658E-01, 2.699502956E-01, 1.103168734E+03
       332, 1.992012485E-01, 1.800350377E-01, 1.992012485E-01, 1.800350377E-01, 1.102657068E+03
       333, 1.999728969E-01, 2.099736482E-01, 1.999728969E-01, 2.099736482E-01, 1.102744743E+03
       334, 2.001488809E-01, 2.399452424E-01, 2.001488809E-01, 2.399452424E-01, 1.102917476E+03
       335, 3.077945507E-01, 1.642829421E-01, 3.077945507E-01, 1.642829421E-01, 1.093932059E+03
       336, 3.086378501E-01, 1.794309439E-01, 3.086378501E-01, 1.794309439E-01, 1.093808450E+03
       337, 3.875031311E-01, 2.400243086E-01, 0.000000000E+00, 0.000000000E+00, 0.000000000E+00
       338, 3.876482147E-01, 2.250482955E-01, 0.000000000E+00, 0.000000000E+00, 0.000000000E+00
       339, 3.877474910E-01, 2.100592375E-01, 0.000000000E+00, 0.000000000E+00, 0.000000000E+00
       340, 3.879689135E-01, 1.950696459E-01, 0.000000000E+00, 0.000000000E+00, 0.000000000E+00
       341, 3.881136880E-01, 1.800726044E-01, 0.000000000E+00, 0.000000000E+00, 0.000000000E+00
       342, 3.883567093E-01, 1.650709353E-01, 0.000000000E+00, 0.000000000E+00, 0.000000000E+00
       343, 1.212582079E-01, 1.651197263E-01, 0.000000000E+00, 0.000000000E+00, 0.000000000E+00
       344, 1.215425196E-01, 1.801112108E-01, 0.000000000E+00, 0.000000000E+00, 0.000000000E+00
       345, 1.218173797E-01, 1.950951345E-01, 0.000000000E+00, 0.000000000E+00, 0.000000000E+00
       346, 1.220796871E-01, 2.100738728E-01, 0.000000000E+00, 0.000000000E+00, 0.000000000E+00
       347, 1.222492962E-01, 2.250532380E-01, 0.000000000E+00, 0.000000000E+00, 0.000000000E+00
       348, 3.874492378E-01, 2.549960593E-01, 0.000000000E+00, 0.000000000E+00, 0.000000000E+00
       349, 3.874056601E-01, 2.699711389E-01, 0.000000000E+00, 0.000000000E+00, 0.000000000E+00
       350, 3.874034710E-01, 2.849501756E-01, 0.000000000E+00, 0.000000000E+00, 0.000000000E+00
       351, 4.038311617E-01, 1.650759100E-01, 0.000000000E+00, 0.000000000E+00, 0.000000000E+00
       352, 4.048944536E-01, 1.350609306E-01, 0.000000000E+00, 0.000000000E+00, 0.000000000E+00
       353, 4.049857385E-01, 1.050392617E-01, 0.000000000E+00, 0.000000000E+00, 0.000000000E+00
       354, 1.051469965E-01, 1.050540407E-01, 0.000000000E+00, 0.000000000E+00, 0.000000000E+00
       355, 1.053570053E-01, 1.200705068E-01, 0.000000000E+00, 0.000000000E+00, 0.000000000E+00
       356, 1.055241695E-01, 1.350875578E-01, 0.000000000E+00, 0.000000000E+00, 0.000000000E+00
       357, 1.057603249E-01, 1.501020296E-01, 0.000000000E+00, 0.000000000E+00, 0.000000000E+00
       358, 1.059428823E-01, 1.651138663E-01, 0.000000000E+00, 0.000000000E+00, 0.000000000E+00
       359, 1.050744749E-01, 9.004168175E-02, 0.000000000E+00, 0.000000000E+00, 0.000000000E+00
       360, 3.718279778E-01, 2.849461555E-01, 0.000000000E+00, 0.000000000E+00, 0.000000000E+00
       361, 4.049946328E-01, 9.002943734E-02, 0.000000000E+00, 0.000000000E+00, 0.000000000E+00
       362, 1.537503990E-01, 2.849251977E-01, 0.000000000E+00, 0.000000000E+00, 0.000000000E+00
       363, 3.563272396E-01, 2.849652695E-01, 0.000000000E+00, 0.000000000E+00, 0.000000000E+00
       364, 4.049981317E-01, 7.502149733E-02, 0.000000000E+00, 0.000000000E+00, 0.000000000E+00
       365, 1.050301875E-01, 7.503184997E-02, 0.000000000E+00, 0.000000000E+00, 0.000000000E+00
       366, 1.691134082E-01, 2.849408304E-01, 0.000000000E+00, 0.000000000E+00, 0.000000000E+00
       367, 3.409262018E-01, 2.849764769E-01, 0.000000000E+00, 0.000000000E+00, 0.000000000E+00
       368, 4.049995527E-01, 6.001529354E-02, 0.000000000E+00, 0.000000000E+00, 0.000000000E+00
       369, 1.050172524E-01, 6.002379987E-02, 0.000000000E+00, 0.000000000E+00, 0.000000000E+00
       370, 1.843664517E-01, 2.849584546E-01, 0.000000000E+00, 0.000000000E+00, 0.000000000E+00
       371, 3.256227226E-01, 2.849731442E-01, 0.000000000E+00, 0.000000000E+00, 0.000000000E+00
       372, 4.049999286E-01, 4.501049566E-02, 0.000000000E+00, 0.000000000E+00, 0.000000000E+00
       373, 1.050090743E-01, 4.501703173E-02, 0.000000000E+00, 0.000000000E+00, 0.000000000E+00
       374, 1.995919555E-01, 2.849611832E-01, 0.000000000E+00, 0.000000000E+00, 0.000000000E+00
       375, 3.103902334E-01, 2.849621782E-01, 0.000000000E+00, 0.000000000E+00, 0.000000000E+00
       376, 4.049999969E-01, 3.000667559E-02, 0.000000000E+00, 0.000000000E+00, 0.000000000E+00
       377, 1.050035191E-01, 3.001108404E-02, 0.000000000E+00, 0.000000000E+00, 0.000000000E+00
       378, 2.147989348E-01, 2.849813581E-01, 0.000000000E+00, 0.000000000E+00, 0.000000000E+00
       379, 2.951911611E-01, 2.849708126E-01, 0.000000000E+00, 0.000000000E+00, 0.000000000E+00
       380, 4.050000030E-01, 1.500334170E-02, 0.000000000E+00, 0.000000000E+00, 0.000000000E+00
       381, 1.050008640E-01, 1.500554294E-02, 0.000000000E+00, 0.000000000E+00, 0.000000000E+00
       382, 4.049215794E-01, 1.200500271E-01, 0.000000000E+00, 0.000000000E+00, 0.000000000E+00
       383, 1.226713278E-01, 2.699857205E-01, 0.000000000E+00, 0.000000000E+00, 0.000000000E+00
       384, 1.382584240E-01, 2.849332076E-01, 0.000000000E+00, 0.000000000E+00, 0.000000000E+00
       385, 1.225605808E-01, 2.550085754E-01, 0.000000000E+00, 0.000000000E+00, 0.000000000E+00
       386, 4.042543120E-01, 1.500645768E-01, 0.000000000E+00, 0.000000000E+00, 0.000000000E+00
       387, 1.224283196E-01, 2.400306637E-01, 0.000000000E+00, 0.000000000E+00, 0.000000000E+00
       388, 1.227253142E-01, 2.849654855E-01, 0.000000000E+00, 0.000000000E+00, 0.000000000E+00
       389, 2.300000000E-01, 2.850000000E-01, 0.000000000E+00, 0.000000000E+00, 0.000000000E+00
       390, 1.050000000E-01, 0.000000000E+00, 0.000000000E+00, 0.000000000E+00, 0.000000000E+00
       391, 4.050000000E-01, 0.000000000E+00, 0.000000000E+00, 0.000000000E+00, 0.000000000E+00
       392, 2.800000000E-01, 2.850000000E-01, 0.000000000E+00, 0.000000000E+00, 0.000000000E+00
       393, 4.030961817E-01, 2.400702456E-01, 4.030961817E-01, 2.400702456E-01, 1.085764695E+03
       394, 4.032111951E-01, 2.250910428E-01, 4.032111951E-01, 2.250910428E-01, 1.085760776E+03
       395, 4.034990591E-01, 1.950962162E-01, 4.034990591E-01, 1.950962162E-01, 1.085746729E+03
       396, 4.030544441E-01, 2.550430296E-01, 4.030544441E-01, 2.550430296E-01, 1.085761263E+03
       397, 4.029865241E-01, 2.849641083E-01, 4.029865241E-01, 2.849641083E-01, 1.085753517E+03
       398, 4.029886264E-01, 2.700047962E-01, 4.029886264E-01, 2.700047962E-01, 1.085760460E+03
       399, 4.199858127E-01, 1.050247788E-01, 4.199858127E-01, 1.050247788E-01, 1.084034997E+03
       400, 4.185070599E-01, 2.849836403E-01, 4.185070599E-01, 2.849836403E-01, 1.084140021E+03
       401, 4.185841661E-01, 2.550328831E-01, 4.185841661E-01, 2.550328831E-01, 1.084141312E+03
       402, 4.186989451E-01, 2.250628175E-01, 4.186989451E-01, 2.250628175E-01, 1.084139093E+03
       403, 4.189187819E-01, 1.950630301E-01, 4.189187819E-01, 1.950630301E-01, 1.084125483E+03
       404, 4.191686652E-01, 1.650502602E-01, 4.191686652E-01, 1.650502602E-01, 1.084108036E+03
       405, 4.199014152E-01, 1.350413586E-01, 4.199014152E-01, 1.350413586E-01, 1.084037091E+03
       406, 3.718643013E-01, 2.999468115E-01, 3.718643013E-01, 2.999468115E-01, 1.088649319E+03
       407, 3.719174320E-01, 3.149497655E-01, 3.719174320E-01, 3.149497655E-01, 1.088629786E+03
       408, 4.184748511E-01, 2.999625671E-01, 4.184748511E-01, 2.999625671E-01, 1.084139059E+03
       409, 4.187279334E-01, 2.100629974E-01, 4.187279334E-01, 2.100629974E-01, 1.084141074E+03
       410, 4.190713816E-01, 1.800587440E-01, 4.190713816E-01, 1.800587440E-01, 1.084113851E+03
       411, 4.199944600E-01, 9.001861980E-02, 4.199944600E-01, 9.001861980E-02, 1.084036984E+03
       412, 3.719935247E-01, 3.299540610E-01, 3.719935247E-01, 3.299540610E-01, 1.088609719E+03
       413, 3.874696092E-01, 3.299242478E-01, 3.874696092E-01, 3.299242478E-01, 1.087233023E+03
       414, 3.563942543E-01, 2.999777499E-01, 3.563942543E-01, 2.999777499E-01, 1.089914758E+03
       415, 3.564640381E-01, 3.149854648E-01, 3.564640381E-01, 3.149854648E-01, 1.089885854E+03
       416, 3.875452805E-01, 3.449347427E-01, 3.875452805E-01, 3.449347427E-01, 1.087218320E+03
       417, 4.338941528E-01, 2.999915037E-01, 4.338941528E-01, 2.999915037E-01, 1.082443317E+03
       418, 3.565507739E-01, 3.299901112E-01, 3.565507739E-01, 3.299901112E-01, 1.089857860E+03
       419, 4.339347632E-01, 2.850002447E-01, 4.339347632E-01, 2.850002447E-01, 1.082441620E+03
       420, 4.349875309E-01, 1.050130012E-01, 4.349875309E-01, 1.050130012E-01, 1.082358299E+03
       421, 4.199971566E-01, 7.501367684E-02, 4.199971566E-01, 7.501367684E-02, 1.084039180E+03
       422, 4.340095006E-01, 2.550186701E-01, 4.340095006E-01, 2.550186701E-01, 1.082439424E+03
       423, 4.340810943E-01, 2.250347401E-01, 4.340810943E-01, 2.250347401E-01, 1.082437963E+03
       424, 4.340691468E-01, 2.100378383E-01, 4.340691468E-01, 2.100378383E-01, 1.082442686E+03
       425, 4.342198720E-01, 1.950402337E-01, 4.342198720E-01, 1.950402337E-01, 1.082428900E+03
       426, 4.343418148E-01, 1.800381524E-01, 4.343418148E-01, 1.800381524E-01, 1.082418276E+03
       427, 4.344084178E-01, 1.650319185E-01, 4.344084178E-01, 1.650319185E-01, 1.082413814E+03
       428, 4.349179439E-01, 1.350236145E-01, 4.349179439E-01, 1.350236145E-01, 1.082361506E+03
       429, 3.720987518E-01, 3.449593540E-01, 3.720987518E-01, 3.449593540E-01, 1.088588849E+03
       430, 4.338541650E-01, 3.149846159E-01, 4.338541650E-01, 3.149846159E-01, 1.082445139E+03
       431, 4.337949752E-01, 3.299813707E-01, 4.337949752E-01, 3.299813707E-01, 1.082449379E+03
       432, 4.029865041E-01, 3.449374136E-01, 4.029865041E-01, 3.449374136E-01, 1.085729909E+03
       433, 4.349949767E-01, 9.000958717E-02, 4.349949767E-01, 9.000958717E-02, 1.082359396E+03
       434, 4.339783222E-01, 2.700095062E-01, 4.339783222E-01, 2.700095062E-01, 1.082439753E+03
       435, 4.338051698E-01, 3.449805899E-01, 4.338051698E-01, 3.449805899E-01, 1.082446090E+03
       436, 3.411669743E-01, 3.300134962E-01, 3.411669743E-01, 3.300134962E-01, 1.090967081E+03
       437, 3.410675181E-01, 3.150095635E-01, 3.410675181E-01, 3.150095635E-01, 1.091007718E+03
       438, 3.721639353E-01, 3.599652412E-01, 3.721639353E-01, 3.599652412E-01, 1.088573242E+03
       439, 3.875843795E-01, 3.599480762E-01, 3.875843795E-01, 3.599480762E-01, 1.087208191E+03
       440, 4.029968185E-01, 3.599506970E-01, 4.029968185E-01, 3.599506970E-01, 1.085724645E+03
       441, 4.491843996E-01, 3.150068578E-01, 4.491843996E-01, 3.150068578E-01, 1.080677981E+03
       442, 4.492119176E-01, 3.000078744E-01, 4.492119176E-01, 3.000078744E-01, 1.080676496E+03
       443, 4.492532000E-01, 2.850095222E-01, 4.492532000E-01, 2.850095222E-01, 1.080673510E+03
       444, 4.492845322E-01, 2.700117378E-01, 4.492845322E-01, 2.700117378E-01, 1.080671808E+03
       445, 4.199992067E-01, 6.000980127E-02, 4.199992067E-01, 6.000980127E-02, 1.084040980E+03
       446, 4.493202029E-01, 2.550146578E-01, 4.493202029E-01, 2.550146578E-01, 1.080669667E+03
       447, 4.493622779E-01, 2.250223351E-01, 4.493622779E-01, 2.250223351E-01, 1.080669007E+03
       448, 4.493331845E-01, 2.100242075E-01, 4.493331845E-01, 2.100242075E-01, 1.080674636E+03
       449, 4.494443397E-01, 1.950258191E-01, 4.494443397E-01, 1.950258191E-01, 1.080663654E+03
       450, 4.495265447E-01, 1.800248232E-01, 4.495265447E-01, 1.800248232E-01, 1.080656036E+03
       451, 4.495730756E-01, 1.650223646E-01, 4.495730756E-01, 1.650223646E-01, 1.080652552E+03
       452, 4.499364464E-01, 1.350181730E-01, 4.499364464E-01, 1.350181730E-01, 1.080613232E+03
       453, 4.499899006E-01, 1.050106279E-01, 4.499899006E-01, 1.050106279E-01, 1.080609982E+03
       454, 4.337652105E-01, 3.599823629E-01, 4.337652105E-01, 3.599823629E-01, 1.082448764E+03
       455, 4.491332836E-01, 3.450053310E-01, 4.491332836E-01, 3.450053310E-01, 1.080681000E+03
       456, 3.567540656E-01, 3.599898872E-01, 3.567540656E-01, 3.599898872E-01, 1.089807776E+03
       457, 3.413607985E-01, 3.600099371E-01, 3.413607985E-01, 3.600099371E-01, 1.090899243E+03
       458, 3.257461462E-01, 3.150114879E-01, 3.257461462E-01, 3.150114879E-01, 1.091985834E+03
       459, 3.258359505E-01, 3.300175666E-01, 3.258359505E-01, 3.300175666E-01, 1.091926072E+03
       460, 3.567911862E-01, 3.749896753E-01, 3.567911862E-01, 3.749896753E-01, 1.089792304E+03
       461, 3.721815875E-01, 3.749723593E-01, 3.721815875E-01, 3.749723593E-01, 1.088563668E+03
       462, 4.029683296E-01, 3.749653482E-01, 4.029683296E-01, 3.749653482E-01, 1.085724071E+03
       463, 4.336965412E-01, 3.749858960E-01, 4.336965412E-01, 3.749858960E-01, 1.082454993E+03
       464, 4.644028333E-01, 3.450159521E-01, 4.644028333E-01, 3.450159521E-01, 1.078853866E+03
       465, 4.644376486E-01, 3.000122202E-01, 4.644376486E-01, 3.000122202E-01, 1.078852647E+03
       466, 4.644895748E-01, 2.850105634E-01, 4.644895748E-01, 2.850105634E-01, 1.078847517E+03
       467, 4.645105665E-01, 2.700093076E-01, 4.645105665E-01, 2.700093076E-01, 1.078846220E+03
       468, 4.645177373E-01, 2.550094334E-01, 4.645177373E-01, 2.550094334E-01, 1.078846656E+03
       469, 4.645470459E-01, 2.250127179E-01, 4.645470459E-01, 2.250127179E-01, 1.078845799E+03
       470, 4.645382480E-01, 2.100137391E-01, 4.645382480E-01, 2.100137391E-01, 1.078848249E+03
       471, 4.646090426E-01, 1.950141790E-01, 4.646090426E-01, 1.950141790E-01, 1.078840972E+03
       472, 4.646756430E-01, 1.800137611E-01, 4.646756430E-01, 1.800137611E-01, 1.078834167E+03
       473, 4.649536593E-01, 1.350098240E-01, 4.649536593E-01, 1.350098240E-01, 1.078803829E+03
       474, 4.499975481E-01, 7.500473271E-02, 4.499975481E-01, 7.500473271E-02, 1.080611409E+03
       475, 4.649981609E-01, 7.500277811E-02, 4.649981609E-01, 7.500277811E-02, 1.078801794E+03
       476, 3.259968653E-01, 3.600132986E-01, 3.259968653E-01, 3.600132986E-01, 1.091829433E+03
       477, 3.414081360E-01, 3.750062083E-01, 3.414081360E-01, 3.750062083E-01, 1.090876113E+03
       478, 4.199997878E-01, 4.500677702E-02, 4.199997878E-01, 4.500677702E-02, 1.084042453E+03
       479, 3.256693778E-01, 2.999970563E-01, 3.256693778E-01, 2.999970563E-01, 1.092050725E+03
       480, 4.644307272E-01, 3.300152344E-01, 4.644307272E-01, 3.300152344E-01, 1.078851364E+03
       481, 2.952105269E-01, 2.999877040E-01, 2.952105269E-01, 2.999877040E-01, 1.093579954E+03
       482, 2.800000000E-01, 3.000000000E-01, 2.800000000E-01, 3.000000000E-01, 1.093862556E+03
       483, 2.952382262E-01, 3.149997652E-01, 2.952382262E-01, 3.149997652E-01, 1.093413484E+03
       484, 2.800000000E-01, 3.150000000E-01, 2.800000000E-01, 3.150000000E-01, 1.093656448E+03
       485, 2.952775985E-01, 3.300062475E-01, 2.952775985E-01, 3.300062475E-01, 1.093274106E+03
       486, 2.800000000E-01, 3.300000000E-01, 2.800000000E-01, 3.300000000E-01, 1.093489452E+03
       487, 2.952971229E-01, 3.450110787E-01, 2.952971229E-01, 3.450110787E-01, 1.093160292E+03
       488, 2.800000000E-01, 3.450000000E-01, 2.800000000E-01, 3.450000000E-01, 1.093355660E+03
       489, 2.953257043E-01, 3.600108251E-01, 2.953257043E-01, 3.600108251E-01, 1.093069298E+03
       490, 2.800000000E-01, 3.600000000E-01, 2.800000000E-01, 3.600000000E-01, 1.093250821E+03
       491, 2.953403740E-01, 3.750094529E-01, 2.953403740E-01, 3.750094529E-01, 1.093000160E+03
       492, 2.800000000E-01, 3.750000000E-01, 2.800000000E-01, 3.750000000E-01, 1.093171920E+03
       493, 2.953448839E-01, 3.900068447E-01, 2.953448839E-01, 3.900068447E-01, 1.092951642E+03
       494, 2.800000000E-01, 3.900000000E-01, 2.800000000E-01, 3.900000000E-01, 1.093116875E+03
       495, 2.953421001E-01, 4.050038301E-01, 2.953421001E-01, 4.050038301E-01, 1.092922881E+03
       496, 2.953333333E-01, 4.200000000E-01, 2.953333333E-01, 4.200000000E-01, 1.092913497E+03
       497, 2.800000000E-01, 4.050000000E-01, 2.800000000E-01, 4.050000000E-01, 1.093084295E+03
       498, 3.106858119E-01, 4.050034801E-01, 3.106858119E-01, 4.050034801E-01, 1.092463855E+03
       499, 3.106666667E-01, 4.200000000E-01, 3.106666667E-01, 4.200000000E-01, 1.092457588E+03
       500, 3.260319907E-01, 4.050012806E-01, 3.260319907E-01, 4.050012806E-01, 1.091759030E+03
       501, 3.259976305E-01, 4.200000000E-01, 3.259976305E-01, 4.200000000E-01, 1.091756184E+03
       502, 3.413812696E-01, 4.050011060E-01, 3.413812696E-01, 4.050011060E-01, 1.090854335E+03
       503, 3.413293205E-01, 4.200000000E-01, 3.413293205E-01, 4.200000000E-01, 1.090854702E+03
       504, 3.567331018E-01, 4.049953408E-01, 3.567331018E-01, 4.049953408E-01, 1.089781684E+03
       505, 3.566603673E-01, 4.200000000E-01, 3.566603673E-01, 4.200000000E-01, 1.089785208E+03
       506, 3.720863151E-01, 4.049900573E-01, 3.720863151E-01, 4.049900573E-01, 1.088562032E+03
       507, 3.719923581E-01, 4.200000000E-01, 3.719923581E-01, 4.200000000E-01, 1.088568665E+03
       508, 4.646012446E-01, 2.400110999E-01, 4.646012446E-01, 2.400110999E-01, 1.078837817E+03
       509, 3.874388417E-01, 4.049884404E-01, 3.874388417E-01, 4.049884404E-01, 1.087210098E+03
       510, 3.873246641E-01, 4.200000000E-01, 3.873246641E-01, 4.200000000E-01, 1.087219789E+03
       511, 4.027879227E-01, 4.049898295E-01, 4.027879227E-01, 4.049898295E-01, 1.085737890E+03
       512, 4.026576057E-01, 4.200000000E-01, 4.026576057E-01, 4.200000000E-01, 1.085750309E+03
       513, 4.181307313E-01, 4.049897152E-01, 4.181307313E-01, 4.049897152E-01, 1.084156870E+03
       514, 4.179917148E-01, 4.200000000E-01, 4.179917148E-01, 4.200000000E-01, 1.084171261E+03
       515, 4.334656251E-01, 4.049951151E-01, 4.334656251E-01, 4.049951151E-01, 1.082479041E+03
       516, 4.333276803E-01, 4.200000000E-01, 4.333276803E-01, 4.200000000E-01, 1.082494250E+03
       517, 4.487904607E-01, 4.050008383E-01, 4.487904607E-01, 4.050008383E-01, 1.080717779E+03
       518, 4.486666667E-01, 4.200000000E-01, 4.486666667E-01, 4.200000000E-01, 1.080732102E+03
       519, 4.640990068E-01, 4.050053940E-01, 4.640990068E-01, 4.050053940E-01, 1.078888493E+03
       520, 4.640000000E-01, 4.200000000E-01, 4.640000000E-01, 4.200000000E-01, 1.078900371E+03
       521, 4.794036267E-01, 4.050064594E-01, 4.794036267E-01, 4.050064594E-01, 1.077005775E+03
       522, 4.793333333E-01, 4.200000000E-01, 4.793333333E-01, 4.200000000E-01, 1.077014426E+03
       523, 4.947041130E-01, 4.050062206E-01, 4.947041130E-01, 4.050062206E-01, 1.075086888E+03
       524, 5.100000000E-01, 4.050000000E-01, 5.100000000E-01, 4.050000000E-01, 1.073150000E+03
       525, 4.946666667E-01, 4.200000000E-01, 4.946666667E-01, 4.200000000E-01, 1.075091568E+03
       526, 4.947469579E-01, 3.900110101E-01, 4.947469579E-01, 3.900110101E-01, 1.075081589E+03
       527, 5.100000000E-01, 3.900000000E-01, 5.100000000E-01, 3.900000000E-01, 1.073150000E+03
       528, 4.947827484E-01, 3.750119962E-01, 4.947827484E-01, 3.750119962E-01, 1.075077218E+03
       529, 5.100000000E-01, 3.750000000E-01, 5.100000000E-01, 3.750000000E-01, 1.073150000E+03
       530, 4.948093490E-01, 3.600110782E-01, 4.948093490E-01, 3.600110782E-01, 1.075074041E+03
       531, 5.100000000E-01, 3.600000000E-01, 5.100000000E-01, 3.600000000E-01, 1.073150000E+03
       532, 4.948078431E-01, 3.450100154E-01, 4.948078431E-01, 3.450100154E-01, 1.075074448E+03
       533, 5.100000000E-01, 3.450000000E-01, 5.100000000E-01, 3.450000000E-01, 1.073150000E+03
       534, 4.948323848E-01, 3.300090520E-01, 4.948323848E-01, 3.300090520E-01, 1.075071596E+03
       535, 5.100000000E-01, 3.300000000E-01, 5.100000000E-01, 3.300000000E-01, 1.073150000E+03
       536, 4.948344883E-01, 3.150080201E-01, 4.948344883E-01, 3.150080201E-01, 1.075071606E+03
       537, 5.100000000E-01, 3.150000000E-01, 5.100000000E-01, 3.150000000E-01, 1.073150000E+03
       538, 4.948202412E-01, 3.000069074E-01, 4.948202412E-01, 3.000069074E-01, 1.075073707E+03
       539, 5.100000000E-01, 3.000000000E-01, 5.100000000E-01, 3.000000000E-01, 1.073150000E+03
       540, 4.948351204E-01, 2.850058120E-01, 4.948351204E-01, 2.850058120E-01, 1.075072149E+03
       541, 5.100000000E-01, 2.850000000E-01, 5.100000000E-01, 2.850000000E-01, 1.073150000E+03
       542, 4.948410268E-01, 2.700048210E-01, 4.948410268E-01, 2.700048210E-01, 1.075071744E+03
       543, 5.100000000E-01, 2.700000000E-01, 5.100000000E-01, 2.700000000E-01, 1.073150000E+03
       544, 4.948453992E-01, 2.550040823E-01, 4.948453992E-01, 2.550040823E-01, 1.075071547E+03
       545, 5.100000000E-01, 2.550000000E-01, 5.100000000E-01, 2.550000000E-01, 1.073150000E+03
       546, 4.948741147E-01, 2.400036487E-01, 4.948741147E-01, 2.400036487E-01, 1.075068280E+03
       547, 5.100000000E-01, 2.400000000E-01, 5.100000000E-01, 2.400000000E-01, 1.073150000E+03
       548, 4.648508041E-01, 1.500116979E-01, 4.648508041E-01, 1.500116979E-01, 1.078815261E+03
       549, 4.948542686E-01, 2.250033878E-01, 4.948542686E-01, 2.250033878E-01, 1.075071159E+03
       550, 5.100000000E-01, 2.250000000E-01, 5.100000000E-01, 2.250000000E-01, 1.073150000E+03
       551, 4.948500785E-01, 2.100032057E-01, 4.948500785E-01, 2.100032057E-01, 1.075072058E+03
       552, 5.100000000E-01, 2.100000000E-01, 5.100000000E-01, 2.100000000E-01, 1.073150000E+03
       553, 4.948737188E-01, 1.950030318E-01, 4.948737188E-01, 1.950030318E-01, 1.075069433E+03
       554, 5.100000000E-01, 1.950000000E-01, 5.100000000E-01, 1.950000000E-01, 1.073150000E+03
       555, 4.949127366E-01, 1.800028116E-01, 4.949127366E-01, 1.800028116E-01, 1.075064852E+03
       556, 5.100000000E-01, 1.800000000E-01, 5.100000000E-01, 1.800000000E-01, 1.073150000E+03
       557, 4.949166006E-01, 1.650024420E-01, 4.949166006E-01, 1.650024420E-01, 1.075064708E+03
       558, 5.100000000E-01, 1.650000000E-01, 5.100000000E-01, 1.650000000E-01, 1.073150000E+03
       559, 4.949611798E-01, 1.500020979E-01, 4.949611798E-01, 1.500020979E-01, 1.075059390E+03
       560, 5.100000000E-01, 1.500000000E-01, 5.100000000E-01, 1.500000000E-01, 1.073150000E+03
       561, 4.649966740E-01, 9.000399625E-02, 4.649966740E-01, 9.000399625E-02, 1.078801311E+03
       562, 4.949848381E-01, 1.350016897E-01, 4.949848381E-01, 1.350016897E-01, 1.075056698E+03
       563, 5.100000000E-01, 1.350000000E-01, 5.100000000E-01, 1.350000000E-01, 1.073150000E+03
       564, 4.949935599E-01, 1.200013038E-01, 4.949935599E-01, 1.200013038E-01, 1.075055868E+03
       565, 5.100000000E-01, 1.200000000E-01, 5.100000000E-01, 1.200000000E-01, 1.073150000E+03
       566, 4.949974862E-01, 1.050009698E-01, 4.949974862E-01, 1.050009698E-01, 1.075055615E+03
       567, 5.100000000E-01, 1.050000000E-01, 5.100000000E-01, 1.050000000E-01, 1.073150000E+03
       568, 4.649994008E-01, 6.000189349E-02, 4.649994008E-01, 6.000189349E-02, 1.078802170E+03
       569, 4.949989057E-01, 9.000070521E-02, 4.949989057E-01, 9.000070521E-02, 1.075055646E+03
       570, 5.100000000E-01, 9.000000000E-02, 5.100000000E-01, 9.000000000E-02, 1.073150000E+03
       571, 4.949993860E-01, 7.500049903E-02, 4.949993860E-01, 7.500049903E-02, 1.075055760E+03
       572, 5.100000000E-01, 7.500000000E-02, 5.100000000E-01, 7.500000000E-02, 1.073150000E+03
       573, 4.949998000E-01, 6.000034503E-02, 4.949998000E-01, 6.000034503E-02, 1.075055845E+03
       574, 5.100000000E-01, 6.000000000E-02, 5.100000000E-01, 6.000000000E-02, 1.073150000E+03
       575, 4.949999450E-01, 4.500023086E-02, 4.949999450E-01, 4.500023086E-02, 1.075055922E+03
       576, 5.100000000E-01, 4.500000000E-02, 5.100000000E-01, 4.500000000E-02, 1.073150000E+03
       577, 4.949999721E-01, 3.000014441E-02, 4.949999721E-01, 3.000014441E-02, 1.075055974E+03
       578, 5.100000000E-01, 3.000000000E-02, 5.100000000E-01, 3.000000000E-02, 1.073150000E+03
       579, 4.949999911E-01, 1.500007237E-02, 4.949999911E-01, 1.500007237E-02, 1.075055985E+03
       580, 4.950000000E-01, 0.000000000E+00, 4.950000000E-01, 0.000000000E+00, 1.075055980E+03
       581, 5.100000000E-01, 1.500000000E-02, 5.100000000E-01, 1.500000000E-02, 1.073150000E+03
       582, 4.799999822E-01, 1.500019202E-02, 4.799999822E-01, 1.500019202E-02, 1.076945525E+03
       583, 4.800000000E-01, 0.000000000E+00, 4.800000000E-01, 0.000000000E+00, 1.076945520E+03
       584, 4.649999751E-01, 1.500030422E-02, 4.649999751E-01, 1.500030422E-02, 1.078802802E+03
       585, 4.650000000E-01, 0.000000000E+00, 4.650000000E-01, 0.000000000E+00, 1.078802804E+03
       586, 4.499999713E-01, 1.500048825E-02, 4.499999713E-01, 1.500048825E-02, 1.080613177E+03
       587, 4.500000000E-01, 0.000000000E+00, 4.500000000E-01, 0.000000000E+00, 1.080613200E+03
       588, 4.349999731E-01, 1.500073713E-02, 4.349999731E-01, 1.500073713E-02, 1.082363767E+03
       589, 4.350000000E-01, 0.000000000E+00, 4.350000000E-01, 0.000000000E+00, 1.082363832E+03
       590, 4.199999811E-01, 1.500217065E-02, 4.199999811E-01, 1.500217065E-02, 1.084043996E+03
       591, 4.200000000E-01, 0.000000000E+00, 4.200000000E-01, 0.000000000E+00, 1.084044130E+03
       592, 3.260395244E-01, 3.750082111E-01, 3.260395244E-01, 3.750082111E-01, 1.091795488E+03
       593, 3.104257050E-01, 2.999840241E-01, 3.104257050E-01, 2.999840241E-01, 1.092906696E+03
       594, 3.104793495E-01, 3.149986554E-01, 3.104793495E-01, 3.149986554E-01, 1.092804204E+03
       595, 3.105516865E-01, 3.300054595E-01, 3.105516865E-01, 3.300054595E-01, 1.092712402E+03
       596, 3.106524332E-01, 3.600098721E-01, 3.106524332E-01, 3.600098721E-01, 1.092569858E+03
       597, 3.414132178E-01, 3.900030140E-01, 3.414132178E-01, 3.900030140E-01, 1.090861190E+03
       598, 3.567825348E-01, 3.899915603E-01, 3.567825348E-01, 3.899915603E-01, 1.089783687E+03
       599, 3.721544523E-01, 3.899806542E-01, 3.721544523E-01, 3.899806542E-01, 1.088560005E+03
       600, 4.028983429E-01, 3.899786063E-01, 4.028983429E-01, 3.899786063E-01, 1.085728507E+03
       601, 4.335954866E-01, 3.899903481E-01, 4.335954866E-01, 3.899903481E-01, 1.082465213E+03
       602, 4.796062603E-01, 3.450149415E-01, 4.796062603E-01, 3.450149415E-01, 1.076981947E+03
       603, 4.796410014E-01, 3.000101845E-01, 4.796410014E-01, 3.000101845E-01, 1.076979397E+03
       604, 4.796704021E-01, 2.850085419E-01, 4.796704021E-01, 2.850085419E-01, 1.076976434E+03
       605, 4.796824855E-01, 2.700072122E-01, 4.796824855E-01, 2.700072122E-01, 1.076975667E+03
       606, 4.796913619E-01, 2.550064553E-01, 4.796913619E-01, 2.550064553E-01, 1.076975329E+03
       607, 4.797480745E-01, 2.400065643E-01, 4.797480745E-01, 2.400065643E-01, 1.076969044E+03
       608, 4.797089328E-01, 2.250069439E-01, 4.797089328E-01, 2.250069439E-01, 1.076974727E+03
       609, 4.797006405E-01, 2.100073436E-01, 4.797006405E-01, 2.100073436E-01, 1.076976564E+03
       610, 4.797478037E-01, 1.950076715E-01, 4.797478037E-01, 1.950076715E-01, 1.076971472E+03
       611, 4.799695590E-01, 1.350063320E-01, 4.799695590E-01, 1.350063320E-01, 1.076946669E+03
       612, 4.799978132E-01, 9.000266697E-02, 4.799978132E-01, 9.000266697E-02, 1.076944731E+03
       613, 4.799987735E-01, 7.500184195E-02, 4.799987735E-01, 7.500184195E-02, 1.076944994E+03
       614, 4.799996012E-01, 6.000124186E-02, 4.799996012E-01, 6.000124186E-02, 1.076945193E+03
       615, 3.260500451E-01, 3.900038053E-01, 3.260500451E-01, 3.900038053E-01, 1.091772000E+03
       616, 4.199999399E-01, 3.000433181E-02, 4.199999399E-01, 3.000433181E-02, 1.084043471E+03
       617, 3.105943656E-01, 3.450104418E-01, 3.105943656E-01, 3.450104418E-01, 1.092634733E+03
       618, 4.796690158E-01, 3.150119058E-01, 4.796690158E-01, 3.150119058E-01, 1.076975251E+03
       619, 4.799949589E-01, 1.050037536E-01, 4.799949589E-01, 1.050037536E-01, 1.076944626E+03
       620, 4.349999050E-01, 3.000148160E-02, 4.349999050E-01, 3.000148160E-02, 1.082363464E+03
       621, 4.029388314E-01, 2.999448393E-01, 4.029388314E-01, 2.999448393E-01, 1.085751562E+03
       622, 4.795634265E-01, 3.750162801E-01, 4.795634265E-01, 3.750162801E-01, 1.076986423E+03
       623, 4.794914860E-01, 3.900130114E-01, 4.794914860E-01, 3.900130114E-01, 1.076995066E+03
       624, 3.874365980E-01, 3.149232989E-01, 3.874365980E-01, 3.149232989E-01, 1.087244815E+03
       625, 4.649999186E-01, 3.000060661E-02, 4.649999186E-01, 3.000060661E-02, 1.078802723E+03
       626, 4.799999442E-01, 3.000038265E-02, 4.799999442E-01, 3.000038265E-02, 1.076945492E+03
       627, 3.874069814E-01, 2.999329784E-01, 3.874069814E-01, 2.999329784E-01, 1.087257207E+03
       628, 4.036210139E-01, 1.800872922E-01, 4.036210139E-01, 1.800872922E-01, 1.085741600E+03
       629, 4.185066262E-01, 2.700082402E-01, 4.185066262E-01, 2.700082402E-01, 1.084144747E+03
       630, 4.186054805E-01, 2.400505294E-01, 4.186054805E-01, 2.400505294E-01, 1.084144060E+03
       631, 4.346210203E-01, 1.500270803E-01, 4.346210203E-01, 1.500270803E-01, 1.082392581E+03
       632, 4.798337197E-01, 1.650076785E-01, 4.798337197E-01, 1.650076785E-01, 1.076962265E+03
       633, 4.032383998E-01, 2.100925092E-01, 4.032383998E-01, 2.100925092E-01, 1.085765742E+03
       634, 4.183986309E-01, 3.449502435E-01, 4.183986309E-01, 3.449502435E-01, 1.084136171E+03
       635, 3.410176334E-01, 2.999958843E-01, 3.410176334E-01, 2.999958843E-01, 1.091048442E+03
       636, 4.497356160E-01, 1.500200631E-01, 4.497356160E-01, 1.500200631E-01, 1.080635231E+03
       637, 4.490033201E-01, 3.750029756E-01, 4.490033201E-01, 3.750029756E-01, 1.080694079E+03
       638, 4.799059858E-01, 1.500070406E-01, 4.799059858E-01, 1.500070406E-01, 1.076953950E+03
       639, 4.643563071E-01, 3.600153308E-01, 4.643563071E-01, 3.600153308E-01, 1.078858746E+03
       640, 3.106845259E-01, 3.750083460E-01, 3.106845259E-01, 3.750083460E-01, 1.092519822E+03
       641, 4.490660667E-01, 3.600041591E-01, 4.490660667E-01, 3.600041591E-01, 1.080687703E+03
       642, 4.643028202E-01, 3.750139138E-01, 4.643028202E-01, 3.750139138E-01, 1.078864593E+03
       643, 4.499958285E-01, 9.000769167E-02, 4.499958285E-01, 9.000769167E-02, 1.080610547E+03
       644, 4.349973525E-01, 7.500705189E-02, 4.349973525E-01, 7.500705189E-02, 1.082360772E+03
       645, 3.566697445E-01, 3.449904080E-01, 3.566697445E-01, 3.449904080E-01, 1.089830026E+03
       646, 4.489045596E-01, 3.900017981E-01, 4.489045596E-01, 3.900017981E-01, 1.080704911E+03
       647, 4.644340384E-01, 3.150139180E-01, 4.644340384E-01, 3.150139180E-01, 1.078851970E+03
       648, 4.649730399E-01, 1.200077055E-01, 4.649730399E-01, 1.200077055E-01, 1.078802491E+03
       649, 3.259227780E-01, 3.450170437E-01, 3.259227780E-01, 3.450170437E-01, 1.091873474E+03
       650, 4.349997817E-01, 4.500288180E-02, 4.349997817E-01, 4.500288180E-02, 1.082362823E+03
       651, 4.184074714E-01, 3.149528753E-01, 4.184074714E-01, 3.149528753E-01, 1.084142183E+03
       652, 4.194366895E-01, 1.500434245E-01, 4.194366895E-01, 1.500434245E-01, 1.084083464E+03
       653, 4.491315270E-01, 3.300060780E-01, 4.491315270E-01, 3.300060780E-01, 1.080682608E+03
       654, 4.642079514E-01, 3.900102904E-01, 4.642079514E-01, 3.900102904E-01, 1.078875615E+03
       655, 4.493394957E-01, 2.400184134E-01, 4.493394957E-01, 2.400184134E-01, 1.080669515E+03
       656, 4.349394104E-01, 1.200182647E-01, 4.349394104E-01, 1.200182647E-01, 1.082361569E+03
       657, 4.183725300E-01, 3.299498972E-01, 4.183725300E-01, 3.299498972E-01, 1.084142218E+03
       658, 4.199303977E-01, 1.200330285E-01, 4.199303977E-01, 1.200330285E-01, 1.084037703E+03
       659, 4.499564592E-01, 1.200143927E-01, 4.499564592E-01, 1.200143927E-01, 1.080612497E+03
       660, 4.499992569E-01, 6.000317617E-02, 4.499992569E-01, 6.000317617E-02, 1.080612060E+03
       661, 4.796406134E-01, 3.300134561E-01, 4.796406134E-01, 3.300134561E-01, 1.076978198E+03
       662, 4.029247119E-01, 3.299345602E-01, 4.029247119E-01, 3.299345602E-01, 1.085741083E+03
       663, 4.183812994E-01, 3.599581359E-01, 4.183812994E-01, 3.599581359E-01, 1.084135245E+03
       664, 3.875689216E-01, 3.749620004E-01, 3.875689216E-01, 3.749620004E-01, 1.087204391E+03
       665, 4.649998314E-01, 4.500125328E-02, 4.649998314E-01, 4.500125328E-02, 1.078802500E+03
       666, 4.182457856E-01, 3.899788855E-01, 4.182457856E-01, 3.899788855E-01, 1.084145732E+03
       667, 4.340012448E-01, 2.400270313E-01, 4.340012448E-01, 2.400270313E-01, 1.082443656E+03
       668, 4.647026973E-01, 1.650123815E-01, 4.647026973E-01, 1.650123815E-01, 1.078832139E+03
       669, 4.799998850E-01, 4.500081496E-02, 4.799998850E-01, 4.500081496E-02, 1.076945372E+03
       670, 4.649924756E-01, 1.050058563E-01, 4.649924756E-01, 1.050058563E-01, 1.078801029E+03
       671, 4.799832993E-01, 1.200050516E-01, 4.799832993E-01, 1.200050516E-01, 1.076945551E+03
       672, 4.797941254E-01, 1.800076903E-01, 4.797941254E-01, 1.800076903E-01, 1.076966463E+03
       673, 3.413080680E-01, 3.450114312E-01, 3.413080680E-01, 3.450114312E-01, 1.090927846E+03
       674, 4.349992311E-01, 6.000497465E-02, 4.349992311E-01, 6.000497465E-02, 1.082361889E+03
       675, 3.106933293E-01, 3.900063819E-01, 3.106933293E-01, 3.900063819E-01, 1.092484576E+03
       676, 3.875219301E-01, 3.899756727E-01, 3.875219301E-01, 3.899756727E-01, 1.087204864E+03
       677, 4.183287804E-01, 3.749682117E-01, 4.183287804E-01, 3.749682117E-01, 1.084138589E+03
       678, 4.029423125E-01, 3.149315899E-01, 4.029423125E-01, 3.149315899E-01, 1.085744975E+03
       679, 4.795853645E-01, 3.600160173E-01, 4.795853645E-01, 3.600160173E-01, 1.076984084E+03
       680, 4.499999117E-01, 3.000128814E-02, 4.499999117E-01, 3.000128814E-02, 1.080613013E+03
       681, 4.499998063E-01, 4.500208023E-02, 4.499998063E-01, 4.500208023E-02, 1.080612625E+03
       682, 5.100000000E-01, 0.000000000E+00, 5.100000000E-01, 0.000000000E+00, 1.073627534E+03
       683, 5.100000000E-01, 4.200000000E-01, 5.100000000E-01, 4.200000000E-01, 1.073631224E+03
       684, 2.800000000E-01, 4.200000000E-01, 2.800000000E-01, 4.200000000E-01, 1.093073493E+03
       685, 1.061559566E-01, 1.801151766E-01, 1.061559566E-01, 1.801151766E-01, 1.110581653E+03
       686, 1.063809045E-01, 1.951067590E-01, 1.063809045E-01, 1.951067590E-01, 1.110565979E+03
       687, 1.066354027E-01, 2.100909646E-01, 1.066354027E-01, 2.100909646E-01, 1.110547588E+03
       688, 1.067465733E-01, 2.250754461E-01, 1.067465733E-01, 2.250754461E-01, 1.110544002E+03
       689, 1.228048218E-01, 2.999451368E-01, 1.228048218E-01, 2.999451368E-01, 1.109023758E+03
       690, 1.072706910E-01, 2.999515257E-01, 1.072706910E-01, 2.999515257E-01, 1.110527942E+03
       691, 1.383195588E-01, 2.999291542E-01, 1.383195588E-01, 2.999291542E-01, 1.107635845E+03
       692, 1.068821538E-01, 2.400556033E-01, 1.068821538E-01, 2.400556033E-01, 1.110537996E+03
       693, 1.070199496E-01, 2.550319064E-01, 1.070199496E-01, 2.550319064E-01, 1.110531705E+03
       694, 1.072023898E-01, 2.849775685E-01, 1.072023898E-01, 2.849775685E-01, 1.110527992E+03
       695, 9.010927479E-02, 1.050415089E-01, 9.010927479E-02, 1.050415089E-01, 1.112255122E+03
       696, 9.039062881E-02, 1.350639584E-01, 9.039062881E-02, 1.350639584E-01, 1.112231632E+03
       697, 9.057517548E-02, 1.500741655E-01, 9.057517548E-02, 1.500741655E-01, 1.112215693E+03
       698, 9.069837495E-02, 1.650839370E-01, 9.069837495E-02, 1.650839370E-01, 1.112206758E+03
       699, 9.085058531E-02, 1.800901186E-01, 9.085058531E-02, 1.800901186E-01, 1.112194951E+03
       700, 9.103083017E-02, 1.950916484E-01, 9.103083017E-02, 1.950916484E-01, 1.112180334E+03
       701, 9.122747524E-02, 2.100873938E-01, 9.122747524E-02, 2.100873938E-01, 1.112164121E+03
       702, 9.131387946E-02, 2.250817157E-01, 9.131387946E-02, 2.250817157E-01, 1.112159913E+03
       703, 9.141747479E-02, 2.400688796E-01, 9.141747479E-02, 2.400688796E-01, 1.112153868E+03
       704, 9.153770537E-02, 2.550499845E-01, 9.153770537E-02, 2.550499845E-01, 1.112145984E+03
       705, 9.170041456E-02, 2.850043647E-01, 9.170041456E-02, 2.850043647E-01, 1.112138165E+03
       706, 9.177303369E-02, 2.999804303E-01, 9.177303369E-02, 2.999804303E-01, 1.112134848E+03
       707, 9.005663244E-02, 9.003172360E-02, 9.005663244E-02, 9.003172360E-02, 1.112257908E+03
       708, 1.537751549E-01, 2.999382609E-01, 1.537751549E-01, 2.999382609E-01, 1.106373195E+03
       709, 7.507948016E-02, 1.050271693E-01, 7.507948016E-02, 1.050271693E-01, 1.113934416E+03
       710, 7.528646987E-02, 1.350421013E-01, 7.528646987E-02, 1.350421013E-01, 1.113915555E+03
       711, 7.542674035E-02, 1.500493675E-01, 7.542674035E-02, 1.500493675E-01, 1.113902308E+03
       712, 7.551918698E-02, 1.650561523E-01, 7.551918698E-02, 1.650561523E-01, 1.113894721E+03
       713, 9.002300535E-02, 7.502371411E-02, 9.002300535E-02, 7.502371411E-02, 1.112259079E+03
       714, 7.561611362E-02, 1.800617279E-01, 7.561611362E-02, 1.800617279E-01, 1.113886801E+03
       715, 7.575810899E-02, 1.950634293E-01, 7.575810899E-02, 1.950634293E-01, 1.113873898E+03
       716, 7.591205756E-02, 2.100615554E-01, 7.591205756E-02, 2.100615554E-01, 1.113859743E+03
       717, 7.596118524E-02, 2.250591296E-01, 7.596118524E-02, 2.250591296E-01, 1.113857536E+03
       718, 7.603674078E-02, 2.400531912E-01, 7.603674078E-02, 2.400531912E-01, 1.113852335E+03
       719, 7.613236949E-02, 2.550444162E-01, 7.613236949E-02, 2.550444162E-01, 1.113844832E+03
       720, 7.626309044E-02, 2.850223136E-01, 7.626309044E-02, 2.850223136E-01, 1.113836377E+03
       721, 7.633389664E-02, 3.000074710E-01, 7.633389664E-02, 3.000074710E-01, 1.113831296E+03
       722, 1.691427525E-01, 2.999626076E-01, 1.691427525E-01, 2.999626076E-01, 1.105241788E+03
       723, 7.642312650E-02, 3.149917106E-01, 7.642312650E-02, 3.149917106E-01, 1.113823944E+03
       724, 7.653473353E-02, 3.299791552E-01, 7.653473353E-02, 3.299791552E-01, 1.113813831E+03
       725, 6.005656225E-02, 1.050138531E-01, 6.005656225E-02, 1.050138531E-01, 1.115684769E+03
       726, 6.020583486E-02, 1.350226633E-01, 6.020583486E-02, 1.350226633E-01, 1.115670164E+03
       727, 6.030932912E-02, 1.500267425E-01, 6.030932912E-02, 1.500267425E-01, 1.115659683E+03
       728, 6.037722279E-02, 1.650302258E-01, 6.037722279E-02, 1.650302258E-01, 1.115653556E+03
       729, 6.045055321E-02, 1.800327222E-01, 6.045055321E-02, 1.800327222E-01, 1.115646895E+03
       730, 6.054247579E-02, 1.950347348E-01, 6.054247579E-02, 1.950347348E-01, 1.115638126E+03
       731, 6.066782896E-02, 2.100353661E-01, 6.066782896E-02, 2.100353661E-01, 1.115625467E+03
       732, 6.069154501E-02, 2.250359994E-01, 6.069154501E-02, 2.250359994E-01, 1.115624851E+03
       733, 6.074053042E-02, 2.400355879E-01, 6.074053042E-02, 2.400355879E-01, 1.115621245E+03
       734, 6.081170722E-02, 2.550347670E-01, 6.081170722E-02, 2.550347670E-01, 1.115615002E+03
       735, 6.090182318E-02, 2.850295831E-01, 6.090182318E-02, 2.850295831E-01, 1.115608484E+03
       736, 6.097086541E-02, 3.000226412E-01, 6.097086541E-02, 3.000226412E-01, 1.115602237E+03
       737, 6.104877298E-02, 3.150135404E-01, 6.104877298E-02, 3.150135404E-01, 1.115594828E+03
       738, 6.114967374E-02, 3.300037264E-01, 6.114967374E-02, 3.300037264E-01, 1.115584566E+03
       739, 1.075275976E-01, 3.449245475E-01, 1.075275976E-01, 3.449245475E-01, 1.110519294E+03
       740, 1.075759271E-01, 3.599312133E-01, 1.075759271E-01, 3.599312133E-01, 1.110518771E+03
       741, 6.002741459E-02, 9.000956274E-02, 6.002741459E-02, 9.000956274E-02, 1.115686954E+03
       742, 6.001095259E-02, 7.500592310E-02, 6.001095259E-02, 7.500592310E-02, 1.115687839E+03
       743, 1.844196564E-01, 2.999760836E-01, 1.844196564E-01, 2.999760836E-01, 1.104245539E+03
       744, 2.300000000E-01, 3.000000000E-01, 2.300000000E-01, 3.000000000E-01, 1.102439009E+03
       745, 2.148158477E-01, 2.999888622E-01, 2.148158477E-01, 2.999888622E-01, 1.102720999E+03
       746, 2.300000000E-01, 3.150000000E-01, 2.300000000E-01, 3.150000000E-01, 1.102645022E+03
       747, 2.148182803E-01, 3.149956097E-01, 2.148182803E-01, 3.149956097E-01, 1.102886462E+03
       748, 1.691261880E-01, 3.299933428E-01, 1.691261880E-01, 3.299933428E-01, 1.105314464E+03
       749, 1.843732641E-01, 3.299987099E-01, 1.843732641E-01, 3.299987099E-01, 1.104363421E+03
       750, 2.300000000E-01, 3.300000000E-01, 2.300000000E-01, 3.300000000E-01, 1.102811976E+03
       751, 2.147984499E-01, 3.300015054E-01, 2.147984499E-01, 3.300015054E-01, 1.103025401E+03
       752, 2.300000000E-01, 3.450000000E-01, 2.300000000E-01, 3.450000000E-01, 1.102945750E+03
       753, 2.148095301E-01, 3.450070206E-01, 2.148095301E-01, 3.450070206E-01, 1.103138559E+03
       754, 2.300000000E-01, 3.600000000E-01, 2.300000000E-01, 3.600000000E-01, 1.103050617E+03
       755, 2.147858560E-01, 3.600110279E-01, 2.147858560E-01, 3.600110279E-01, 1.103229587E+03
       756, 2.300000000E-01, 3.750000000E-01, 2.300000000E-01, 3.750000000E-01, 1.103129587E+03
       757, 2.147605972E-01, 3.750123941E-01, 2.147605972E-01, 3.750123941E-01, 1.103299113E+03
       758, 2.300000000E-01, 3.900000000E-01, 2.300000000E-01, 3.900000000E-01, 1.103184729E+03
       759, 2.147309866E-01, 3.900102331E-01, 2.147309866E-01, 3.900102331E-01, 1.103348332E+03
       760, 6.126013235E-02, 3.449955211E-01, 6.126013235E-02, 3.449955211E-01, 1.115573006E+03
       761, 9.215534706E-02, 3.599406809E-01, 9.215534706E-02, 3.599406809E-01, 1.112108039E+03
       762, 7.674454186E-02, 3.599698460E-01, 7.674454186E-02, 3.599698460E-01, 1.113794256E+03
       763, 1.229921867E-01, 3.599447446E-01, 1.229921867E-01, 3.599447446E-01, 1.109039265E+03
       764, 1.383863644E-01, 3.599539971E-01, 1.383863644E-01, 3.599539971E-01, 1.107681226E+03
       765, 1.537445959E-01, 3.599774437E-01, 1.537445959E-01, 3.599774437E-01, 1.106455579E+03
       766, 6.135699594E-02, 3.599915063E-01, 6.135699594E-02, 3.599915063E-01, 1.115562847E+03
       767, 1.690603681E-01, 3.600035407E-01, 1.690603681E-01, 3.600035407E-01, 1.105374225E+03
       768, 1.689895481E-01, 3.750036142E-01, 1.689895481E-01, 3.750036142E-01, 1.105399123E+03
       769, 1.843312264E-01, 3.600101344E-01, 1.843312264E-01, 3.600101344E-01, 1.104453945E+03
       770, 1.844209895E-01, 3.149889825E-01, 1.844209895E-01, 3.149889825E-01, 1.104305894E+03
       771, 1.843634888E-01, 3.450057706E-01, 1.843634888E-01, 3.450057706E-01, 1.104411910E+03
       772, 4.500733505E-02, 7.500370978E-02, 4.500733505E-02, 7.500370978E-02, 1.117497712E+03
       773, 4.503888458E-02, 1.050079085E-01, 4.503888458E-02, 1.050079085E-01, 1.117495318E+03
       774, 4.514275736E-02, 1.350129581E-01, 4.514275736E-02, 1.350129581E-01, 1.117484567E+03
       775, 4.521591367E-02, 1.500149465E-01, 4.521591367E-02, 1.500149465E-01, 1.117476751E+03
       776, 4.526380550E-02, 1.650165172E-01, 4.526380550E-02, 1.650165172E-01, 1.117472108E+03
       777, 4.531667461E-02, 1.800175689E-01, 4.531667461E-02, 1.800175689E-01, 1.117466925E+03
       778, 4.538285958E-02, 1.950184088E-01, 4.538285958E-02, 1.950184088E-01, 1.117460173E+03
       779, 4.547002693E-02, 2.100192441E-01, 4.547002693E-02, 2.100192441E-01, 1.117450899E+03
       780, 4.547714038E-02, 2.250203465E-01, 4.547714038E-02, 2.250203465E-01, 1.117451409E+03
       781, 4.550967504E-02, 2.400215450E-01, 4.550967504E-02, 2.400215450E-01, 1.117448814E+03
       782, 4.558130521E-02, 2.550229802E-01, 4.558130521E-02, 2.550229802E-01, 1.117441445E+03
       783, 4.561693880E-02, 2.850254804E-01, 4.561693880E-02, 2.850254804E-01, 1.117439696E+03
       784, 4.572987583E-02, 3.150229083E-01, 4.572987583E-02, 3.150229083E-01, 1.117428262E+03
       785, 4.581523039E-02, 3.300170824E-01, 4.581523039E-02, 3.300170824E-01, 1.117418898E+03
       786, 4.590881960E-02, 3.450097904E-01, 4.590881960E-02, 3.450097904E-01, 1.117408429E+03
       787, 9.000075729E-02, 1.500246341E-02, 9.000075729E-02, 1.500246341E-02, 1.112256377E+03
       788, 9.000000000E-02, 0.000000000E+00, 9.000000000E-02, 0.000000000E+00, 1.112256323E+03
       789, 7.500062194E-02, 1.500146322E-02, 7.500062194E-02, 1.500146322E-02, 1.113936511E+03
       790, 7.500000000E-02, 0.000000000E+00, 7.500000000E-02, 0.000000000E+00, 1.113936514E+03
       791, 6.000048391E-02, 1.500063389E-02, 6.000048391E-02, 1.500063389E-02, 1.115687025E+03
       792, 6.000000000E-02, 0.000000000E+00, 6.000000000E-02, 0.000000000E+00, 1.115687056E+03
       793, 7.678168573E-02, 3.749703977E-01, 7.678168573E-02, 3.749703977E-01, 1.113791600E+03
       794, 4.500035396E-02, 1.500031225E-02, 4.500035396E-02, 1.500031225E-02, 1.117497336E+03
       795, 4.500000000E-02, 0.000000000E+00, 4.500000000E-02, 0.000000000E+00, 1.117497374E+03
       796, 3.000023288E-02, 1.500022684E-02, 3.000023288E-02, 1.500022684E-02, 1.119354561E+03
       797, 3.000000000E-02, 0.000000000E+00, 3.000000000E-02, 0.000000000E+00, 1.119354593E+03
       798, 1.500011592E-02, 1.500003013E-02, 1.500011592E-02, 1.500003013E-02, 1.121244056E+03
       799, 1.658114979E-18, 1.500000000E-02, 1.658114979E-18, 1.500000000E-02, 1.123150000E+03
       800, 1.500000000E-02, 0.000000000E+00, 1.500000000E-02, 0.000000000E+00, 1.121244074E+03
       801, 1.500048632E-02, 3.000015145E-02, 1.500048632E-02, 3.000015145E-02, 1.121244023E+03
       802, 3.316229957E-18, 3.000000000E-02, 3.316229957E-18, 3.000000000E-02, 1.123150000E+03
       803, 9.217512206E-02, 3.749482093E-01, 9.217512206E-02, 3.749482093E-01, 1.112108224E+03
       804, 1.500111137E-02, 4.500046192E-02, 1.500111137E-02, 4.500046192E-02, 1.121243998E+03
       805, 4.974344936E-18, 4.500000000E-02, 4.974344936E-18, 4.500000000E-02, 1.123150000E+03
       806, 1.500180388E-02, 6.000100078E-02, 1.500180388E-02, 6.000100078E-02, 1.121244006E+03
       807, 6.632459915E-18, 6.000000000E-02, 6.632459915E-18, 6.000000000E-02, 1.123150000E+03
       808, 1.500316452E-02, 7.500167040E-02, 1.500316452E-02, 7.500167040E-02, 1.121243971E+03
       809, 8.290574893E-18, 7.500000000E-02, 8.290574893E-18, 7.500000000E-02, 1.123150000E+03
       810, 4.599483403E-02, 3.600041963E-01, 4.599483403E-02, 3.600041963E-01, 1.117398762E+03
       811, 1.075712094E-01, 3.749444444E-01, 1.075712094E-01, 3.749444444E-01, 1.110522713E+03
       812, 1.500492159E-02, 9.000244911E-02, 1.500492159E-02, 9.000244911E-02, 1.121243923E+03
       813, 9.948689872E-18, 9.000000000E-02, 9.948689872E-18, 9.000000000E-02, 1.123150000E+03
       814, 1.501235524E-02, 1.050032241E-01, 1.501235524E-02, 1.050032241E-01, 1.121243193E+03
       815, 1.160680485E-17, 1.050000000E-01, 1.160680485E-17, 1.050000000E-01, 1.123150000E+03
       816, 1.502789302E-02, 1.200038518E-01, 1.502789302E-02, 1.200038518E-01, 1.121241469E+03
       817, 1.326491983E-17, 1.200000000E-01, 1.326491983E-17, 1.200000000E-01, 1.123150000E+03
       818, 1.229585681E-01, 3.749571601E-01, 1.229585681E-01, 3.749571601E-01, 1.109047674E+03
       819, 1.504570070E-02, 1.350043346E-01, 1.504570070E-02, 1.350043346E-01, 1.121239490E+03
       820, 1.492303481E-17, 1.350000000E-01, 1.492303481E-17, 1.350000000E-01, 1.123150000E+03
       821, 1.506946317E-02, 1.500046538E-01, 1.506946317E-02, 1.500046538E-01, 1.121236783E+03
       822, 1.658114979E-17, 1.500000000E-01, 1.658114979E-17, 1.500000000E-01, 1.123150000E+03
       823, 1.508486569E-02, 1.650048515E-01, 1.508486569E-02, 1.650048515E-01, 1.121235157E+03
       824, 1.823926477E-17, 1.650000000E-01, 1.823926477E-17, 1.650000000E-01, 1.123150000E+03
       825, 1.383253260E-01, 3.749656894E-01, 1.383253260E-01, 3.749656894E-01, 1.107694576E+03
       826, 1.510214558E-02, 1.800048429E-01, 1.510214558E-02, 1.800048429E-01, 1.121233312E+03
       827, 1.989737974E-17, 1.800000000E-01, 1.989737974E-17, 1.800000000E-01, 1.123150000E+03
       828, 1.512385594E-02, 1.950045541E-01, 1.512385594E-02, 1.950045541E-01, 1.121230922E+03
       829, 2.155549472E-17, 1.950000000E-01, 2.155549472E-17, 1.950000000E-01, 1.123150000E+03
       830, 1.513856849E-02, 2.100041030E-01, 1.513856849E-02, 2.100041030E-01, 1.121229427E+03
       831, 2.321360970E-17, 2.100000000E-01, 2.321360970E-17, 2.100000000E-01, 1.123150000E+03
       832, 1.536619586E-01, 3.749836416E-01, 1.536619586E-01, 3.749836416E-01, 1.106474653E+03
       833, 1.515533129E-02, 2.250039380E-01, 1.515533129E-02, 2.250039380E-01, 1.121227676E+03
       834, 2.487172468E-17, 2.250000000E-01, 2.487172468E-17, 2.250000000E-01, 1.123150000E+03
       835, 1.516517518E-02, 2.400047038E-01, 1.516517518E-02, 2.400047038E-01, 1.121226801E+03
       836, 2.652983966E-17, 2.400000000E-01, 2.652983966E-17, 2.400000000E-01, 1.123150000E+03
       837, 1.518522200E-02, 2.550066351E-01, 1.518522200E-02, 2.550066351E-01, 1.121224631E+03
       838, 2.818795464E-17, 2.550000000E-01, 2.818795464E-17, 2.550000000E-01, 1.123150000E+03
       839, 1.534120291E-02, 4.050022210E-01, 1.534120291E-02, 4.050022210E-01, 1.121207436E+03
       840, 1.533311312E-02, 4.200000000E-01, 1.533311312E-02, 4.200000000E-01, 1.121208498E+03
       841, 1.515889488E-02, 2.700091932E-01, 1.515889488E-02, 2.700091932E-01, 1.121228316E+03
       842, 2.984606962E-17, 2.700000000E-01, 2.984606962E-17, 2.700000000E-01, 1.123150000E+03
       843, 3.068399542E-02, 4.050019578E-01, 3.068399542E-02, 4.050019578E-01, 1.119283418E+03
       844, 3.066666667E-02, 4.200000000E-01, 3.066666667E-02, 4.200000000E-01, 1.119285656E+03
       845, 1.518437976E-02, 2.850118653E-01, 1.518437976E-02, 2.850118653E-01, 1.121225435E+03
       846, 3.150418459E-17, 2.850000000E-01, 3.150418459E-17, 2.850000000E-01, 1.123150000E+03
       847, 4.602922249E-02, 4.049979742E-01, 4.602922249E-02, 4.049979742E-01, 1.117396091E+03
       848, 4.599761364E-02, 4.200000000E-01, 4.599761364E-02, 4.200000000E-01, 1.117400058E+03
       849, 1.518818879E-02, 3.000143961E-01, 1.518818879E-02, 3.000143961E-01, 1.121225279E+03
       850, 3.316229957E-17, 3.000000000E-01, 3.316229957E-17, 3.000000000E-01, 1.123150000E+03
       851, 6.137742984E-02, 4.049926638E-01, 6.137742984E-02, 4.049926638E-01, 1.115562744E+03
       852, 6.132919656E-02, 4.200000000E-01, 6.132919656E-02, 4.200000000E-01, 1.115568593E+03
       853, 1.521531639E-02, 3.150164435E-01, 1.521531639E-02, 3.150164435E-01, 1.121222154E+03
       854, 3.482041455E-17, 3.150000000E-01, 3.482041455E-17, 3.150000000E-01, 1.123150000E+03
       855, 7.672865342E-02, 4.049870711E-01, 7.672865342E-02, 4.049870711E-01, 1.113799466E+03
       856, 7.666110012E-02, 4.200000000E-01, 7.666110012E-02, 4.200000000E-01, 1.113807321E+03
       857, 1.525493530E-02, 3.300168416E-01, 1.525493530E-02, 3.300168416E-01, 1.121217427E+03
       858, 3.647852953E-17, 3.300000000E-01, 3.647852953E-17, 3.300000000E-01, 1.123150000E+03
       859, 9.208086348E-02, 4.049797911E-01, 9.208086348E-02, 4.049797911E-01, 1.112121070E+03
       860, 9.199322554E-02, 4.200000000E-01, 9.199322554E-02, 4.200000000E-01, 1.112130777E+03
       861, 1.529204788E-02, 3.450151017E-01, 1.529204788E-02, 3.450151017E-01, 1.121212991E+03
       862, 3.813664451E-17, 3.450000000E-01, 3.813664451E-17, 3.450000000E-01, 1.123150000E+03
       863, 1.074310139E-01, 4.049803328E-01, 1.074310139E-01, 4.049803328E-01, 1.110540888E+03
       864, 1.073256236E-01, 4.200000000E-01, 1.073256236E-01, 4.200000000E-01, 1.110551950E+03
       865, 1.532239437E-02, 3.600118057E-01, 1.532239437E-02, 3.600118057E-01, 1.121209378E+03
       866, 3.979475949E-17, 3.600000000E-01, 3.979475949E-17, 3.600000000E-01, 1.123150000E+03
       867, 1.227769083E-01, 4.049853162E-01, 1.227769083E-01, 4.049853162E-01, 1.109070783E+03
       868, 1.226585626E-01, 4.200000000E-01, 1.226585626E-01, 4.200000000E-01, 1.109082530E+03
       869, 1.533862281E-02, 3.750082598E-01, 1.533862281E-02, 3.750082598E-01, 1.121207513E+03
       870, 4.145287447E-17, 3.750000000E-01, 4.145287447E-17, 3.750000000E-01, 1.123150000E+03
       871, 1.381164257E-01, 4.049886607E-01, 1.381164257E-01, 4.049886607E-01, 1.107721898E+03
       872, 1.379925540E-01, 4.200000000E-01, 1.379925540E-01, 4.200000000E-01, 1.107733581E+03
       873, 1.534364168E-02, 3.900049208E-01, 1.534364168E-02, 3.900049208E-01, 1.121207025E+03
       874, 4.311098945E-17, 3.900000000E-01, 4.311098945E-17, 3.900000000E-01, 1.123150000E+03
       875, 1.534483126E-01, 4.049948527E-01, 1.534483126E-01, 4.049948527E-01, 1.106505870E+03
       876, 1.533282662E-01, 4.200000000E-01, 1.533282662E-01, 4.200000000E-01, 1.106516851E+03
       877, 4.476910442E-17, 4.050000000E-01, 4.476910442E-17, 4.050000000E-01, 1.123150000E+03
       878, 1.687713677E-01, 4.050013444E-01, 1.687713677E-01, 4.050013444E-01, 1.105437123E+03
       879, 1.686666667E-01, 4.200000000E-01, 1.686666667E-01, 4.200000000E-01, 1.105447001E+03
       880, 1.840822436E-01, 4.050042842E-01, 1.840822436E-01, 4.050042842E-01, 1.104536448E+03
       881, 1.840000000E-01, 4.200000000E-01, 1.840000000E-01, 4.200000000E-01, 1.104545596E+03
       882, 1.993908331E-01, 4.050055277E-01, 1.993908331E-01, 4.050055277E-01, 1.103834843E+03
       883, 1.993333333E-01, 4.200000000E-01, 1.993333333E-01, 4.200000000E-01, 1.103844227E+03
       884, 1.842643286E-01, 3.750102794E-01, 1.842643286E-01, 3.750102794E-01, 1.104489493E+03
       885, 2.146968968E-01, 4.050051124E-01, 2.146968968E-01, 4.050051124E-01, 1.103378025E+03
       886, 2.146666667E-01, 4.200000000E-01, 2.146666667E-01, 4.200000000E-01, 1.103388366E+03
       887, 6.000500459E-02, 4.500206857E-02, 6.000500459E-02, 4.500206857E-02, 1.115687060E+03
       888, 7.500656362E-02, 4.500479488E-02, 7.500656362E-02, 4.500479488E-02, 1.113936798E+03
       889, 4.500502337E-02, 6.000208009E-02, 4.500502337E-02, 6.000208009E-02, 1.117497467E+03
       890, 1.996318291E-01, 2.999739547E-01, 1.996318291E-01, 2.999739547E-01, 1.103392271E+03
       891, 4.508731449E-02, 1.200105337E-01, 4.508731449E-02, 1.200105337E-01, 1.117490316E+03
       892, 2.300000000E-01, 4.050000000E-01, 2.300000000E-01, 4.050000000E-01, 1.103217430E+03
       893, 1.995934618E-01, 3.299960589E-01, 1.995934618E-01, 3.299960589E-01, 1.103582673E+03
       894, 1.996366354E-01, 3.149855173E-01, 1.996366354E-01, 3.149855173E-01, 1.103491969E+03
       895, 1.995669401E-01, 3.600116762E-01, 1.995669401E-01, 3.600116762E-01, 1.103722551E+03
       896, 4.603330774E-02, 3.750001138E-01, 4.603330774E-02, 3.750001138E-01, 1.117394741E+03
       897, 1.995190053E-01, 3.750133891E-01, 1.995190053E-01, 3.750133891E-01, 1.103773495E+03
       898, 7.500273162E-02, 3.000291471E-02, 7.500273162E-02, 3.000291471E-02, 1.113936581E+03
       899, 1.688797209E-01, 3.900026241E-01, 1.688797209E-01, 3.900026241E-01, 1.105421044E+03
       900, 6.000211953E-02, 3.000126247E-02, 6.000211953E-02, 3.000126247E-02, 1.115687001E+03
       901, 3.000460803E-02, 7.500237324E-02, 3.000460803E-02, 7.500237324E-02, 1.119354695E+03
       902, 3.002473608E-02, 1.050052058E-01, 3.002473608E-02, 1.050052058E-01, 1.119353025E+03
       903, 3.005572294E-02, 1.200065733E-01, 3.005572294E-02, 1.200065733E-01, 1.119349686E+03
       904, 3.009133512E-02, 1.350078024E-01, 3.009133512E-02, 1.350078024E-01, 1.119345836E+03
       905, 3.013869555E-02, 1.500087302E-01, 3.013869555E-02, 1.500087302E-01, 1.119340575E+03
       906, 3.016957821E-02, 1.650094679E-01, 3.016957821E-02, 1.650094679E-01, 1.119337422E+03
       907, 3.020414076E-02, 1.800100507E-01, 3.020414076E-02, 1.800100507E-01, 1.119333850E+03
       908, 3.024739842E-02, 1.950105894E-01, 3.024739842E-02, 1.950105894E-01, 1.119329226E+03
       909, 3.031036503E-02, 2.250118545E-01, 3.031036503E-02, 2.250118545E-01, 1.119322965E+03
       910, 3.033021277E-02, 2.400127353E-01, 3.033021277E-02, 2.400127353E-01, 1.119321291E+03
       911, 3.036973583E-02, 2.550136242E-01, 3.036973583E-02, 2.550136242E-01, 1.119317159E+03
       912, 3.051984241E-02, 3.300138675E-01, 3.051984241E-02, 3.300138675E-01, 1.119301930E+03
       913, 3.059027380E-02, 3.450106564E-01, 3.059027380E-02, 3.450106564E-01, 1.119293699E+03
       914, 3.065281309E-02, 3.600079323E-01, 3.065281309E-02, 3.600079323E-01, 1.119286384E+03
       915, 7.677252295E-02, 3.899762502E-01, 7.677252295E-02, 3.899762502E-01, 1.113793779E+03
       916, 3.068190427E-02, 3.750057925E-01, 3.068190427E-02, 3.750057925E-01, 1.119283156E+03
       917, 4.604477529E-02, 3.899973786E-01, 4.604477529E-02, 3.899973786E-01, 1.117393854E+03
       918, 1.075207117E-01, 3.899614147E-01, 1.075207117E-01, 3.899614147E-01, 1.110530320E+03
       919, 1.228835374E-01, 3.899709138E-01, 1.228835374E-01, 3.899709138E-01, 1.109058504E+03
       920, 1.382331418E-01, 3.899772759E-01, 1.382331418E-01, 3.899772759E-01, 1.107708353E+03
       921, 1.535658826E-01, 3.899894753E-01, 1.535658826E-01, 3.899894753E-01, 1.106491265E+03
       922, 3.000987387E-02, 9.000376858E-02, 3.000987387E-02, 9.000376858E-02, 1.119354421E+03
       923, 1.994617146E-01, 3.900111127E-01, 1.994617146E-01, 3.900111127E-01, 1.103810889E+03
       924, 9.026731313E-02, 1.200525894E-01, 9.026731313E-02, 1.200525894E-01, 1.112241278E+03
       925, 6.140537158E-02, 3.899876761E-01, 6.140537158E-02, 3.899876761E-01, 1.115558944E+03
       926, 3.000221406E-02, 4.500075373E-02, 3.000221406E-02, 4.500075373E-02, 1.119354478E+03
       927, 3.000097329E-02, 3.000045062E-02, 3.000097329E-02, 3.000045062E-02, 1.119354506E+03
       928, 3.069083760E-02, 3.900037908E-01, 3.069083760E-02, 3.900037908E-01, 1.119282351E+03
       929, 1.073561483E-01, 3.149342939E-01, 1.073561483E-01, 3.149342939E-01, 1.110525668E+03
       930, 7.666826195E-02, 3.449743004E-01, 7.666826195E-02, 3.449743004E-01, 1.113800977E+03
       931, 9.198609795E-02, 3.299447581E-01, 9.198609795E-02, 3.299447581E-01, 1.112119956E+03
       932, 7.501691199E-02, 7.501441158E-02, 7.501691199E-02, 7.501441158E-02, 1.113937948E+03
       933, 9.168912736E-02, 2.700267940E-01, 9.168912736E-02, 2.700267940E-01, 1.112134646E+03
       934, 1.229644204E-01, 3.449368208E-01, 1.229644204E-01, 3.449368208E-01, 1.109035230E+03
       935, 6.139913949E-02, 3.749895622E-01, 6.139913949E-02, 3.749895622E-01, 1.115558904E+03
       936, 1.383678849E-01, 3.299351324E-01, 1.383678849E-01, 3.299351324E-01, 1.107660481E+03
       937, 1.537615189E-01, 3.299613666E-01, 1.537615189E-01, 3.299613666E-01, 1.106419335E+03
       938, 1.383776992E-01, 3.449437396E-01, 1.383776992E-01, 3.449437396E-01, 1.107671719E+03
       939, 1.382938204E-01, 3.149322236E-01, 1.382938204E-01, 3.149322236E-01, 1.107653103E+03
       940, 7.501083126E-02, 6.000899207E-02, 7.501083126E-02, 6.000899207E-02, 1.113937309E+03
       941, 1.691179810E-01, 3.149798105E-01, 1.691179810E-01, 3.149798105E-01, 1.105280951E+03
       942, 6.000793350E-02, 6.000399271E-02, 6.000793350E-02, 6.000399271E-02, 1.115687342E+03
       943, 1.228364930E-01, 3.149388875E-01, 1.228364930E-01, 3.149388875E-01, 1.109030508E+03
       944, 1.537426332E-01, 3.149503865E-01, 1.537426332E-01, 3.149503865E-01, 1.106399329E+03
       945, 3.000341636E-02, 6.000156507E-02, 3.000341636E-02, 6.000156507E-02, 1.119354542E+03
       946, 1.071736208E-01, 2.700043570E-01, 1.071736208E-01, 2.700043570E-01, 1.110523669E+03
       947, 1.841728095E-01, 3.900079517E-01, 1.841728095E-01, 3.900079517E-01, 1.104517545E+03
       948, 4.500361348E-02, 4.500135141E-02, 4.500361348E-02, 4.500135141E-02, 1.117497257E+03
       949, 9.214108556E-02, 3.899624048E-01, 9.214108556E-02, 3.899624048E-01, 1.112113559E+03
       950, 1.074488383E-01, 3.299276107E-01, 1.074488383E-01, 3.299276107E-01, 1.110522109E+03
       951, 7.519709288E-02, 1.200345491E-01, 7.519709288E-02, 1.200345491E-01, 1.113923238E+03
       952, 7.504197798E-02, 9.002081285E-02, 7.504197798E-02, 9.002081285E-02, 1.113936738E+03
       953, 3.040048737E-02, 2.850151242E-01, 3.040048737E-02, 2.850151242E-01, 1.119314841E+03
       954, 4.501861121E-02, 9.000581072E-02, 4.501861121E-02, 9.000581072E-02, 1.117496999E+03
       955, 6.087810833E-02, 2.700327981E-01, 6.087810833E-02, 2.700327981E-01, 1.115609278E+03
       956, 1.229055155E-01, 3.299351654E-01, 1.229055155E-01, 3.299351654E-01, 1.109032908E+03
       957, 9.001404254E-02, 6.001726928E-02, 9.001404254E-02, 6.001726928E-02, 1.112258028E+03
       958, 9.188564378E-02, 3.149601641E-01, 9.188564378E-02, 3.149601641E-01, 1.112126939E+03
       959, 3.046337695E-02, 3.150153907E-01, 3.046337695E-02, 3.150153907E-01, 1.119308364E+03
       960, 9.209234930E-02, 3.449425975E-01, 9.209234930E-02, 3.449425975E-01, 1.112111930E+03
       961, 1.537501459E-01, 3.449699140E-01, 1.537501459E-01, 3.449699140E-01, 1.106439116E+03
       962, 6.014237712E-02, 1.200182139E-01, 6.014237712E-02, 1.200182139E-01, 1.115676053E+03
       963, 9.000312563E-02, 3.000589273E-02, 9.000312563E-02, 3.000589273E-02, 1.112256647E+03
       964, 7.627788120E-02, 2.700330154E-01, 7.627788120E-02, 2.700330154E-01, 1.113831618E+03
       965, 9.000781720E-02, 4.501077013E-02, 9.000781720E-02, 4.501077013E-02, 1.112257170E+03
       966, 1.690692565E-01, 3.449997913E-01, 1.690692565E-01, 3.449997913E-01, 1.105348276E+03
       967, 1.995863404E-01, 3.450050462E-01, 1.995863404E-01, 3.450050462E-01, 1.103659032E+03
       968, 4.500154242E-02, 3.000083260E-02, 4.500154242E-02, 3.000083260E-02, 1.117497276E+03
       969, 4.568372558E-02, 3.000248853E-01, 4.568372558E-02, 3.000248853E-01, 1.117432760E+03
       970, 3.030462675E-02, 2.100111753E-01, 3.030462675E-02, 2.100111753E-01, 1.119322879E+03
       971, 4.560408866E-02, 2.700243689E-01, 4.560408866E-02, 2.700243689E-01, 1.117439997E+03
       972, 3.034512058E-02, 2.700144305E-01, 3.034512058E-02, 2.700144305E-01, 1.119321005E+03
       973, 3.041312280E-02, 3.000155960E-01, 3.041312280E-02, 3.000155960E-01, 1.119313970E+03
       974, 0.000000000E+00, 4.200000000E-01, 0.000000000E+00, 4.200000000E-01, 1.122668788E+03
       975, 0.000000000E+00, 0.000000000E+00, 0.000000000E+00, 0.000000000E+00, 1.122672479E+03
       976, 2.300000000E-01, 4.200000000E-01, 2.300000000E-01, 4.200000000E-01, 1.103228324E+03
