cellnumber,    x-coordinate,    y-coordinate,     temperature
         1, 7.499955596E-03, 7.499985174E-03, 1.122435410E+03
         2, 2.249986720E-02, 7.499985246E-03, 1.121007108E+03
         3, 7.499923154E-03, 2.250000395E-02, 1.122435441E+03
         4, 2.249977006E-02, 2.250000381E-02, 1.121007207E+03
         5, 3.749976769E-02, 7.499981377E-03, 1.119581328E+03
         6, 7.499945085E-03, 3.750000333E-02, 1.122435505E+03
         7, 2.249983563E-02, 3.750000328E-02, 1.121007410E+03
         8, 3.749959090E-02, 2.250000258E-02, 1.119581510E+03
         9, 5.249963340E-02, 7.499973379E-03, 1.118159465E+03
        10, 7.499953010E-03, 5.249999930E-02, 1.122435609E+03
        11, 3.749961187E-02, 3.749997531E-02, 1.119581891E+03
        12, 2.249980262E-02, 5.249998035E-02, 1.121007740E+03
        13, 5.249933150E-02, 2.249999950E-02, 1.118159764E+03
        14, 6.749944054E-02, 7.499961317E-03, 1.116742475E+03
        15, 7.499906384E-03, 6.749998511E-02, 1.122435754E+03
        16, 5.249924452E-02, 3.749998416E-02, 1.118160382E+03
        17, 3.749949708E-02, 5.250001446E-02, 1.119582496E+03
        18, 2.249966234E-02, 6.750000382E-02, 1.121008193E+03
        19, 6.749893295E-02, 2.249999427E-02, 1.116742941E+03
        20, 8.249916225E-02, 7.499944646E-03, 1.115330662E+03
        21, 7.499900377E-03, 8.250001282E-02, 1.122435929E+03
        22, 5.249903729E-02, 5.249999129E-02, 1.118161342E+03
        23, 6.749871647E-02, 3.749997294E-02, 1.116743880E+03
        24, 3.749932809E-02, 6.749999386E-02, 1.119583310E+03
        25, 2.249963103E-02, 8.249998962E-02, 1.121008743E+03
        26, 8.249811426E-02, 2.249991600E-02, 1.115331386E+03
        27, 9.749876837E-02, 7.499918547E-03, 1.113923443E+03
        28, 7.499909761E-03, 9.749999039E-02, 1.122436135E+03
        29, 5.249883377E-02, 6.749998350E-02, 1.118162621E+03
        30, 6.749834675E-02, 5.249998690E-02, 1.116745323E+03
        31, 8.249728112E-02, 3.749990664E-02, 1.115332811E+03
        32, 3.749925778E-02, 8.250000280E-02, 1.119584308E+03
        33, 2.249965915E-02, 9.750001367E-02, 1.121009389E+03
        34, 9.749689965E-02, 2.249992995E-02, 1.113924535E+03
        35, 1.124982233E-01, 7.499880770E-03, 1.112519069E+03
        36, 7.499933227E-03, 1.125000177E-01, 1.122436370E+03
        37, 6.749800766E-02, 6.749997587E-02, 1.116747236E+03
        38, 5.249871348E-02, 8.249999685E-02, 1.118164195E+03
        39, 8.249640037E-02, 5.249995775E-02, 1.115334946E+03
        40, 9.749464125E-02, 3.749974941E-02, 1.113926685E+03
        41, 3.749930728E-02, 9.750000369E-02, 1.119585477E+03
        42, 2.249977068E-02, 1.125000083E-01, 1.121010119E+03
        43, 1.124950260E-01, 2.249976359E-02, 1.112520688E+03
        44, 1.274974942E-01, 7.499841780E-03, 1.111114320E+03
        45, 8.249620045E-02, 6.750011878E-02, 1.115337699E+03
        46, 6.749743968E-02, 8.249987561E-02, 1.116749622E+03
        47, 5.249879258E-02, 9.750000270E-02, 1.118166036E+03
        48, 9.749295079E-02, 5.250009199E-02, 1.113929782E+03
        49, 1.124910611E-01, 3.749987031E-02, 1.112523807E+03
        50, 3.749946500E-02, 1.124999916E-01, 1.119586802E+03
        51, 1.274924699E-01, 2.249977128E-02, 1.111116652E+03
        52, 1.424965448E-01, 7.499773009E-03, 1.109704179E+03
        53, 8.249539710E-02, 8.249994488E-02, 1.115341160E+03
        54, 9.749332976E-02, 6.750000844E-02, 1.113933655E+03
        55, 6.749756315E-02, 9.750012743E-02, 1.116752366E+03
        56, 5.249898224E-02, 1.125000120E-01, 1.118168129E+03
        57, 1.124879351E-01, 5.249966386E-02, 1.112528248E+03
        58, 1.274865248E-01, 3.749967472E-02, 1.111121041E+03
        59, 1.424893897E-01, 2.249961866E-02, 1.109707419E+03
        60, 1.574953937E-01, 7.499716511E-03, 1.108281571E+03
        61, 8.249558333E-02, 9.750007633E-02, 1.115345141E+03
        62, 9.749250690E-02, 8.249991484E-02, 1.113938567E+03
        63, 1.124876360E-01, 6.749987580E-02, 1.112533787E+03
        64, 6.749824947E-02, 1.125000211E-01, 1.116755447E+03
        65, 1.274813489E-01, 5.249977441E-02, 1.111127297E+03
        66, 1.424806989E-01, 3.749946052E-02, 1.109713478E+03
        67, 1.574854751E-01, 2.249948552E-02, 1.108285952E+03
        68, 1.724939737E-01, 7.499501138E-03, 1.106837348E+03
        69, 9.749201079E-02, 9.749984519E-02, 1.113944325E+03
        70, 8.249661677E-02, 1.124999130E-01, 1.115349609E+03
        71, 1.124861334E-01, 8.249986831E-02, 1.112540747E+03
        72, 1.274794326E-01, 6.749984795E-02, 1.111135141E+03
        73, 1.424730861E-01, 5.249956250E-02, 1.109722077E+03
        74, 1.574731319E-01, 3.749928730E-02, 1.108294106E+03
        75, 1.724808214E-01, 2.249897925E-02, 1.106843042E+03
        76, 1.874924709E-01, 7.498971058E-03, 1.105360762E+03
        77, 1.124856124E-01, 9.750028579E-02, 1.112548858E+03
        78, 9.749265312E-02, 1.125000767E-01, 1.113950791E+03
        79, 1.274769609E-01, 8.249984601E-02, 1.111144866E+03
        80, 1.424687064E-01, 6.749932075E-02, 1.109732965E+03
        81, 1.574622433E-01, 5.249937251E-02, 1.108305641E+03
        82, 1.724642180E-01, 3.749866287E-02, 1.106853601E+03
        83, 1.874758242E-01, 2.249741931E-02, 1.105367778E+03
        84, 2.024908657E-01, 7.497785422E-03, 1.103841053E+03
        85, 1.124871011E-01, 1.125000462E-01, 1.112557943E+03
        86, 1.274758805E-01, 9.749964769E-02, 1.111156208E+03
        87, 1.424650488E-01, 8.250010695E-02, 1.109746313E+03
        88, 1.574546187E-01, 6.749945684E-02, 1.108320350E+03
        89, 1.724491027E-01, 5.249858209E-02, 1.106868551E+03
        90, 1.874547548E-01, 3.749614649E-02, 1.105380722E+03
        91, 2.024717039E-01, 2.249419619E-02, 1.103848972E+03
        92, 2.174897755E-01, 7.496316737E-03, 1.102270458E+03
        93, 1.274790881E-01, 1.125005544E-01, 1.111168803E+03
        94, 1.424633139E-01, 9.749993175E-02, 1.109761920E+03
        95, 1.574493720E-01, 8.249972675E-02, 1.108338267E+03
        96, 1.724383088E-01, 6.749876902E-02, 1.106887628E+03
        97, 1.874350068E-01, 5.249541180E-02, 1.105399090E+03
        98, 2.024477671E-01, 3.749104757E-02, 1.103863493E+03
        99, 2.174686054E-01, 2.248953227E-02, 1.102278442E+03
       100, 2.324889637E-01, 7.494682677E-03, 1.100649006E+03
       101, 1.424678540E-01, 1.125003149E-01, 1.109779275E+03
       102, 1.574476843E-01, 9.749995432E-02, 1.108359214E+03
       103, 1.724306884E-01, 8.249914969E-02, 1.106910949E+03
       104, 1.874203939E-01, 6.749539571E-02, 1.105422607E+03
       105, 2.024239071E-01, 5.248843266E-02, 1.103884279E+03
       106, 2.174428680E-01, 3.748339975E-02, 1.102292834E+03
       107, 2.324674083E-01, 2.248431148E-02, 1.100655647E+03
       108, 2.474892422E-01, 7.493210868E-03, 1.098988672E+03
       109, 1.424768904E-01, 1.275002944E-01, 1.109798416E+03
       110, 1.574538650E-01, 1.125005244E-01, 1.108382693E+03
       111, 1.724269300E-01, 9.749946307E-02, 1.106938448E+03
       112, 1.874100996E-01, 8.249602396E-02, 1.105451482E+03
       113, 2.024057169E-01, 6.748740874E-02, 1.103911006E+03
       114, 2.174159309E-01, 5.247769726E-02, 1.102313533E+03
       115, 2.324421641E-01, 3.747373673E-02, 1.100667142E+03
       116, 2.474687797E-01, 2.247932767E-02, 1.098992550E+03
       117, 2.624905080E-01, 7.493239412E-03, 1.097313655E+03
       118, 1.424858256E-01, 1.425004067E-01, 1.109819608E+03
       119, 1.574653141E-01, 1.275001580E-01, 1.108408835E+03
       120, 1.724346177E-01, 1.125007029E-01, 1.106969380E+03
       121, 1.874032779E-01, 9.749699036E-02, 1.105485952E+03
       122, 2.023925146E-01, 8.248783595E-02, 1.103944072E+03
       123, 2.173940635E-01, 6.747430115E-02, 1.102340273E+03
       124, 2.324117737E-01, 5.246262526E-02, 1.100683921E+03
       125, 2.474456378E-01, 3.746546862E-02, 1.098998399E+03
       126, 2.624718437E-01, 2.247857775E-02, 1.097314152E+03
       127, 2.774926780E-01, 7.495459408E-03, 1.095653076E+03
       128, 1.574779493E-01, 1.425010107E-01, 1.108437862E+03
       129, 1.724493440E-01, 1.275008144E-01, 1.107004134E+03
       130, 1.874121930E-01, 1.124991289E-01, 1.105524971E+03
       131, 2.023819474E-01, 9.748884770E-02, 1.103984135E+03
       132, 2.173778400E-01, 8.247271811E-02, 1.102373537E+03
       133, 2.323849822E-01, 6.745445197E-02, 1.100705444E+03
       134, 2.474138610E-01, 5.245092885E-02, 1.099007012E+03
       135, 2.624516946E-01, 3.746268371E-02, 1.097313181E+03
       136, 2.774776818E-01, 2.248480481E-02, 1.095650450E+03
       137, 2.924945534E-01, 7.498190786E-03, 1.094031276E+03
       138, 1.724667949E-01, 1.425013993E-01, 1.107043027E+03
       139, 1.874315384E-01, 1.275001377E-01, 1.105569239E+03
       140, 2.023902458E-01, 1.124910166E-01, 1.104030024E+03
       141, 2.173632834E-01, 9.747182334E-02, 1.102414467E+03
       142, 2.323663316E-01, 8.244699358E-02, 1.100731780E+03
       143, 2.473839429E-01, 6.743643892E-02, 1.099017403E+03
       144, 2.624218657E-01, 5.244551100E-02, 1.097311579E+03
       145, 2.774617142E-01, 3.747324616E-02, 1.095643506E+03
       146, 2.924825409E-01, 2.249352450E-02, 1.094026825E+03
       147, 3.074963940E-01, 7.499586429E-03, 1.092460328E+03
       148, 1.874544845E-01, 1.425014031E-01, 1.105619551E+03
       149, 2.024136008E-01, 1.274938021E-01, 1.104082716E+03
       150, 2.173691661E-01, 1.124732361E-01, 1.102461959E+03
       151, 2.323507123E-01, 9.744369065E-02, 1.100764293E+03
       152, 2.473628899E-01, 8.242220019E-02, 1.099029007E+03
       153, 2.623934291E-01, 6.742892659E-02, 1.097307973E+03
       154, 2.774365827E-01, 5.246096224E-02, 1.095632903E+03
       155, 2.924699451E-01, 3.748876395E-02, 1.094016522E+03
       156, 3.074878955E-01, 2.249793842E-02, 1.092455254E+03
       157, 3.224978866E-01, 7.500086182E-03, 1.090940276E+03
       158, 2.024424568E-01, 1.424962136E-01, 1.104143799E+03
       159, 2.173955933E-01, 1.274765478E-01, 1.102517121E+03
       160, 2.323534133E-01, 1.124415938E-01, 1.100802294E+03
       161, 2.473453726E-01, 9.741176187E-02, 1.099042747E+03
       162, 2.623735695E-01, 8.241297400E-02, 1.097301323E+03
       163, 2.774112269E-01, 6.744725147E-02, 1.095617276E+03
       164, 2.924515577E-01, 5.248368969E-02, 1.094000671E+03
       165, 3.074783357E-01, 3.749588570E-02, 1.092444175E+03
       166, 3.224921519E-01, 2.249971126E-02, 1.090935489E+03
       167, 3.374989826E-01, 7.500139938E-03, 1.089463420E+03
       168, 2.174312863E-01, 1.424814728E-01, 1.102582550E+03
       169, 2.323792771E-01, 1.274453474E-01, 1.100846564E+03
       170, 2.473451805E-01, 1.124060687E-01, 1.099057408E+03
       171, 2.623542721E-01, 9.739959398E-02, 1.097292252E+03
       172, 2.773916304E-01, 8.243574999E-02, 1.095595385E+03
       173, 2.924306136E-01, 6.747705110E-02, 1.093978541E+03
       174, 3.074662783E-01, 5.249442984E-02, 1.092427073E+03
       175, 3.224854379E-01, 3.749957956E-02, 1.090925305E+03
       176, 3.374954699E-01, 2.250018213E-02, 1.089459343E+03
       177, 3.524996557E-01, 7.500077367E-03, 1.088018991E+03
       178, 2.324220851E-01, 1.424528185E-01, 1.100899577E+03
       179, 2.473680755E-01, 1.274065796E-01, 1.099072701E+03
       180, 2.623507332E-01, 1.123922198E-01, 1.097278600E+03
       181, 2.773717163E-01, 9.742506626E-02, 1.095567132E+03
       182, 2.924123780E-01, 8.247035856E-02, 1.093949023E+03
       183, 3.074509433E-01, 6.749128491E-02, 1.092403780E+03
       184, 3.224794097E-01, 5.249932272E-02, 1.090909487E+03
       185, 3.374915323E-01, 3.750011078E-02, 1.089450773E+03
       186, 3.524977079E-01, 2.250008122E-02, 1.088015742E+03
       187, 3.674999390E-01, 7.500019584E-03, 1.086596248E+03
       188, 2.474156838E-01, 1.424163139E-01, 1.099088876E+03
       189, 2.324654246E-01, 1.574614643E-01, 1.100965629E+03
       190, 2.623677543E-01, 1.273917056E-01, 1.097259192E+03
       191, 2.773640552E-01, 1.124183900E-01, 1.095530052E+03
       192, 2.923928067E-01, 9.746296767E-02, 1.093911834E+03
       193, 3.074350928E-01, 8.248865637E-02, 1.092373677E+03
       194, 3.224685207E-01, 6.749813584E-02, 1.090888478E+03
       195, 3.374896541E-01, 5.250011558E-02, 1.089437458E+03
       196, 3.524954127E-01, 3.750006521E-02, 1.088008979E+03
       197, 3.674989151E-01, 2.250013873E-02, 1.086593779E+03
       198, 3.824999976E-01, 7.500001079E-03, 1.085186013E+03
       199, 2.624124287E-01, 1.424022336E-01, 1.097232393E+03
       200, 2.474627037E-01, 1.574314033E-01, 1.099109543E+03
       201, 2.773768788E-01, 1.274165144E-01, 1.095481742E+03
       202, 2.923843553E-01, 1.124561139E-01, 1.093864723E+03
       203, 3.074185510E-01, 9.748578307E-02, 1.092336361E+03
       204, 3.224543945E-01, 8.249787182E-02, 1.090861982E+03
       205, 3.374821230E-01, 6.750017502E-02, 1.089420132E+03
       206, 3.524950535E-01, 5.250000660E-02, 1.087998507E+03
       207, 3.674976295E-01, 3.750006651E-02, 1.086588657E+03
       208, 3.824996486E-01, 2.250007016E-02, 1.085184185E+03
       209, 3.975000000E-01, 7.500000095E-03, 1.083781195E+03
       210, 2.774153140E-01, 1.424196523E-01, 1.095419671E+03
       211, 2.624600140E-01, 1.574192482E-01, 1.097200250E+03
       212, 2.474857628E-01, 1.724465204E-01, 1.099138536E+03
       213, 2.923943747E-01, 1.274517473E-01, 1.093805732E+03
       214, 3.074100552E-01, 1.124819173E-01, 1.092290452E+03
       215, 3.224436087E-01, 9.749774929E-02, 1.090829191E+03
       216, 3.374706830E-01, 8.249993039E-02, 1.089398615E+03
       217, 3.524913236E-01, 6.750061095E-02, 1.087984863E+03
       218, 3.674976258E-01, 5.249999850E-02, 1.086580771E+03
       219, 3.824992286E-01, 3.750002127E-02, 1.085180391E+03
       220, 3.974999230E-01, 2.250002086E-02, 1.083779883E+03
       221, 4.125000000E-01, 7.500000024E-03, 1.082376768E+03
       222, 2.924266770E-01, 1.424496544E-01, 1.093733050E+03
       223, 2.774601357E-01, 1.574304265E-01, 1.095343417E+03
       224, 2.624836764E-01, 1.724363794E-01, 1.097165428E+03
       225, 3.074163507E-01, 1.274798575E-01, 1.092234690E+03
       226, 3.224371482E-01, 1.124957188E-01, 1.090789862E+03
       227, 3.374656981E-01, 9.749988861E-02, 1.089371909E+03
       228, 3.524846189E-01, 8.250025637E-02, 1.087968057E+03
       229, 3.674963908E-01, 6.750023128E-02, 1.086570403E+03
       230, 3.824993461E-01, 5.249996511E-02, 1.085174606E+03
       231, 3.974998399E-01, 3.750000272E-02, 1.083777142E+03
       232, 4.124999922E-01, 2.250000257E-02, 1.082375851E+03
       233, 4.275000000E-01, 7.500000005E-03, 1.080969505E+03
       234, 3.074414393E-01, 1.424783458E-01, 1.092168088E+03
       235, 2.924631110E-01, 1.574537051E-01, 1.093646915E+03
       236, 2.774825813E-01, 1.724438229E-01, 1.095253074E+03
       237, 3.224396205E-01, 1.274949797E-01, 1.090743387E+03
       238, 3.374620749E-01, 1.124992010E-01, 1.089340539E+03
       239, 3.524829242E-01, 9.750009234E-02, 1.087947403E+03
       240, 3.674935372E-01, 8.250018686E-02, 1.086557656E+03
       241, 3.824989994E-01, 6.750011430E-02, 1.085166970E+03
       242, 3.974998756E-01, 5.249998724E-02, 1.083772989E+03
       243, 4.124999813E-01, 3.749999872E-02, 1.082373914E+03
       244, 4.274999998E-01, 2.250000004E-02, 1.080968880E+03
       245, 4.425000000E-01, 7.500000003E-03, 1.079557657E+03
       246, 3.074687683E-01, 1.574789168E-01, 1.092091702E+03
       247, 3.224567444E-01, 1.424934929E-01, 1.090689122E+03
       248, 2.924825760E-01, 1.724613825E-01, 1.093547634E+03
       249, 3.374617358E-01, 1.274988523E-01, 1.089304369E+03
       250, 3.524810067E-01, 1.125000917E-01, 1.087923497E+03
       251, 3.674932644E-01, 9.749991403E-02, 1.086542223E+03
       252, 3.824976517E-01, 8.249998143E-02, 1.085157598E+03
       253, 3.974998020E-01, 6.750002900E-02, 1.083767483E+03
       254, 4.124999796E-01, 5.249999988E-02, 1.082370975E+03
       255, 4.274999959E-01, 3.750000117E-02, 1.080967533E+03
       256, 4.424999999E-01, 2.250000002E-02, 1.079557239E+03
       257, 4.575000000E-01, 7.500000001E-03, 1.078140635E+03
       258, 3.524784160E-01, 1.274993847E-01, 1.087896501E+03
       259, 3.674924840E-01, 1.125002168E-01, 1.086524506E+03
       260, 3.824974485E-01, 9.749994743E-02, 1.085146368E+03
       261, 3.974991467E-01, 8.250011096E-02, 1.083760723E+03
       262, 4.124999587E-01, 6.750000284E-02, 1.082367068E+03
       263, 4.274999920E-01, 5.249999981E-02, 1.080965482E+03
       264, 4.424999996E-01, 3.750000005E-02, 1.079556321E+03
       265, 4.575000000E-01, 2.250000001E-02, 1.078140365E+03
       266, 4.725000000E-01, 7.500000001E-03, 1.076718744E+03
       267, 3.674893882E-01, 1.275000234E-01, 1.086504804E+03
       268, 3.824971594E-01, 1.125000833E-01, 1.085133499E+03
       269, 3.974988864E-01, 9.749994531E-02, 1.083752683E+03
       270, 4.124997750E-01, 8.250001602E-02, 1.082362249E+03
       271, 4.274999850E-01, 6.750000258E-02, 1.080962748E+03
       272, 4.424999987E-01, 5.250000010E-02, 1.079554913E+03
       273, 4.574999998E-01, 3.750000004E-02, 1.078139756E+03
       274, 4.725000000E-01, 2.250000000E-02, 1.076718578E+03
       275, 4.875000000E-01, 7.500000001E-03, 1.075292935E+03
       276, 3.824952810E-01, 1.275000683E-01, 1.085119244E+03
       277, 3.974987641E-01, 1.125000827E-01, 1.083743470E+03
       278, 4.124997015E-01, 9.749999177E-02, 1.082356544E+03
       279, 4.274998850E-01, 8.250000717E-02, 1.080959372E+03
       280, 4.424999986E-01, 6.750000006E-02, 1.079553032E+03
       281, 4.574999993E-01, 5.250000004E-02, 1.078138816E+03
       282, 4.725000000E-01, 3.750000001E-02, 1.076718195E+03
       283, 4.875000000E-01, 2.250000000E-02, 1.075292846E+03
       284, 5.025000000E-01, 7.500000001E-03, 1.073864605E+03
       285, 3.974974993E-01, 1.274999716E-01, 1.083733296E+03
       286, 4.124996708E-01, 1.125000129E-01, 1.082350022E+03
       287, 4.274998400E-01, 9.749999550E-02, 1.080955378E+03
       288, 4.424999435E-01, 8.250000562E-02, 1.079550705E+03
       289, 4.574999993E-01, 6.749999999E-02, 1.078137557E+03
       290, 4.724999997E-01, 5.250000003E-02, 1.076717602E+03
       291, 4.875000000E-01, 3.750000000E-02, 1.075292637E+03
       292, 5.025000000E-01, 2.250000000E-02, 1.073864577E+03
       293, 4.124987916E-01, 1.275000638E-01, 1.082342836E+03
       294, 4.274998264E-01, 1.125000069E-01, 1.080950815E+03
       295, 4.424999143E-01, 9.749999753E-02, 1.079547954E+03
       296, 4.574999697E-01, 8.250000304E-02, 1.078135997E+03
       297, 4.724999996E-01, 6.749999999E-02, 1.076716804E+03
       298, 4.874999998E-01, 5.250000002E-02, 1.075292310E+03
       299, 5.025000000E-01, 3.750000000E-02, 1.073864510E+03
       300, 4.274993093E-01, 1.275000387E-01, 1.080945785E+03
       301, 4.424999089E-01, 1.125000036E-01, 1.079544809E+03
       302, 4.574999542E-01, 9.749999868E-02, 1.078134150E+03
       303, 4.724999837E-01, 8.250000164E-02, 1.076715814E+03
       304, 4.874999998E-01, 6.750000000E-02, 1.075291870E+03
       305, 5.024999999E-01, 5.250000002E-02, 1.073864406E+03
       306, 4.574999525E-01, 1.125000019E-01, 1.078132040E+03
       307, 4.724999778E-01, 9.750000001E-02, 1.076714642E+03
       308, 4.874999937E-01, 8.250000168E-02, 1.075291323E+03
       309, 5.024999999E-01, 6.749999999E-02, 1.073864266E+03
       310, 4.724999777E-01, 1.125000002E-01, 1.076713302E+03
       311, 4.874999928E-01, 9.749999844E-02, 1.075290675E+03
       312, 5.024999994E-01, 8.250000021E-02, 1.073864091E+03
       313, 4.874999932E-01, 1.125000016E-01, 1.075289935E+03
       314, 5.024999991E-01, 9.749999990E-02, 1.073863884E+03
       315, 5.024999993E-01, 1.125000001E-01, 1.073863647E+03
       316, 5.025000000E-01, 4.125000000E-01, 1.073858446E+03
       317, 4.875000000E-01, 4.125000000E-01, 1.075273662E+03
       318, 5.025000000E-01, 3.975000000E-01, 1.073858496E+03
       319, 4.875000000E-01, 3.975000000E-01, 1.075273816E+03
       320, 4.725000000E-01, 4.125000000E-01, 1.076683862E+03
       321, 5.025000000E-01, 3.825000000E-01, 1.073858583E+03
       322, 4.875000000E-01, 3.825000000E-01, 1.075274088E+03
       323, 4.725000000E-01, 3.975000000E-01, 1.076684136E+03
       324, 4.575000000E-01, 4.125000000E-01, 1.078085635E+03
       325, 5.025000000E-01, 3.675000000E-01, 1.073858708E+03
       326, 4.725000000E-01, 3.825000000E-01, 1.076684627E+03
       327, 4.875000000E-01, 3.675000000E-01, 1.075274477E+03
       328, 4.575000000E-01, 3.975000000E-01, 1.078086058E+03
       329, 4.425000000E-01, 4.125000000E-01, 1.079475432E+03
       330, 5.025000000E-01, 3.525000000E-01, 1.073858868E+03
       331, 4.575000000E-01, 3.825000000E-01, 1.078086825E+03
       332, 4.725000000E-01, 3.675000000E-01, 1.076685327E+03
       333, 4.875000000E-01, 3.525000000E-01, 1.075274977E+03
       334, 4.425000000E-01, 3.975000000E-01, 1.079476051E+03
       335, 4.275000000E-01, 4.125000000E-01, 1.080849441E+03
       336, 5.025000000E-01, 3.375000000E-01, 1.073859061E+03
       337, 4.575000000E-01, 3.675000000E-01, 1.078087927E+03
       338, 4.425000000E-01, 3.825000000E-01, 1.079477190E+03
       339, 4.725000000E-01, 3.525000000E-01, 1.076686230E+03
       340, 4.875000000E-01, 3.375000000E-01, 1.075275581E+03
       341, 4.275000000E-01, 3.975000000E-01, 1.080850328E+03
       342, 4.125000000E-01, 4.125000000E-01, 1.082203376E+03
       343, 5.025000000E-01, 3.225000000E-01, 1.073859285E+03
       344, 4.575000000E-01, 3.525000000E-01, 1.078089349E+03
       345, 4.425000000E-01, 3.675000000E-01, 1.079478833E+03
       346, 4.275000000E-01, 3.825000000E-01, 1.080851986E+03
       347, 4.725000000E-01, 3.375000000E-01, 1.076687324E+03
       348, 4.875000000E-01, 3.225000000E-01, 1.075276283E+03
       349, 4.125000000E-01, 3.975000000E-01, 1.082204645E+03
       350, 3.975000000E-01, 4.125000000E-01, 1.083532134E+03
       351, 5.025000000E-01, 3.075000000E-01, 1.073859538E+03
       352, 4.425000000E-01, 3.525000000E-01, 1.079480961E+03
       353, 4.575000000E-01, 3.375000000E-01, 1.078091073E+03
       354, 4.275000000E-01, 3.675000000E-01, 1.080854390E+03
       355, 4.125000000E-01, 3.825000000E-01, 1.082207044E+03
       356, 4.725000000E-01, 3.225000000E-01, 1.076688593E+03
       357, 4.875000000E-01, 3.075000000E-01, 1.075277073E+03
       358, 3.975000000E-01, 3.975000000E-01, 1.083533953E+03
       359, 3.825000000E-01, 4.125000000E-01, 1.084829217E+03
       360, 5.025000000E-01, 2.925000000E-01, 1.073859815E+03
       361, 4.275000000E-01, 3.525000000E-01, 1.080857509E+03
       362, 4.425000000E-01, 3.375000000E-01, 1.079483543E+03
       363, 4.575000000E-01, 3.225000000E-01, 1.078093077E+03
       364, 4.125000000E-01, 3.675000000E-01, 1.082210541E+03
       365, 3.975000000E-01, 3.825000000E-01, 1.083537436E+03
       366, 4.725000000E-01, 3.075000000E-01, 1.076690024E+03
       367, 4.875000000E-01, 2.925000000E-01, 1.075277941E+03
       368, 3.825000000E-01, 3.975000000E-01, 1.084831852E+03
       369, 3.675000000E-01, 4.124999999E-01, 1.086085818E+03
       370, 5.025000000E-01, 2.775000000E-01, 1.073860114E+03
       371, 4.275000000E-01, 3.375000000E-01, 1.080861299E+03
       372, 4.125000000E-01, 3.525000000E-01, 1.082215086E+03
       373, 4.425000000E-01, 3.225000000E-01, 1.079486547E+03
       374, 4.574999999E-01, 3.075000000E-01, 1.078095334E+03
       375, 3.975000000E-01, 3.675000000E-01, 1.083542531E+03
       376, 3.825000000E-01, 3.825000000E-01, 1.084836946E+03
       377, 4.724999999E-01, 2.925000000E-01, 1.076691596E+03
       378, 4.874999999E-01, 2.775000000E-01, 1.075278877E+03
       379, 3.674999999E-01, 3.974999995E-01, 1.086089685E+03
       380, 3.524999998E-01, 4.124999990E-01, 1.087289313E+03
       381, 5.024999999E-01, 2.625000000E-01, 1.073860431E+03
       382, 4.275000000E-01, 3.225000000E-01, 1.080865710E+03
       383, 4.125000000E-01, 3.375000000E-01, 1.082220613E+03
       384, 3.975000000E-01, 3.525000000E-01, 1.083549162E+03
       385, 4.424999999E-01, 3.075000000E-01, 1.079489932E+03
       386, 4.574999999E-01, 2.925000000E-01, 1.078097817E+03
       387, 3.825000000E-01, 3.674999999E-01, 1.084844418E+03
       388, 3.674999999E-01, 3.824999991E-01, 1.086097215E+03
       389, 4.724999995E-01, 2.774999999E-01, 1.076693290E+03
       390, 4.874999996E-01, 2.625000000E-01, 1.075279868E+03
       391, 3.524999998E-01, 3.974999970E-01, 1.087295070E+03
       392, 3.375000000E-01, 4.124999984E-01, 1.088420805E+03
       393, 5.024999999E-01, 2.475000000E-01, 1.073860761E+03
       394, 4.125000000E-01, 3.225000000E-01, 1.082227045E+03
       395, 4.274999998E-01, 3.075000000E-01, 1.080870681E+03
       396, 3.975000000E-01, 3.375000000E-01, 1.083557227E+03
       397, 3.825000000E-01, 3.524999999E-01, 1.084854147E+03
       398, 4.424999998E-01, 2.925000000E-01, 1.079493654E+03
       399, 4.574999990E-01, 2.774999999E-01, 1.078100491E+03
       400, 3.674999999E-01, 3.674999985E-01, 1.086108279E+03
       401, 3.524999997E-01, 3.824999947E-01, 1.087306343E+03
       402, 4.724999989E-01, 2.625000000E-01, 1.076695084E+03
       403, 4.874999993E-01, 2.475000000E-01, 1.075280901E+03
       404, 3.374999995E-01, 3.974999938E-01, 1.088429496E+03
       405, 3.224999991E-01, 4.124999960E-01, 1.089451242E+03
       406, 5.024999986E-01, 2.324999996E-01, 1.073861101E+03
       407, 3.974999999E-01, 3.224999999E-01, 1.083566608E+03
       408, 4.124999996E-01, 3.075000000E-01, 1.082234290E+03
       409, 4.274999996E-01, 2.925000000E-01, 1.080876144E+03
       410, 3.824999999E-01, 3.374999998E-01, 1.084865978E+03
       411, 3.674999998E-01, 3.524999976E-01, 1.086122687E+03
       412, 4.424999983E-01, 2.774999999E-01, 1.079497664E+03
       413, 4.574999980E-01, 2.625000000E-01, 1.078103324E+03
       414, 3.524999996E-01, 3.674999915E-01, 1.087322924E+03
       415, 3.374999996E-01, 3.824999873E-01, 1.088446583E+03
       416, 4.724999977E-01, 2.474999997E-01, 1.076696956E+03
       417, 4.874999955E-01, 2.324999996E-01, 1.075281965E+03
       418, 3.224999997E-01, 3.974999865E-01, 1.089464463E+03
       419, 3.075000007E-01, 4.124999957E-01, 1.090335816E+03
       420, 5.024999985E-01, 2.175000004E-01, 1.073861446E+03
       421, 3.974999994E-01, 3.074999999E-01, 1.083577164E+03
       422, 3.824999999E-01, 3.224999996E-01, 1.084879723E+03
       423, 4.124999994E-01, 2.925000000E-01, 1.082242246E+03
       424, 4.274999970E-01, 2.774999997E-01, 1.080882026E+03
       425, 3.674999997E-01, 3.374999964E-01, 1.086140191E+03
       426, 3.524999994E-01, 3.524999868E-01, 1.087344514E+03
       427, 4.424999966E-01, 2.625000000E-01, 1.079501908E+03
       428, 4.574999952E-01, 2.474999997E-01, 1.078106278E+03
       429, 3.374999992E-01, 3.674999785E-01, 1.088471750E+03
       430, 3.224999992E-01, 3.824999740E-01, 1.089490559E+03
       431, 4.724999908E-01, 2.324999997E-01, 1.076698881E+03
       432, 4.874999954E-01, 2.175000004E-01, 1.075283044E+03
       433, 3.075000007E-01, 3.974999869E-01, 1.090355733E+03
       434, 2.924999953E-01, 4.124999837E-01, 1.091008168E+03
       435, 5.024999927E-01, 2.024999977E-01, 1.073861792E+03
       436, 3.824999991E-01, 3.074999993E-01, 1.084895166E+03
       437, 3.974999990E-01, 2.924999999E-01, 1.083588742E+03
       438, 3.674999996E-01, 3.224999945E-01, 1.086160496E+03
       439, 4.124999947E-01, 2.774999996E-01, 1.082250804E+03
       440, 4.274999941E-01, 2.625000000E-01, 1.080888248E+03
       441, 3.524999990E-01, 3.374999800E-01, 1.087370714E+03
       442, 3.374999986E-01, 3.524999643E-01, 1.088504526E+03
       443, 4.424999917E-01, 2.474999996E-01, 1.079506333E+03
       444, 4.574999835E-01, 2.324999992E-01, 1.078109317E+03
       445, 3.224999987E-01, 3.674999552E-01, 1.089529092E+03
       446, 3.075000009E-01, 3.824999757E-01, 1.090395249E+03
       447, 4.724999895E-01, 2.174999999E-01, 1.076700836E+03
       448, 4.874999782E-01, 2.024999977E-01, 1.075284128E+03
       449, 2.924999954E-01, 3.974999513E-01, 1.091036742E+03
       450, 2.775000051E-01, 4.124999848E-01, 1.091382301E+03
       451, 5.024999926E-01, 1.875000023E-01, 1.073862134E+03
       452, 3.824999984E-01, 2.924999988E-01, 1.084912069E+03
       453, 3.674999985E-01, 3.074999922E-01, 1.086183258E+03
       454, 3.974999923E-01, 2.774999994E-01, 1.083601173E+03
       455, 3.524999985E-01, 3.224999700E-01, 1.087401049E+03
       456, 4.124999901E-01, 2.625000000E-01, 1.082259846E+03
       457, 4.274999859E-01, 2.474999993E-01, 1.080894728E+03
       458, 3.374999939E-01, 3.374999308E-01, 1.088544283E+03
       459, 3.224999977E-01, 3.524999240E-01, 1.089579396E+03
       460, 4.424999719E-01, 2.324999987E-01, 1.079510881E+03
       461, 4.574999734E-01, 2.174999983E-01, 1.078112400E+03
       462, 3.074999980E-01, 3.674999472E-01, 1.090453948E+03
       463, 2.924999938E-01, 3.824999123E-01, 1.091093874E+03
       464, 4.724999589E-01, 2.024999975E-01, 1.076702797E+03
       465, 4.874999749E-01, 1.875000012E-01, 1.075285200E+03
       466, 2.775000050E-01, 3.974999546E-01, 1.091418515E+03
       467, 5.024999682E-01, 1.724999896E-01, 1.073862471E+03
       468, 3.824999894E-01, 2.774999978E-01, 1.084930175E+03
       469, 3.674999975E-01, 2.924999894E-01, 1.086208101E+03
       470, 3.524999961E-01, 3.074999545E-01, 1.087434962E+03
       471, 3.974999838E-01, 2.624999991E-01, 1.083614284E+03
       472, 3.374999943E-01, 3.224998798E-01, 1.088590250E+03
       473, 4.124999765E-01, 2.474999988E-01, 1.082269250E+03
       474, 4.274999527E-01, 2.324999979E-01, 1.080901385E+03
       475, 3.224999919E-01, 3.374998379E-01, 1.089640539E+03
       476, 3.074999995E-01, 3.524998981E-01, 1.090531149E+03
       477, 4.424999476E-01, 2.174999989E-01, 1.079515494E+03
       478, 4.574999231E-01, 2.024999976E-01, 1.078115493E+03
       479, 2.924999937E-01, 3.674998431E-01, 1.091179740E+03
       480, 2.775000069E-01, 3.824999189E-01, 1.091491592E+03
       481, 4.724999511E-01, 1.875000019E-01, 1.076704736E+03
       482, 4.874999024E-01, 1.724999907E-01, 1.075286253E+03
       483, 5.024999684E-01, 1.575000105E-01, 1.073862794E+03
       484, 3.824999755E-01, 2.624999970E-01, 1.084949215E+03
       485, 3.674999864E-01, 2.774999862E-01, 1.086234620E+03
       486, 3.524999949E-01, 2.924999348E-01, 1.087471844E+03
       487, 3.374999851E-01, 3.074997969E-01, 1.088641516E+03
       488, 3.974999576E-01, 2.474999970E-01, 1.083627890E+03
       489, 3.224999919E-01, 3.224997052E-01, 1.089711331E+03
       490, 4.124999216E-01, 2.324999966E-01, 1.082278895E+03
       491, 4.274999097E-01, 2.174999980E-01, 1.080908129E+03
       492, 3.074999936E-01, 3.374997615E-01, 1.090625797E+03
       493, 2.924999875E-01, 3.524997307E-01, 1.091294515E+03
       494, 4.424998665E-01, 2.024999947E-01, 1.079520119E+03
       495, 4.574999150E-01, 1.875000026E-01, 1.078118549E+03
       496, 2.775000108E-01, 3.674998656E-01, 1.091603136E+03
       497, 4.724998213E-01, 1.724999869E-01, 1.076706642E+03
       498, 4.874999054E-01, 1.575000102E-01, 1.075287262E+03
       499, 5.024999799E-01, 1.424999934E-01, 1.073863099E+03
       500, 3.824999311E-01, 2.474999942E-01, 1.084968914E+03
       501, 3.674999655E-01, 2.624999827E-01, 1.086262400E+03
       502, 3.524999808E-01, 2.774999125E-01, 1.087511041E+03
       503, 3.374999842E-01, 2.924996831E-01, 1.088697063E+03
       504, 3.224999785E-01, 3.074994829E-01, 1.089790286E+03
       505, 3.974998608E-01, 2.324999923E-01, 1.083641814E+03
       506, 3.074999932E-01, 3.224995429E-01, 1.090736368E+03
       507, 4.124998467E-01, 2.174999963E-01, 1.082288651E+03
       508, 4.274997811E-01, 2.024999921E-01, 1.080914883E+03
       509, 2.924999940E-01, 3.374995186E-01, 1.091438187E+03
       510, 2.775000173E-01, 3.524997813E-01, 1.091755751E+03
       511, 4.424998547E-01, 1.875000034E-01, 1.079524684E+03
       512, 4.574997036E-01, 1.724999812E-01, 1.078121553E+03
       513, 4.724998296E-01, 1.575000140E-01, 1.076708467E+03
       514, 4.874999399E-01, 1.424999937E-01, 1.075288218E+03
       515, 5.024999796E-01, 1.275000065E-01, 1.073863386E+03
       516, 3.824997770E-01, 2.324999888E-01, 1.084989006E+03
       517, 3.674999012E-01, 2.474999785E-01, 1.086291014E+03
       518, 3.524999522E-01, 2.624998886E-01, 1.087551882E+03
       519, 3.374999613E-01, 2.774995393E-01, 1.088755785E+03
       520, 3.224999778E-01, 2.924991717E-01, 1.089875661E+03
       521, 3.074999669E-01, 3.074991223E-01, 1.090860701E+03
       522, 3.974997081E-01, 2.174999871E-01, 1.083655867E+03
       523, 2.924999788E-01, 3.224991801E-01, 1.091610323E+03
       524, 4.124996454E-01, 2.024999886E-01, 1.082298406E+03
       525, 4.274997092E-01, 1.874999891E-01, 1.080921547E+03
       526, 2.775000273E-01, 3.374996476E-01, 1.091953235E+03
       527, 4.424995215E-01, 1.724999718E-01, 1.079529171E+03
       528, 4.574996995E-01, 1.575000139E-01, 1.078124429E+03
       529, 4.724998883E-01, 1.424999904E-01, 1.076710197E+03
       530, 4.874999347E-01, 1.275000048E-01, 1.075289116E+03
       531, 3.824994940E-01, 2.174999779E-01, 1.085009217E+03
       532, 3.674996861E-01, 2.324999705E-01, 1.086320056E+03
       533, 3.524998700E-01, 2.474998633E-01, 1.087593690E+03
       534, 3.374999275E-01, 2.624993639E-01, 1.088816545E+03
       535, 3.224999611E-01, 2.774987946E-01, 1.089965471E+03
       536, 3.074999658E-01, 2.924985009E-01, 1.090995883E+03
       537, 2.925000011E-01, 3.074985865E-01, 1.091809534E+03
       538, 3.974994069E-01, 2.024999925E-01, 1.083669879E+03
       539, 2.775000427E-01, 3.224994376E-01, 1.092201035E+03
       540, 4.124994708E-01, 1.874999949E-01, 1.082308021E+03
       541, 4.274991918E-01, 1.724999735E-01, 1.080928088E+03
       542, 4.424994272E-01, 1.575000029E-01, 1.079533472E+03
       543, 4.574997830E-01, 1.424999901E-01, 1.078127154E+03
       544, 4.724998745E-01, 1.275000084E-01, 1.076711821E+03
       545, 3.674992587E-01, 2.174999618E-01, 1.086349120E+03
       546, 3.824990396E-01, 2.024999796E-01, 1.085029289E+03
       547, 3.524996008E-01, 2.324998367E-01, 1.087635827E+03
       548, 3.374998319E-01, 2.474991762E-01, 1.088878211E+03
       549, 3.224999095E-01, 2.624983000E-01, 1.090057615E+03
       550, 3.074998816E-01, 2.774975830E-01, 1.091138120E+03
       551, 2.924999664E-01, 2.924976816E-01, 1.092032727E+03
       552, 2.775000657E-01, 3.074991119E-01, 1.092506740E+03
       553, 3.974990365E-01, 1.874999562E-01, 1.083683664E+03
       554, 4.124986783E-01, 1.724999497E-01, 1.082317438E+03
       555, 4.274988611E-01, 1.574999725E-01, 1.080934365E+03
       556, 4.424995314E-01, 1.425000001E-01, 1.079537537E+03
       557, 4.574997770E-01, 1.275000140E-01, 1.078129709E+03
       558, 3.674985625E-01, 2.024999441E-01, 1.086377831E+03
       559, 3.524990308E-01, 2.174998086E-01, 1.087677678E+03
       560, 3.824983851E-01, 1.874999643E-01, 1.085048971E+03
       561, 3.374995274E-01, 2.324989684E-01, 1.088939732E+03
       562, 3.224998022E-01, 2.474976902E-01, 1.090149989E+03
       563, 3.074998658E-01, 2.624963200E-01, 1.091282825E+03
       564, 2.924999958E-01, 2.774962669E-01, 1.092273608E+03
       565, 2.775000998E-01, 2.924986137E-01, 1.092881103E+03
       566, 3.974978423E-01, 1.724999628E-01, 1.083697126E+03
       567, 4.124980282E-01, 1.574999972E-01, 1.082326473E+03
       568, 4.274989705E-01, 1.425000263E-01, 1.080940280E+03
       569, 4.424996067E-01, 1.275000233E-01, 1.079541339E+03
       570, 3.674974556E-01, 1.874999041E-01, 1.086405840E+03
       571, 3.524979842E-01, 2.024997681E-01, 1.087718700E+03
       572, 3.374988417E-01, 2.174987574E-01, 1.089000148E+03
       573, 3.824966192E-01, 1.724999140E-01, 1.085068114E+03
       574, 3.224994790E-01, 2.324969541E-01, 1.090240723E+03
       575, 3.074997458E-01, 2.474948057E-01, 1.091425076E+03
       576, 2.924998968E-01, 2.624942400E-01, 1.092520397E+03
       577, 2.775001467E-01, 2.774978650E-01, 1.093339282E+03
       578, 3.974968793E-01, 1.574999845E-01, 1.083710009E+03
       579, 4.124980973E-01, 1.424999908E-01, 1.082334968E+03
       580, 3.524962397E-01, 1.874997683E-01, 1.087758400E+03
       581, 3.674948938E-01, 1.724998975E-01, 1.086432918E+03
       582, 3.374974301E-01, 2.024985571E-01, 1.089058661E+03
       583, 3.224987194E-01, 2.174961193E-01, 1.090328250E+03
       584, 3.824951363E-01, 1.574999557E-01, 1.085086369E+03
       585, 3.074994098E-01, 2.324928538E-01, 1.091561025E+03
       586, 2.924997729E-01, 2.474915630E-01, 1.092751608E+03
       587, 2.774996297E-01, 2.624950688E-01, 1.093903246E+03
       588, 3.974967987E-01, 1.424999777E-01, 1.083722105E+03
       589, 3.524925999E-01, 1.724996966E-01, 1.087796451E+03
       590, 3.374950067E-01, 1.874984579E-01, 1.089114589E+03
       591, 3.674925540E-01, 1.574998987E-01, 1.086458615E+03
       592, 3.224970449E-01, 2.024952493E-01, 1.090411400E+03
       593, 3.074986096E-01, 2.174904410E-01, 1.091688095E+03
       594, 3.824946745E-01, 1.424999492E-01, 1.085103471E+03
       595, 2.924992968E-01, 2.324874502E-01, 1.092958950E+03
       596, 2.774996637E-01, 2.474900837E-01, 1.094307440E+03
       597, 2.625000002E-01, 2.624966675E-01, 1.096874363E+03
       598, 3.374898330E-01, 1.724983665E-01, 1.089167539E+03
       599, 3.524882828E-01, 1.574995334E-01, 1.087832361E+03
       600, 3.224937888E-01, 1.874944484E-01, 1.090489351E+03
       601, 3.674900989E-01, 1.424994935E-01, 1.086482707E+03
       602, 3.074967814E-01, 2.024876212E-01, 1.091804891E+03
       603, 2.924986522E-01, 2.174821713E-01, 1.093140476E+03
       604, 2.774996396E-01, 2.324838056E-01, 1.094605592E+03
       605, 2.624999518E-01, 2.474900114E-01, 1.096916184E+03
       606, 3.374822888E-01, 1.574983386E-01, 1.089217037E+03
       607, 3.224867211E-01, 1.724938477E-01, 1.090561741E+03
       608, 3.524826157E-01, 1.424997618E-01, 1.087865879E+03
       609, 3.074928981E-01, 1.874845451E-01, 1.091910877E+03
       610, 2.924968199E-01, 2.024761481E-01, 1.093297386E+03
       611, 2.774988595E-01, 2.174761551E-01, 1.094831148E+03
       612, 2.624997511E-01, 2.324829641E-01, 1.096971921E+03
       613, 3.224757004E-01, 1.574937103E-01, 1.090628247E+03
       614, 3.374713908E-01, 1.424980186E-01, 1.089262862E+03
       615, 3.074840043E-01, 1.724814811E-01, 1.092006315E+03
       616, 2.924926927E-01, 1.874690896E-01, 1.093432085E+03
       617, 2.774971842E-01, 2.024671895E-01, 1.095005492E+03
       618, 2.624991696E-01, 2.174746801E-01, 1.097028503E+03
       619, 2.774931673E-01, 1.874563299E-01, 1.095142803E+03
       620, 2.624976879E-01, 2.024643992E-01, 1.097080415E+03
       621, 2.624940131E-01, 1.874516301E-01, 1.097125921E+03
       622, 2.174690389E-01, 1.574857673E-01, 1.102660711E+03
       623, 2.024743503E-01, 1.574978383E-01, 1.104214206E+03
       624, 2.174894905E-01, 1.724896135E-01, 1.102755679E+03
       625, 1.874802662E-01, 1.575015436E-01, 1.105676085E+03
       626, 2.024917710E-01, 1.724987121E-01, 1.104296289E+03
       627, 2.324876721E-01, 1.724703707E-01, 1.101050725E+03
       628, 2.174968989E-01, 1.874925836E-01, 1.102869321E+03
       629, 1.724861935E-01, 1.575012344E-01, 1.107086003E+03
       630, 1.874940416E-01, 1.725013680E-01, 1.105740219E+03
       631, 2.024977392E-01, 1.874992865E-01, 1.104390261E+03
       632, 2.324961768E-01, 1.874780838E-01, 1.101158690E+03
       633, 2.174990361E-01, 2.024948441E-01, 1.103003334E+03
       634, 1.724961251E-01, 1.725009213E-01, 1.107133876E+03
       635, 1.574907898E-01, 1.575005431E-01, 1.108469670E+03
       636, 1.874984226E-01, 1.875010559E-01, 1.105811531E+03
       637, 2.024992767E-01, 2.024996665E-01, 1.104495711E+03
       638, 2.474952513E-01, 1.874598754E-01, 1.099175493E+03
       639, 2.324988283E-01, 2.024842061E-01, 1.101295208E+03
       640, 2.174997686E-01, 2.174965255E-01, 1.103159952E+03
       641, 1.574975473E-01, 1.725002883E-01, 1.108504564E+03
       642, 1.724989869E-01, 1.875006214E-01, 1.107186090E+03
       643, 1.424937629E-01, 1.575002893E-01, 1.109842747E+03
       644, 1.874994751E-01, 2.025008267E-01, 1.105889080E+03
       645, 2.024997996E-01, 2.174998901E-01, 1.104612266E+03
       646, 2.474984150E-01, 2.024708097E-01, 1.099220103E+03
       647, 2.324999383E-01, 2.174894145E-01, 1.101469206E+03
       648, 2.175000195E-01, 2.324976956E-01, 1.103341355E+03
       649, 1.574993540E-01, 1.875001613E-01, 1.108542123E+03
       650, 1.424983848E-01, 1.725000965E-01, 1.109867812E+03
       651, 1.724996688E-01, 2.025004594E-01, 1.107241738E+03
       652, 1.274961224E-01, 1.575002926E-01, 1.111214544E+03
       653, 1.874998346E-01, 2.175006300E-01, 1.105972042E+03
       654, 2.024999870E-01, 2.325000015E-01, 1.104739227E+03
       655, 2.474994543E-01, 2.174798796E-01, 1.099271683E+03
       656, 2.325000825E-01, 2.324933721E-01, 1.101694663E+03
       657, 2.175000648E-01, 2.474984889E-01, 1.103548616E+03
       658, 1.574998124E-01, 2.025001148E-01, 1.108581629E+03
       659, 1.424995923E-01, 1.875000549E-01, 1.109894551E+03
       660, 1.274989792E-01, 1.725000518E-01, 1.111232406E+03
       661, 1.724998942E-01, 2.175003371E-01, 1.107300105E+03
       662, 1.274909730E-01, 1.425001763E-01, 1.111197954E+03
       663, 1.124979852E-01, 1.575001661E-01, 1.112590574E+03
       664, 1.874999682E-01, 2.325004611E-01, 1.106059484E+03
       665, 2.025000228E-01, 2.475000483E-01, 1.104875124E+03
       666, 2.475000704E-01, 2.324870091E-01, 1.099328098E+03
       667, 2.325002344E-01, 2.474961556E-01, 1.101992760E+03
       668, 2.175000559E-01, 2.624990184E-01, 1.103779789E+03
       669, 1.424998902E-01, 2.025000279E-01, 1.109922437E+03
       670, 1.574999452E-01, 2.175000797E-01, 1.108622548E+03
       671, 1.274997716E-01, 1.875000247E-01, 1.111251319E+03
       672, 1.124993629E-01, 1.725000417E-01, 1.112603245E+03
       673, 1.724999745E-01, 2.325002378E-01, 1.107360456E+03
       674, 1.274845310E-01, 1.275002495E-01, 1.111182727E+03
       675, 1.124947006E-01, 1.425000971E-01, 1.112578784E+03
       676, 9.749895322E-02, 1.575000577E-01, 1.113973911E+03
       677, 1.874999979E-01, 2.475003291E-01, 1.106150182E+03
       678, 2.025000211E-01, 2.625000608E-01, 1.105017350E+03
       679, 2.475001490E-01, 2.474926023E-01, 1.099383797E+03
       680, 2.325001731E-01, 2.624983815E-01, 1.102396967E+03
       681, 2.175000385E-01, 2.774993683E-01, 1.104026546E+03
       682, 1.424999696E-01, 2.175000185E-01, 1.109951082E+03
       683, 1.274999288E-01, 2.025000081E-01, 1.111270931E+03
       684, 1.574999869E-01, 2.325000532E-01, 1.108664348E+03
       685, 1.124998753E-01, 1.875000114E-01, 1.112616554E+03
       686, 9.749959634E-02, 1.725000387E-01, 1.113982830E+03
       687, 1.724999940E-01, 2.475001652E-01, 1.107421948E+03
       688, 1.124898315E-01, 1.275001412E-01, 1.112567983E+03
       689, 9.749689696E-02, 1.425001591E-01, 1.113965598E+03
       690, 8.249936882E-02, 1.575000375E-01, 1.115365897E+03
       691, 1.875000020E-01, 2.625002285E-01, 1.106242543E+03
       692, 2.025000117E-01, 2.775000569E-01, 1.105162039E+03
       693, 2.475003025E-01, 2.624976459E-01, 1.099425575E+03
       694, 2.324999584E-01, 2.774994043E-01, 1.102960821E+03
       695, 2.175000241E-01, 2.924996043E-01, 1.104267406E+03
       696, 1.424999920E-01, 2.325000124E-01, 1.109980109E+03
       697, 1.274999806E-01, 2.175000045E-01, 1.111290960E+03
       698, 1.124999556E-01, 2.025000063E-01, 1.112630301E+03
       699, 1.574999985E-01, 2.475000358E-01, 1.108706462E+03
       700, 9.749992368E-02, 1.875000145E-01, 1.113992147E+03
       701, 8.249974588E-02, 1.725000271E-01, 1.115372110E+03
       702, 1.724999982E-01, 2.625001125E-01, 1.107483605E+03
       703, 9.749385026E-02, 1.275002755E-01, 1.113957950E+03
       704, 8.249810430E-02, 1.425001086E-01, 1.115360087E+03
       705, 6.749962267E-02, 1.575000135E-01, 1.116766703E+03
       706, 1.875000012E-01, 2.775001503E-01, 1.106334678E+03
       707, 2.025000105E-01, 2.925000470E-01, 1.105304259E+03
       708, 2.324999721E-01, 2.924996143E-01, 1.103419010E+03
       709, 2.175000183E-01, 3.074997564E-01, 1.104490586E+03
       710, 1.274999949E-01, 2.325000026E-01, 1.111311147E+03
       711, 1.424999988E-01, 2.475000083E-01, 1.110009133E+03
       712, 1.124999888E-01, 2.175000039E-01, 1.112644285E+03
       713, 9.749997329E-02, 2.025000092E-01, 1.114001743E+03
       714, 1.575000008E-01, 2.625000235E-01, 1.108748264E+03
       715, 8.249995307E-02, 1.875000103E-01, 1.115378585E+03
       716, 6.749984239E-02, 1.725000115E-01, 1.116770975E+03
       717, 1.724999956E-01, 2.775000698E-01, 1.107544363E+03
       718, 8.249681682E-02, 1.275001521E-01, 1.115354672E+03
       719, 6.749885128E-02, 1.425000563E-01, 1.116762700E+03
       720, 5.249977536E-02, 1.575000066E-01, 1.118175691E+03
       721, 1.874999980E-01, 2.925000852E-01, 1.106424483E+03
       722, 2.025000028E-01, 3.075000349E-01, 1.105439433E+03
       723, 2.324999817E-01, 3.074997532E-01, 1.103793345E+03
       724, 2.175000119E-01, 3.224998478E-01, 1.104689789E+03
       725, 1.274999991E-01, 2.475000015E-01, 1.111331226E+03
       726, 1.124999968E-01, 2.325000018E-01, 1.112658325E+03
       727, 1.425000003E-01, 2.625000053E-01, 1.110037744E+03
       728, 9.749999420E-02, 2.175000047E-01, 1.114011479E+03
       729, 8.249998348E-02, 2.025000064E-01, 1.115385242E+03
       730, 1.574999998E-01, 2.775000154E-01, 1.108789104E+03
       731, 6.749997191E-02, 1.875000026E-01, 1.116775419E+03
       732, 5.249990315E-02, 1.725000067E-01, 1.118178555E+03
       733, 1.724999973E-01, 2.925000352E-01, 1.107603083E+03
       734, 6.749833180E-02, 1.274999973E-01, 1.116758939E+03
       735, 5.249930691E-02, 1.425000341E-01, 1.118173002E+03
       736, 3.749986812E-02, 1.575000037E-01, 1.119591614E+03
       737, 1.874999989E-01, 3.075000452E-01, 1.106509854E+03
       738, 2.025000017E-01, 3.225000237E-01, 1.105563759E+03
       739, 2.324999882E-01, 3.224998439E-01, 1.104099067E+03
       740, 2.175000079E-01, 3.374999056E-01, 1.104861922E+03
       741, 1.274999999E-01, 2.625000009E-01, 1.111350924E+03
       742, 1.124999995E-01, 2.475000010E-01, 1.112672242E+03
       743, 9.749999800E-02, 2.325000024E-01, 1.114021230E+03
       744, 1.425000000E-01, 2.775000035E-01, 1.110065523E+03
       745, 8.249999656E-02, 2.175000035E-01, 1.115391984E+03
       746, 6.749999044E-02, 2.025000017E-01, 1.116779983E+03
       747, 1.574999994E-01, 2.925000088E-01, 1.108828300E+03
       748, 5.249998323E-02, 1.875000011E-01, 1.118181532E+03
       749, 3.749994162E-02, 1.725000044E-01, 1.119593433E+03
       750, 1.724999992E-01, 3.075000170E-01, 1.107658629E+03
       751, 5.249900578E-02, 1.274999941E-01, 1.118170475E+03
       752, 3.749958849E-02, 1.425000219E-01, 1.119589905E+03
       753, 2.249993522E-02, 1.575000047E-01, 1.121012785E+03
       754, 1.874999992E-01, 3.225000277E-01, 1.106588806E+03
       755, 2.025000014E-01, 3.375000137E-01, 1.105674327E+03
       756, 2.324999924E-01, 3.374999023E-01, 1.104346852E+03
       757, 2.175000051E-01, 3.524999414E-01, 1.105005591E+03
       758, 1.124999999E-01, 2.625000004E-01, 1.112685847E+03
       759, 1.274999999E-01, 2.775000005E-01, 1.111369964E+03
       760, 9.749999973E-02, 2.475000012E-01, 1.114030871E+03
       761, 8.249999874E-02, 2.325000017E-01, 1.115398725E+03
       762, 1.424999998E-01, 2.925000020E-01, 1.110092042E+03
       763, 6.749999859E-02, 2.175000007E-01, 1.116784600E+03
       764, 5.249999420E-02, 2.025000007E-01, 1.118184587E+03
       765, 1.574999998E-01, 3.075000043E-01, 1.108865184E+03
       766, 3.749999010E-02, 1.875000006E-01, 1.119595322E+03
       767, 2.249996801E-02, 1.725000030E-01, 1.121013791E+03
       768, 1.724999995E-01, 3.225000101E-01, 1.107709893E+03
       769, 3.749946449E-02, 1.275000112E-01, 1.119588294E+03
       770, 2.249977980E-02, 1.425000133E-01, 1.121011840E+03
       771, 7.499983531E-03, 1.574999992E-01, 1.122437222E+03
       772, 1.874999991E-01, 3.375000142E-01, 1.106659596E+03
       773, 2.025000005E-01, 3.525000057E-01, 1.105768972E+03
       774, 2.324999952E-01, 3.524999394E-01, 1.104544349E+03
       775, 2.175000031E-01, 3.674999638E-01, 1.105120365E+03
       776, 1.124999999E-01, 2.775000003E-01, 1.112698958E+03
       777, 9.749999991E-02, 2.625000005E-01, 1.114040275E+03
       778, 1.275000000E-01, 2.925000004E-01, 1.111388070E+03
       779, 8.249999976E-02, 2.475000009E-01, 1.115405379E+03
       780, 6.749999938E-02, 2.325000005E-01, 1.116789212E+03
       781, 1.424999999E-01, 3.075000009E-01, 1.110116886E+03
       782, 5.249999916E-02, 2.175000002E-01, 1.118187675E+03
       783, 3.749999660E-02, 2.025000004E-01, 1.119597260E+03
       784, 1.574999998E-01, 3.225000024E-01, 1.108899096E+03
       785, 2.249999512E-02, 1.875000006E-01, 1.121014835E+03
       786, 7.499989702E-03, 1.725000031E-01, 1.122437544E+03
       787, 1.724999995E-01, 3.375000049E-01, 1.107755860E+03
       788, 2.249976570E-02, 1.274999919E-01, 1.121010944E+03
       789, 7.499931547E-03, 1.425000184E-01, 1.122436920E+03
       790, 1.874999995E-01, 3.525000050E-01, 1.106720738E+03
       791, 2.025000001E-01, 3.675000024E-01, 1.105846171E+03
       792, 2.324999970E-01, 3.674999628E-01, 1.104696954E+03
       793, 2.175000020E-01, 3.824999782E-01, 1.105206227E+03
       794, 1.125000000E-01, 2.925000001E-01, 1.112711390E+03
       795, 9.749999995E-02, 2.775000003E-01, 1.114049318E+03
       796, 8.249999992E-02, 2.625000004E-01, 1.115411860E+03
       797, 1.275000000E-01, 3.075000002E-01, 1.111404974E+03
       798, 6.749999994E-02, 2.475000003E-01, 1.116793759E+03
       799, 5.249999962E-02, 2.325000001E-01, 1.118190758E+03
       800, 1.425000000E-01, 3.225000004E-01, 1.110139648E+03
       801, 3.749999957E-02, 2.175000001E-01, 1.119599219E+03
       802, 2.249999818E-02, 2.025000003E-01, 1.121015907E+03
       803, 1.574999998E-01, 3.375000013E-01, 1.108929431E+03
       804, 7.499998769E-03, 1.875000001E-01, 1.122437877E+03
       805, 1.724999999E-01, 3.525000018E-01, 1.107795615E+03
       806, 7.499931291E-03, 1.274999819E-01, 1.122436633E+03
       807, 1.875000000E-01, 3.675000021E-01, 1.106771040E+03
       808, 2.025000000E-01, 3.825000014E-01, 1.105904868E+03
       809, 2.324999981E-01, 3.824999776E-01, 1.104808503E+03
       810, 2.175000014E-01, 3.974999878E-01, 1.105263357E+03
       811, 1.125000000E-01, 3.075000001E-01, 1.112722969E+03
       812, 9.749999998E-02, 2.925000001E-01, 1.114057876E+03
       813, 8.249999996E-02, 2.775000002E-01, 1.115418083E+03
       814, 6.749999995E-02, 2.625000001E-01, 1.116798184E+03
       815, 1.275000000E-01, 3.225000001E-01, 1.111420418E+03
       816, 5.249999998E-02, 2.475000001E-01, 1.118193796E+03
       817, 3.749999977E-02, 2.325000001E-01, 1.119601173E+03
       818, 1.425000000E-01, 3.375000002E-01, 1.110159954E+03
       819, 2.249999983E-02, 2.175000001E-01, 1.121016989E+03
       820, 7.499999399E-03, 2.025000002E-01, 1.122438220E+03
       821, 1.575000000E-01, 3.525000005E-01, 1.108955632E+03
       822, 1.725000000E-01, 3.675000010E-01, 1.107828391E+03
       823, 1.875000000E-01, 3.825000012E-01, 1.106809572E+03
       824, 2.025000000E-01, 3.975000007E-01, 1.105944381E+03
       825, 2.324999986E-01, 3.974999874E-01, 1.104881570E+03
       826, 2.175000015E-01, 4.124999959E-01, 1.105291925E+03
       827, 9.750000000E-02, 3.075000001E-01, 1.114065833E+03
       828, 1.125000000E-01, 3.225000000E-01, 1.112733526E+03
       829, 8.249999999E-02, 2.925000001E-01, 1.115423965E+03
       830, 6.749999998E-02, 2.775000001E-01, 1.116802429E+03
       831, 5.249999997E-02, 2.625000000E-01, 1.118196750E+03
       832, 1.275000000E-01, 3.375000001E-01, 1.111434164E+03
       833, 3.749999999E-02, 2.475000000E-01, 1.119603099E+03
       834, 2.249999987E-02, 2.325000000E-01, 1.121018069E+03
       835, 1.425000000E-01, 3.525000001E-01, 1.110177458E+03
       836, 7.499999950E-03, 2.175000000E-01, 1.122438566E+03
       837, 1.575000000E-01, 3.675000003E-01, 1.108977221E+03
       838, 1.725000000E-01, 3.825000006E-01, 1.107853557E+03
       839, 1.875000000E-01, 3.975000006E-01, 1.106835666E+03
       840, 2.025000000E-01, 4.125000002E-01, 1.105964295E+03
       841, 2.324999986E-01, 4.124999958E-01, 1.104917774E+03
       842, 9.750000000E-02, 3.225000000E-01, 1.114073079E+03
       843, 8.249999999E-02, 3.075000001E-01, 1.115429429E+03
       844, 1.125000000E-01, 3.375000000E-01, 1.112742907E+03
       845, 6.749999999E-02, 2.925000000E-01, 1.116806439E+03
       846, 5.249999999E-02, 2.775000000E-01, 1.118199583E+03
       847, 3.749999998E-02, 2.625000000E-01, 1.119604971E+03
       848, 1.275000000E-01, 3.525000000E-01, 1.111445995E+03
       849, 2.250000000E-02, 2.475000000E-01, 1.121019132E+03
       850, 7.499999955E-03, 2.325000000E-01, 1.122438911E+03
       851, 1.425000000E-01, 3.675000001E-01, 1.110191867E+03
       852, 1.575000000E-01, 3.825000002E-01, 1.108993802E+03
       853, 1.725000000E-01, 3.975000003E-01, 1.107870643E+03
       854, 1.875000000E-01, 4.125000002E-01, 1.106848885E+03
       855, 9.750000000E-02, 3.375000000E-01, 1.114079511E+03
       856, 8.250000000E-02, 3.225000000E-01, 1.115434400E+03
       857, 6.750000000E-02, 3.075000000E-01, 1.116810161E+03
       858, 1.125000000E-01, 3.525000000E-01, 1.112750973E+03
       859, 5.250000000E-02, 2.925000000E-01, 1.118202258E+03
       860, 3.749999999E-02, 2.775000000E-01, 1.119606765E+03
       861, 2.249999999E-02, 2.625000000E-01, 1.121020166E+03
       862, 1.275000000E-01, 3.675000000E-01, 1.111455724E+03
       863, 7.499999998E-03, 2.475000000E-01, 1.122439250E+03
       864, 1.425000000E-01, 3.825000000E-01, 1.110202930E+03
       865, 1.575000000E-01, 3.975000001E-01, 1.109005074E+03
       866, 1.725000000E-01, 4.125000001E-01, 1.107879332E+03
       867, 8.250000000E-02, 3.375000000E-01, 1.115438811E+03
       868, 9.750000000E-02, 3.525000000E-01, 1.114085039E+03
       869, 6.750000000E-02, 3.225000000E-01, 1.116813547E+03
       870, 5.250000000E-02, 3.075000000E-01, 1.118204741E+03
       871, 1.125000000E-01, 3.675000000E-01, 1.112757604E+03
       872, 3.750000000E-02, 2.925000000E-01, 1.119608459E+03
       873, 2.250000000E-02, 2.775000000E-01, 1.121021157E+03
       874, 7.499999997E-03, 2.625000000E-01, 1.122439581E+03
       875, 1.275000000E-01, 3.825000000E-01, 1.111463196E+03
       876, 1.425000000E-01, 3.975000000E-01, 1.110210460E+03
       877, 1.575000000E-01, 4.125000000E-01, 1.109010830E+03
       878, 6.750000000E-02, 3.375000000E-01, 1.116816551E+03
       879, 8.250000000E-02, 3.525000000E-01, 1.115442602E+03
       880, 9.750000000E-02, 3.675000000E-01, 1.114089584E+03
       881, 5.250000000E-02, 3.225000000E-01, 1.118206999E+03
       882, 3.750000000E-02, 3.075000000E-01, 1.119610032E+03
       883, 1.125000000E-01, 3.825000000E-01, 1.112762699E+03
       884, 2.250000000E-02, 2.925000000E-01, 1.121022093E+03
       885, 7.499999998E-03, 2.775000000E-01, 1.122439897E+03
       886, 1.275000000E-01, 3.975000000E-01, 1.111468290E+03
       887, 1.425000000E-01, 4.125000000E-01, 1.110214326E+03
       888, 6.750000000E-02, 3.525000000E-01, 1.116819134E+03
       889, 5.250000000E-02, 3.375000000E-01, 1.118209004E+03
       890, 8.250000000E-02, 3.675000000E-01, 1.115445721E+03
       891, 9.750000000E-02, 3.825000000E-01, 1.114093081E+03
       892, 3.750000000E-02, 3.225000000E-01, 1.119611462E+03
       893, 2.250000000E-02, 3.075000000E-01, 1.121022961E+03
       894, 1.125000000E-01, 3.975000000E-01, 1.112766182E+03
       895, 7.499999999E-03, 2.925000000E-01, 1.122440196E+03
       896, 1.275000000E-01, 4.125000000E-01, 1.111470925E+03
       897, 6.750000000E-02, 3.675000000E-01, 1.116821262E+03
       898, 5.250000000E-02, 3.525000000E-01, 1.118210728E+03
       899, 3.750000000E-02, 3.375000000E-01, 1.119612732E+03
       900, 8.250000000E-02, 3.825000000E-01, 1.115448126E+03
       901, 9.750000000E-02, 3.975000000E-01, 1.114095480E+03
       902, 2.250000000E-02, 3.225000000E-01, 1.121023751E+03
       903, 7.500000000E-03, 3.075000000E-01, 1.122440474E+03
       904, 1.125000000E-01, 4.125000000E-01, 1.112768001E+03
       905, 5.250000000E-02, 3.675000000E-01, 1.118212150E+03
       906, 6.750000000E-02, 3.825000000E-01, 1.116822906E+03
       907, 3.750000000E-02, 3.525000000E-01, 1.119613826E+03
       908, 2.250000000E-02, 3.375000000E-01, 1.121024453E+03
       909, 8.250000000E-02, 3.975000000E-01, 1.115449783E+03
       910, 9.750000000E-02, 4.125000000E-01, 1.114096748E+03
       911, 7.500000000E-03, 3.225000000E-01, 1.122440726E+03
       912, 3.750000000E-02, 3.675000000E-01, 1.119614729E+03
       913, 5.250000000E-02, 3.825000000E-01, 1.118213252E+03
       914, 6.750000000E-02, 3.975000000E-01, 1.116824044E+03
       915, 2.250000000E-02, 3.525000000E-01, 1.121025057E+03
       916, 7.500000000E-03, 3.375000000E-01, 1.122440951E+03
       917, 8.250000000E-02, 4.125000000E-01, 1.115450671E+03
       918, 3.750000000E-02, 3.825000000E-01, 1.119615430E+03
       919, 2.250000000E-02, 3.675000000E-01, 1.121025557E+03
       920, 5.250000000E-02, 3.975000000E-01, 1.118214019E+03
       921, 6.750000000E-02, 4.125000000E-01, 1.116824663E+03
       922, 7.500000000E-03, 3.525000000E-01, 1.122441144E+03
       923, 3.750000000E-02, 3.975000000E-01, 1.119615920E+03
       924, 2.250000000E-02, 3.825000000E-01, 1.121025946E+03
       925, 7.500000000E-03, 3.675000000E-01, 1.122441304E+03
       926, 5.250000000E-02, 4.125000000E-01, 1.118214441E+03
       927, 2.250000000E-02, 3.975000000E-01, 1.121026219E+03
       928, 3.750000000E-02, 4.125000000E-01, 1.119616194E+03
       929, 7.500000000E-03, 3.825000000E-01, 1.122441428E+03
       930, 7.500000000E-03, 3.975000000E-01, 1.122441516E+03
       931, 2.250000000E-02, 4.125000000E-01, 1.121026373E+03
       932, 7.500000000E-03, 4.125000000E-01, 1.122441565E+03
