cellnumber,    x-coordinate,    y-coordinate,     temperature
         1, 7.499955596E-03, 7.499985174E-03, 1.122410135E+03
         2, 2.249986720E-02, 7.499985246E-03, 1.120932034E+03
         3, 7.499923154E-03, 2.250000395E-02, 1.122410158E+03
         4, 2.249977006E-02, 2.250000381E-02, 1.120932107E+03
         5, 3.749976769E-02, 7.499981377E-03, 1.119458663E+03
         6, 7.499945085E-03, 3.750000333E-02, 1.122410211E+03
         7, 2.249983563E-02, 3.750000328E-02, 1.120932276E+03
         8, 3.749959090E-02, 2.250000258E-02, 1.119458803E+03
         9, 5.249963340E-02, 7.499973379E-03, 1.117992832E+03
        10, 7.499953010E-03, 5.249999930E-02, 1.122410301E+03
        11, 3.749961187E-02, 3.749997531E-02, 1.119459126E+03
        12, 2.249980262E-02, 5.249998035E-02, 1.120932566E+03
        13, 5.249933150E-02, 2.249999950E-02, 1.117993070E+03
        14, 6.749944054E-02, 7.499961317E-03, 1.116536819E+03
        15, 7.499906384E-03, 6.749998511E-02, 1.122410431E+03
        16, 5.249924452E-02, 3.749998416E-02, 1.117993606E+03
        17, 3.749949708E-02, 5.250001446E-02, 1.119459662E+03
        18, 2.249966234E-02, 6.750000382E-02, 1.120932973E+03
        19, 6.749893295E-02, 2.249999427E-02, 1.116537204E+03
        20, 8.249916225E-02, 7.499944646E-03, 1.115092133E+03
        21, 7.499900377E-03, 8.250001282E-02, 1.122410589E+03
        22, 5.249903729E-02, 5.249999129E-02, 1.117994464E+03
        23, 6.749871647E-02, 3.749997294E-02, 1.116538033E+03
        24, 3.749932809E-02, 6.749999386E-02, 1.119460395E+03
        25, 2.249963103E-02, 8.249998962E-02, 1.120933470E+03
        26, 8.249811426E-02, 2.249991600E-02, 1.115092758E+03
        27, 9.749876837E-02, 7.499918547E-03, 1.113659253E+03
        28, 7.499909761E-03, 9.749999039E-02, 1.122410776E+03
        29, 5.249883377E-02, 6.749998350E-02, 1.117995623E+03
        30, 6.749834675E-02, 5.249998690E-02, 1.116539337E+03
        31, 8.249728112E-02, 3.749990664E-02, 1.115094040E+03
        32, 3.749925778E-02, 8.250000280E-02, 1.119461301E+03
        33, 2.249965915E-02, 9.750001367E-02, 1.120934056E+03
        34, 9.749689965E-02, 2.249992995E-02, 1.113660223E+03
        35, 1.124982233E-01, 7.499880770E-03, 1.112237327E+03
        36, 7.499933227E-03, 1.125000177E-01, 1.122410989E+03
        37, 6.749800766E-02, 6.749997587E-02, 1.116541084E+03
        38, 5.249871348E-02, 8.249999685E-02, 1.117997059E+03
        39, 8.249640037E-02, 5.249995775E-02, 1.115095991E+03
        40, 9.749464125E-02, 3.749974941E-02, 1.113662192E+03
        41, 3.749930728E-02, 9.750000369E-02, 1.119462366E+03
        42, 2.249977068E-02, 1.125000083E-01, 1.120934722E+03
        43, 1.124950260E-01, 2.249976359E-02, 1.112238797E+03
        44, 1.274974942E-01, 7.499841780E-03, 1.110823850E+03
        45, 8.249620045E-02, 6.750011878E-02, 1.115098519E+03
        46, 6.749743968E-02, 8.249987561E-02, 1.116543277E+03
        47, 5.249879258E-02, 9.750000270E-02, 1.117998745E+03
        48, 9.749295079E-02, 5.250009199E-02, 1.113665050E+03
        49, 1.124910611E-01, 3.749987031E-02, 1.112241687E+03
        50, 3.749946500E-02, 1.124999916E-01, 1.119463578E+03
        51, 1.274924699E-01, 2.249977128E-02, 1.110826002E+03
        52, 1.424965448E-01, 7.499773009E-03, 1.109414336E+03
        53, 8.249539710E-02, 8.249994488E-02, 1.115101718E+03
        54, 9.749332976E-02, 6.750000844E-02, 1.113668625E+03
        55, 6.749756315E-02, 9.750012743E-02, 1.116545802E+03
        56, 5.249898224E-02, 1.125000120E-01, 1.118000667E+03
        57, 1.124879351E-01, 5.249966386E-02, 1.112245819E+03
        58, 1.274865248E-01, 3.749967472E-02, 1.110830102E+03
        59, 1.424893897E-01, 2.249961866E-02, 1.109417357E+03
        60, 1.574953937E-01, 7.499716511E-03, 1.108002042E+03
        61, 8.249558333E-02, 9.750007633E-02, 1.115105401E+03
        62, 9.749250690E-02, 8.249991484E-02, 1.113673188E+03
        63, 1.124876360E-01, 6.749987580E-02, 1.112250971E+03
        64, 6.749824947E-02, 1.125000211E-01, 1.116548641E+03
        65, 1.274813489E-01, 5.249977441E-02, 1.110835962E+03
        66, 1.424806989E-01, 3.749946052E-02, 1.109423052E+03
        67, 1.574854751E-01, 2.249948552E-02, 1.108006157E+03
        68, 1.724939737E-01, 7.499501138E-03, 1.106577939E+03
        69, 9.749201079E-02, 9.749984519E-02, 1.113678548E+03
        70, 8.249661677E-02, 1.124999130E-01, 1.115109538E+03
        71, 1.124861334E-01, 8.249986831E-02, 1.112257471E+03
        72, 1.274794326E-01, 6.749984795E-02, 1.110843304E+03
        73, 1.424730861E-01, 5.249956250E-02, 1.109431145E+03
        74, 1.574731319E-01, 3.749928730E-02, 1.108013857E+03
        75, 1.724808214E-01, 2.249897925E-02, 1.106583315E+03
        76, 1.874924709E-01, 7.498971058E-03, 1.105131154E+03
        77, 1.124856124E-01, 9.750028579E-02, 1.112265053E+03
        78, 9.749265312E-02, 1.125000767E-01, 1.113684568E+03
        79, 1.274769609E-01, 8.249984601E-02, 1.110852428E+03
        80, 1.424687064E-01, 6.749932075E-02, 1.109441390E+03
        81, 1.574622433E-01, 5.249937251E-02, 1.108024754E+03
        82, 1.724642180E-01, 3.749866287E-02, 1.106593320E+03
        83, 1.874758242E-01, 2.249741931E-02, 1.105137803E+03
        84, 2.024908657E-01, 7.497785422E-03, 1.103650483E+03
        85, 1.124871011E-01, 1.125000462E-01, 1.112273543E+03
        86, 1.274758805E-01, 9.749964769E-02, 1.110863075E+03
        87, 1.424650488E-01, 8.250010695E-02, 1.109453960E+03
        88, 1.574546187E-01, 6.749945684E-02, 1.108038649E+03
        89, 1.724491027E-01, 5.249858209E-02, 1.106607486E+03
        90, 1.874547548E-01, 3.749614649E-02, 1.105150097E+03
        91, 2.024717039E-01, 2.249419619E-02, 1.103658006E+03
        92, 2.174897755E-01, 7.496316737E-03, 1.102127273E+03
        93, 1.274790881E-01, 1.125005544E-01, 1.110874883E+03
        94, 1.424633139E-01, 9.749993175E-02, 1.109468662E+03
        95, 1.574493720E-01, 8.249972675E-02, 1.108055575E+03
        96, 1.724383088E-01, 6.749876902E-02, 1.106625558E+03
        97, 1.874350068E-01, 5.249541180E-02, 1.105167542E+03
        98, 2.024477671E-01, 3.749104757E-02, 1.103671820E+03
        99, 2.174686054E-01, 2.248953227E-02, 1.102134873E+03
       100, 2.324889637E-01, 7.494682677E-03, 1.100560037E+03
       101, 1.424678540E-01, 1.125003149E-01, 1.109484990E+03
       102, 1.574476843E-01, 9.749995432E-02, 1.108075363E+03
       103, 1.724306884E-01, 8.249914969E-02, 1.106647649E+03
       104, 1.874203939E-01, 6.749539571E-02, 1.105189870E+03
       105, 2.024239071E-01, 5.248843266E-02, 1.103691594E+03
       106, 2.174428680E-01, 3.748339975E-02, 1.102148582E+03
       107, 2.324674083E-01, 2.248431148E-02, 1.100566371E+03
       108, 2.474892422E-01, 7.493210868E-03, 1.098958481E+03
       109, 1.424768904E-01, 1.275002944E-01, 1.109502993E+03
       110, 1.574538650E-01, 1.125005244E-01, 1.108097524E+03
       111, 1.724269300E-01, 9.749946307E-02, 1.106673700E+03
       112, 1.874100996E-01, 8.249602396E-02, 1.105217283E+03
       113, 2.024057169E-01, 6.748740874E-02, 1.103717015E+03
       114, 2.174159309E-01, 5.247769726E-02, 1.102168302E+03
       115, 2.324421641E-01, 3.747373673E-02, 1.100577335E+03
       116, 2.474687797E-01, 2.247932767E-02, 1.098962194E+03
       117, 2.624905080E-01, 7.493239412E-03, 1.097343854E+03
       118, 1.424858256E-01, 1.425004067E-01, 1.109522942E+03
       119, 1.574653141E-01, 1.275001580E-01, 1.108122195E+03
       120, 1.724346177E-01, 1.125007029E-01, 1.106702978E+03
       121, 1.874032779E-01, 9.749699036E-02, 1.105250015E+03
       122, 2.023925146E-01, 8.248783595E-02, 1.103748465E+03
       123, 2.173940635E-01, 6.747430115E-02, 1.102193773E+03
       124, 2.324117737E-01, 5.246262526E-02, 1.100593344E+03
       125, 2.474456378E-01, 3.746546862E-02, 1.098967788E+03
       126, 2.624718437E-01, 2.247857775E-02, 1.097344359E+03
       127, 2.774926780E-01, 7.495459408E-03, 1.095742063E+03
       128, 1.574779493E-01, 1.425010107E-01, 1.108149604E+03
       129, 1.724493440E-01, 1.275008144E-01, 1.106735873E+03
       130, 1.874121930E-01, 1.124991289E-01, 1.105287039E+03
       131, 2.023819474E-01, 9.748884770E-02, 1.103786581E+03
       132, 2.173778400E-01, 8.247271811E-02, 1.102225457E+03
       133, 2.323849822E-01, 6.745445197E-02, 1.100613875E+03
       134, 2.474138610E-01, 5.245092885E-02, 1.098976028E+03
       135, 2.624516946E-01, 3.746268371E-02, 1.097343464E+03
       136, 2.774776818E-01, 2.248480481E-02, 1.095739604E+03
       137, 2.924945534E-01, 7.498190786E-03, 1.094174492E+03
       138, 1.724667949E-01, 1.425013993E-01, 1.106772699E+03
       139, 1.874315384E-01, 1.275001377E-01, 1.105329044E+03
       140, 2.023902458E-01, 1.124910166E-01, 1.103830218E+03
       141, 2.173632834E-01, 9.747182334E-02, 1.102264457E+03
       142, 2.323663316E-01, 8.244699358E-02, 1.100638989E+03
       143, 2.473839429E-01, 6.743643892E-02, 1.098985964E+03
       144, 2.624218657E-01, 5.244551100E-02, 1.097341978E+03
       145, 2.774617142E-01, 3.747324616E-02, 1.095733031E+03
       146, 2.924825409E-01, 2.249352450E-02, 1.094170311E+03
       147, 3.074963940E-01, 7.499586429E-03, 1.092650942E+03
       148, 1.874544845E-01, 1.425014031E-01, 1.105376802E+03
       149, 2.024136008E-01, 1.274938021E-01, 1.103880324E+03
       150, 2.173691661E-01, 1.124732361E-01, 1.102309696E+03
       151, 2.323507123E-01, 9.744369065E-02, 1.100670003E+03
       152, 2.473628899E-01, 8.242220019E-02, 1.098997048E+03
       153, 2.623934291E-01, 6.742892659E-02, 1.097338578E+03
       154, 2.774365827E-01, 5.246096224E-02, 1.095722981E+03
       155, 2.924699451E-01, 3.748876395E-02, 1.094160558E+03
       156, 3.074878955E-01, 2.249793842E-02, 1.092646183E+03
       157, 3.224978866E-01, 7.500086182E-03, 1.091169939E+03
       158, 2.024424568E-01, 1.424962136E-01, 1.103938435E+03
       159, 2.173955933E-01, 1.274765478E-01, 1.102362243E+03
       160, 2.323534133E-01, 1.124415938E-01, 1.100706244E+03
       161, 2.473453726E-01, 9.741176187E-02, 1.099010170E+03
       162, 2.623735695E-01, 8.241297400E-02, 1.097332263E+03
       163, 2.774112269E-01, 6.744725147E-02, 1.095708138E+03
       164, 2.924515577E-01, 5.248368969E-02, 1.094145528E+03
       165, 3.074783357E-01, 3.749588570E-02, 1.092635713E+03
       166, 3.224921519E-01, 2.249971126E-02, 1.091165467E+03
       167, 3.374989826E-01, 7.500139938E-03, 1.089722892E+03
       168, 2.174312863E-01, 1.424814728E-01, 1.102424597E+03
       169, 2.323792771E-01, 1.274453474E-01, 1.100748465E+03
       170, 2.473451805E-01, 1.124060687E-01, 1.099024159E+03
       171, 2.623542721E-01, 9.739959398E-02, 1.097323634E+03
       172, 2.773916304E-01, 8.243574999E-02, 1.095687308E+03
       173, 2.924306136E-01, 6.747705110E-02, 1.094124516E+03
       174, 3.074662783E-01, 5.249442984E-02, 1.092619516E+03
       175, 3.224854379E-01, 3.749957956E-02, 1.091155869E+03
       176, 3.374954699E-01, 2.250018213E-02, 1.089719105E+03
       177, 3.524996557E-01, 7.500077367E-03, 1.088298588E+03
       178, 2.324220851E-01, 1.424528185E-01, 1.100799040E+03
       179, 2.473680755E-01, 1.274065796E-01, 1.099038736E+03
       180, 2.623507332E-01, 1.123922198E-01, 1.097310610E+03
       181, 2.773717163E-01, 9.742506626E-02, 1.095660400E+03
       182, 2.924123780E-01, 8.247035856E-02, 1.094096454E+03
       183, 3.074509433E-01, 6.749128491E-02, 1.092597430E+03
       184, 3.224794097E-01, 5.249932272E-02, 1.091140914E+03
       185, 3.374915323E-01, 3.750011078E-02, 1.089711055E+03
       186, 3.524977079E-01, 2.250008122E-02, 1.088295593E+03
       187, 3.674999390E-01, 7.500019584E-03, 1.086886161E+03
       188, 2.474156838E-01, 1.424163139E-01, 1.099054141E+03
       189, 2.324654246E-01, 1.574614643E-01, 1.100862106E+03
       190, 2.623677543E-01, 1.273917056E-01, 1.097292063E+03
       191, 2.773640552E-01, 1.124183900E-01, 1.095625041E+03
       192, 2.923928067E-01, 9.746296767E-02, 1.094061070E+03
       193, 3.074350928E-01, 8.248865637E-02, 1.092568857E+03
       194, 3.224685207E-01, 6.749813584E-02, 1.091121036E+03
       195, 3.374896541E-01, 5.250011558E-02, 1.089698494E+03
       196, 3.524954127E-01, 3.750006521E-02, 1.088289269E+03
       197, 3.674989151E-01, 2.250013873E-02, 1.086883908E+03
       198, 3.824999976E-01, 7.500001079E-03, 1.085476554E+03
       199, 2.624124287E-01, 1.424022336E-01, 1.097266420E+03
       200, 2.474627037E-01, 1.574314033E-01, 1.099073854E+03
       201, 2.773768788E-01, 1.274165144E-01, 1.095578917E+03
       202, 2.923843553E-01, 1.124561139E-01, 1.094016195E+03
       203, 3.074185510E-01, 9.748578307E-02, 1.092533410E+03
       204, 3.224543945E-01, 8.249787182E-02, 1.091095945E+03
       205, 3.374821230E-01, 6.750017502E-02, 1.089682144E+03
       206, 3.524950535E-01, 5.250000660E-02, 1.088279423E+03
       207, 3.674976295E-01, 3.750006651E-02, 1.086879147E+03
       208, 3.824996486E-01, 2.250007016E-02, 1.085474907E+03
       209, 3.975000000E-01, 7.500000095E-03, 1.084063007E+03
       210, 2.774153140E-01, 1.424196523E-01, 1.095519599E+03
       211, 2.624600140E-01, 1.574192482E-01, 1.097235656E+03
       212, 2.474857628E-01, 1.724465204E-01, 1.099101561E+03
       213, 2.923943747E-01, 1.274517473E-01, 1.093959940E+03
       214, 3.074100552E-01, 1.124819173E-01, 1.092489751E+03
       215, 3.224436087E-01, 9.749774929E-02, 1.091064855E+03
       216, 3.374706830E-01, 8.249993039E-02, 1.089661825E+03
       217, 3.524913236E-01, 6.750061095E-02, 1.088266582E+03
       218, 3.674976258E-01, 5.249999850E-02, 1.086871764E+03
       219, 3.824992286E-01, 3.750002127E-02, 1.085471404E+03
       220, 3.974999230E-01, 2.250002086E-02, 1.084061846E+03
       221, 4.125000000E-01, 7.500000024E-03, 1.082641023E+03
       222, 2.924266770E-01, 1.424496544E-01, 1.093890565E+03
       223, 2.774601357E-01, 1.574304265E-01, 1.095446685E+03
       224, 2.624836764E-01, 1.724363794E-01, 1.097202336E+03
       225, 3.074163507E-01, 1.274798575E-01, 1.092436658E+03
       226, 3.224371482E-01, 1.124957188E-01, 1.091027528E+03
       227, 3.374656981E-01, 9.749988861E-02, 1.089636556E+03
       228, 3.524846189E-01, 8.250025637E-02, 1.088250755E+03
       229, 3.674963908E-01, 6.750023128E-02, 1.086862037E+03
       230, 3.824993461E-01, 5.249996511E-02, 1.085466017E+03
       231, 3.974998399E-01, 3.750000272E-02, 1.084059338E+03
       232, 4.124999922E-01, 2.250000257E-02, 1.082640231E+03
       233, 4.275000000E-01, 7.500000005E-03, 1.081208094E+03
       234, 3.074414393E-01, 1.424783458E-01, 1.092373185E+03
       235, 2.924631110E-01, 1.574537051E-01, 1.093808306E+03
       236, 2.774825813E-01, 1.724438229E-01, 1.095360281E+03
       237, 3.224396205E-01, 1.274949797E-01, 1.090983368E+03
       238, 3.374620749E-01, 1.124992010E-01, 1.089606850E+03
       239, 3.524829242E-01, 9.750009234E-02, 1.088231258E+03
       240, 3.674935372E-01, 8.250018686E-02, 1.086850066E+03
       241, 3.824989994E-01, 6.750011430E-02, 1.085458883E+03
       242, 3.974998756E-01, 5.249998724E-02, 1.084055496E+03
       243, 4.124999813E-01, 3.749999872E-02, 1.082638478E+03
       244, 4.274999998E-01, 2.250000004E-02, 1.081207570E+03
       245, 4.425000000E-01, 7.500000003E-03, 1.079763365E+03
       246, 3.074687683E-01, 1.574789168E-01, 1.092300356E+03
       247, 3.224567444E-01, 1.424934929E-01, 1.090931748E+03
       248, 2.924825760E-01, 1.724613825E-01, 1.093713475E+03
       249, 3.374617358E-01, 1.274988523E-01, 1.089572567E+03
       250, 3.524810067E-01, 1.125000917E-01, 1.088208678E+03
       251, 3.674932644E-01, 9.749991403E-02, 1.086835539E+03
       252, 3.824976517E-01, 8.249998143E-02, 1.085450114E+03
       253, 3.974998020E-01, 6.750002900E-02, 1.084050378E+03
       254, 4.124999796E-01, 5.249999988E-02, 1.082635781E+03
       255, 4.274999959E-01, 3.750000117E-02, 1.081206368E+03
       256, 4.424999999E-01, 2.250000002E-02, 1.079763029E+03
       257, 4.575000000E-01, 7.500000001E-03, 1.078307311E+03
       258, 3.524784160E-01, 1.274993847E-01, 1.088183166E+03
       259, 3.674924840E-01, 1.125002168E-01, 1.086818853E+03
       260, 3.824974485E-01, 9.749994743E-02, 1.085439582E+03
       261, 3.974991467E-01, 8.250011096E-02, 1.084044080E+03
       262, 4.124999587E-01, 6.750000284E-02, 1.082632172E+03
       263, 4.274999920E-01, 5.249999981E-02, 1.081204503E+03
       264, 4.424999996E-01, 3.750000005E-02, 1.079762222E+03
       265, 4.575000000E-01, 2.250000001E-02, 1.078307103E+03
       266, 4.725000000E-01, 7.500000001E-03, 1.076841440E+03
       267, 3.674893882E-01, 1.275000234E-01, 1.086800294E+03
       268, 3.824971594E-01, 1.125000833E-01, 1.085427500E+03
       269, 3.974988864E-01, 9.749994531E-02, 1.084036571E+03
       270, 4.124997750E-01, 8.250001602E-02, 1.082627704E+03
       271, 4.274999850E-01, 6.750000258E-02, 1.081201994E+03
       272, 4.424999987E-01, 5.250000010E-02, 1.079760954E+03
       273, 4.574999998E-01, 3.750000004E-02, 1.078306576E+03
       274, 4.725000000E-01, 2.250000000E-02, 1.076841318E+03
       275, 4.875000000E-01, 7.500000001E-03, 1.075368029E+03
       276, 3.824952810E-01, 1.275000683E-01, 1.085414114E+03
       277, 3.974987641E-01, 1.125000827E-01, 1.084027954E+03
       278, 4.124997015E-01, 9.749999177E-02, 1.082622399E+03
       279, 4.274998850E-01, 8.250000717E-02, 1.081198882E+03
       280, 4.424999986E-01, 6.750000006E-02, 1.079759241E+03
       281, 4.574999993E-01, 5.250000004E-02, 1.078305739E+03
       282, 4.725000000E-01, 3.750000001E-02, 1.076840992E+03
       283, 4.875000000E-01, 2.250000000E-02, 1.075367966E+03
       284, 5.025000000E-01, 7.500000001E-03, 1.073889886E+03
       285, 3.974974993E-01, 1.274999716E-01, 1.084018434E+03
       286, 4.124996708E-01, 1.125000129E-01, 1.082616323E+03
       287, 4.274998400E-01, 9.749999550E-02, 1.081195187E+03
       288, 4.424999435E-01, 8.250000562E-02, 1.079757109E+03
       289, 4.574999993E-01, 6.749999999E-02, 1.078304601E+03
       290, 4.724999997E-01, 5.250000003E-02, 1.076840468E+03
       291, 4.875000000E-01, 3.750000000E-02, 1.075367790E+03
       292, 5.025000000E-01, 2.250000000E-02, 1.073889867E+03
       293, 4.124987916E-01, 1.275000638E-01, 1.082609626E+03
       294, 4.274998264E-01, 1.125000069E-01, 1.081190955E+03
       295, 4.424999143E-01, 9.749999753E-02, 1.079754576E+03
       296, 4.574999697E-01, 8.250000304E-02, 1.078303180E+03
       297, 4.724999996E-01, 6.749999999E-02, 1.076839753E+03
       298, 4.874999998E-01, 5.250000002E-02, 1.075367503E+03
       299, 5.025000000E-01, 3.750000000E-02, 1.073889811E+03
       300, 4.274993093E-01, 1.275000387E-01, 1.081186285E+03
       301, 4.424999089E-01, 1.125000036E-01, 1.079751674E+03
       302, 4.574999542E-01, 9.749999868E-02, 1.078301489E+03
       303, 4.724999837E-01, 8.250000164E-02, 1.076838856E+03
       304, 4.874999998E-01, 6.750000000E-02, 1.075367111E+03
       305, 5.024999999E-01, 5.250000002E-02, 1.073889720E+03
       306, 4.574999525E-01, 1.125000019E-01, 1.078299549E+03
       307, 4.724999778E-01, 9.750000001E-02, 1.076837787E+03
       308, 4.874999937E-01, 8.250000168E-02, 1.075366618E+03
       309, 5.024999999E-01, 6.749999999E-02, 1.073889595E+03
       310, 4.724999777E-01, 1.125000002E-01, 1.076836560E+03
       311, 4.874999928E-01, 9.749999844E-02, 1.075366029E+03
       312, 5.024999994E-01, 8.250000021E-02, 1.073889438E+03
       313, 4.874999932E-01, 1.125000016E-01, 1.075365353E+03
       314, 5.024999991E-01, 9.749999990E-02, 1.073889250E+03
       315, 5.024999993E-01, 1.125000001E-01, 1.073889035E+03
       316, 5.025000000E-01, 4.125000000E-01, 1.073884179E+03
       317, 4.875000000E-01, 4.125000000E-01, 1.075350155E+03
       318, 5.025000000E-01, 3.975000000E-01, 1.073884232E+03
       319, 4.875000000E-01, 3.975000000E-01, 1.075350318E+03
       320, 4.725000000E-01, 4.125000000E-01, 1.076809043E+03
       321, 5.025000000E-01, 3.825000000E-01, 1.073884319E+03
       322, 4.875000000E-01, 3.825000000E-01, 1.075350589E+03
       323, 4.725000000E-01, 3.975000000E-01, 1.076809330E+03
       324, 4.575000000E-01, 4.125000000E-01, 1.078256123E+03
       325, 5.025000000E-01, 3.675000000E-01, 1.073884440E+03
       326, 4.725000000E-01, 3.825000000E-01, 1.076809816E+03
       327, 4.875000000E-01, 3.675000000E-01, 1.075350967E+03
       328, 4.575000000E-01, 3.975000000E-01, 1.078256561E+03
       329, 4.425000000E-01, 4.125000000E-01, 1.079686652E+03
       330, 5.025000000E-01, 3.525000000E-01, 1.073884593E+03
       331, 4.575000000E-01, 3.825000000E-01, 1.078257316E+03
       332, 4.725000000E-01, 3.675000000E-01, 1.076810494E+03
       333, 4.875000000E-01, 3.525000000E-01, 1.075351445E+03
       334, 4.425000000E-01, 3.975000000E-01, 1.079687284E+03
       335, 4.275000000E-01, 4.125000000E-01, 1.081095778E+03
       336, 5.025000000E-01, 3.375000000E-01, 1.073884777E+03
       337, 4.575000000E-01, 3.675000000E-01, 1.078258379E+03
       338, 4.425000000E-01, 3.825000000E-01, 1.079688397E+03
       339, 4.725000000E-01, 3.525000000E-01, 1.076811358E+03
       340, 4.875000000E-01, 3.375000000E-01, 1.075352020E+03
       341, 4.275000000E-01, 3.975000000E-01, 1.081096672E+03
       342, 4.125000000E-01, 4.125000000E-01, 1.082478373E+03
       343, 5.025000000E-01, 3.225000000E-01, 1.073884989E+03
       344, 4.575000000E-01, 3.525000000E-01, 1.078259737E+03
       345, 4.425000000E-01, 3.675000000E-01, 1.079689978E+03
       346, 4.275000000E-01, 3.825000000E-01, 1.081098282E+03
       347, 4.725000000E-01, 3.375000000E-01, 1.076812396E+03
       348, 4.875000000E-01, 3.225000000E-01, 1.075352683E+03
       349, 4.125000000E-01, 3.975000000E-01, 1.082479634E+03
       350, 3.975000000E-01, 4.125000000E-01, 1.083828726E+03
       351, 5.025000000E-01, 3.075000000E-01, 1.073885227E+03
       352, 4.425000000E-01, 3.525000000E-01, 1.079692005E+03
       353, 4.575000000E-01, 3.375000000E-01, 1.078261372E+03
       354, 4.275000000E-01, 3.675000000E-01, 1.081100586E+03
       355, 4.125000000E-01, 3.825000000E-01, 1.082481951E+03
       356, 4.725000000E-01, 3.225000000E-01, 1.076813596E+03
       357, 4.875000000E-01, 3.075000000E-01, 1.075353426E+03
       358, 3.975000000E-01, 3.975000000E-01, 1.083830515E+03
       359, 3.825000000E-01, 4.125000000E-01, 1.085140019E+03
       360, 5.025000000E-01, 2.925000000E-01, 1.073885487E+03
       361, 4.275000000E-01, 3.525000000E-01, 1.081103554E+03
       362, 4.425000000E-01, 3.375000000E-01, 1.079694453E+03
       363, 4.575000000E-01, 3.225000000E-01, 1.078263265E+03
       364, 4.125000000E-01, 3.675000000E-01, 1.082485293E+03
       365, 3.975000000E-01, 3.825000000E-01, 1.083833864E+03
       366, 4.725000000E-01, 3.075000000E-01, 1.076814942E+03
       367, 4.875000000E-01, 2.925000000E-01, 1.075354241E+03
       368, 3.825000000E-01, 3.975000000E-01, 1.085142586E+03
       369, 3.675000000E-01, 4.124999999E-01, 1.086403447E+03
       370, 5.025000000E-01, 2.775000000E-01, 1.073885766E+03
       371, 4.275000000E-01, 3.375000000E-01, 1.081107145E+03
       372, 4.125000000E-01, 3.525000000E-01, 1.082489614E+03
       373, 4.425000000E-01, 3.225000000E-01, 1.079697290E+03
       374, 4.574999999E-01, 3.075000000E-01, 1.078265390E+03
       375, 3.975000000E-01, 3.675000000E-01, 1.083838725E+03
       376, 3.825000000E-01, 3.825000000E-01, 1.085147469E+03
       377, 4.724999999E-01, 2.925000000E-01, 1.076816417E+03
       378, 4.874999999E-01, 2.775000000E-01, 1.075355116E+03
       379, 3.674999999E-01, 3.974999995E-01, 1.086407189E+03
       380, 3.524999998E-01, 4.124999990E-01, 1.087606782E+03
       381, 5.024999999E-01, 2.625000000E-01, 1.073886062E+03
       382, 4.275000000E-01, 3.225000000E-01, 1.081111312E+03
       383, 4.125000000E-01, 3.375000000E-01, 1.082494850E+03
       384, 3.975000000E-01, 3.525000000E-01, 1.083845025E+03
       385, 4.424999999E-01, 3.075000000E-01, 1.079700479E+03
       386, 4.574999999E-01, 2.925000000E-01, 1.078267721E+03
       387, 3.825000000E-01, 3.674999999E-01, 1.085154590E+03
       388, 3.674999999E-01, 3.824999991E-01, 1.086414393E+03
       389, 4.724999995E-01, 2.774999999E-01, 1.076818003E+03
       390, 4.874999996E-01, 2.625000000E-01, 1.075356041E+03
       391, 3.524999998E-01, 3.974999970E-01, 1.087612328E+03
       392, 3.375000000E-01, 4.124999984E-01, 1.088731997E+03
       393, 5.024999999E-01, 2.475000000E-01, 1.073886369E+03
       394, 4.125000000E-01, 3.225000000E-01, 1.082500931E+03
       395, 4.274999998E-01, 3.075000000E-01, 1.081115998E+03
       396, 3.975000000E-01, 3.375000000E-01, 1.083852670E+03
       397, 3.825000000E-01, 3.524999999E-01, 1.085163836E+03
       398, 4.424999998E-01, 2.925000000E-01, 1.079703977E+03
       399, 4.574999990E-01, 2.774999999E-01, 1.078270228E+03
       400, 3.674999999E-01, 3.674999985E-01, 1.086424935E+03
       401, 3.524999997E-01, 3.824999947E-01, 1.087623102E+03
       402, 4.724999989E-01, 2.625000000E-01, 1.076819680E+03
       403, 4.874999993E-01, 2.475000000E-01, 1.075357004E+03
       404, 3.374999995E-01, 3.974999938E-01, 1.088740346E+03
       405, 3.224999991E-01, 4.124999960E-01, 1.089751509E+03
       406, 5.024999986E-01, 2.324999996E-01, 1.073886685E+03
       407, 3.974999999E-01, 3.224999999E-01, 1.083861547E+03
       408, 4.124999996E-01, 3.075000000E-01, 1.082507768E+03
       409, 4.274999996E-01, 2.925000000E-01, 1.081121139E+03
       410, 3.824999999E-01, 3.374999998E-01, 1.085175060E+03
       411, 3.674999998E-01, 3.524999976E-01, 1.086438638E+03
       412, 4.424999983E-01, 2.774999999E-01, 1.079707740E+03
       413, 4.574999980E-01, 2.625000000E-01, 1.078272878E+03
       414, 3.524999996E-01, 3.674999915E-01, 1.087638910E+03
       415, 3.374999996E-01, 3.824999873E-01, 1.088756677E+03
       416, 4.724999977E-01, 2.474999997E-01, 1.076821425E+03
       417, 4.874999955E-01, 2.324999996E-01, 1.075357994E+03
       418, 3.224999997E-01, 3.974999865E-01, 1.089764192E+03
       419, 3.075000007E-01, 4.124999957E-01, 1.090622750E+03
       420, 5.024999985E-01, 2.175000004E-01, 1.073887005E+03
       421, 3.974999994E-01, 3.074999999E-01, 1.083871523E+03
       422, 3.824999999E-01, 3.224999996E-01, 1.085188084E+03
       423, 4.124999994E-01, 2.925000000E-01, 1.082515268E+03
       424, 4.274999970E-01, 2.774999997E-01, 1.081126667E+03
       425, 3.674999997E-01, 3.374999964E-01, 1.086455265E+03
       426, 3.524999994E-01, 3.524999868E-01, 1.087659465E+03
       427, 4.424999966E-01, 2.625000000E-01, 1.079711717E+03
       428, 4.574999952E-01, 2.474999997E-01, 1.078275638E+03
       429, 3.374999992E-01, 3.674999785E-01, 1.088780690E+03
       430, 3.224999992E-01, 3.824999740E-01, 1.089789147E+03
       431, 4.724999908E-01, 2.324999997E-01, 1.076823219E+03
       432, 4.874999954E-01, 2.175000004E-01, 1.075358996E+03
       433, 3.075000007E-01, 3.974999869E-01, 1.090641849E+03
       434, 2.924999953E-01, 4.124999837E-01, 1.091282515E+03
       435, 5.024999927E-01, 2.024999977E-01, 1.073887326E+03
       436, 3.824999991E-01, 3.074999993E-01, 1.085202704E+03
       437, 3.974999990E-01, 2.924999999E-01, 1.083882455E+03
       438, 3.674999996E-01, 3.224999945E-01, 1.086474535E+03
       439, 4.124999947E-01, 2.774999996E-01, 1.082523325E+03
       440, 4.274999941E-01, 2.625000000E-01, 1.081132509E+03
       441, 3.524999990E-01, 3.374999800E-01, 1.087684389E+03
       442, 3.374999986E-01, 3.524999643E-01, 1.088811939E+03
       443, 4.424999917E-01, 2.474999996E-01, 1.079715858E+03
       444, 4.574999835E-01, 2.324999992E-01, 1.078278473E+03
       445, 3.224999987E-01, 3.674999552E-01, 1.089825955E+03
       446, 3.075000009E-01, 3.824999757E-01, 1.090679664E+03
       447, 4.724999895E-01, 2.174999999E-01, 1.076825036E+03
       448, 4.874999782E-01, 2.024999977E-01, 1.075360001E+03
       449, 2.924999954E-01, 3.974999513E-01, 1.091309917E+03
       450, 2.775000051E-01, 4.124999848E-01, 1.091648680E+03
       451, 5.024999926E-01, 1.875000023E-01, 1.073887643E+03
       452, 3.824999984E-01, 2.924999988E-01, 1.085218694E+03
       453, 3.674999985E-01, 3.074999922E-01, 1.086496123E+03
       454, 3.974999923E-01, 2.774999994E-01, 1.083894183E+03
       455, 3.524999985E-01, 3.224999700E-01, 1.087713229E+03
       456, 4.124999901E-01, 2.625000000E-01, 1.082531831E+03
       457, 4.274999859E-01, 2.474999993E-01, 1.081138587E+03
       458, 3.374999939E-01, 3.374999308E-01, 1.088849820E+03
       459, 3.224999977E-01, 3.524999240E-01, 1.089873983E+03
       460, 4.424999719E-01, 2.324999987E-01, 1.079720110E+03
       461, 4.574999734E-01, 2.174999983E-01, 1.078281345E+03
       462, 3.074999980E-01, 3.674999472E-01, 1.090735799E+03
       463, 2.924999938E-01, 3.824999123E-01, 1.091364630E+03
       464, 4.724999589E-01, 2.024999975E-01, 1.076826858E+03
       465, 4.874999749E-01, 1.875000012E-01, 1.075360993E+03
       466, 2.775000050E-01, 3.974999546E-01, 1.091683413E+03
       467, 5.024999682E-01, 1.724999896E-01, 1.073887954E+03
       468, 3.824999894E-01, 2.774999978E-01, 1.085235811E+03
       469, 3.674999975E-01, 2.924999894E-01, 1.086519673E+03
       470, 3.524999961E-01, 3.074999545E-01, 1.087745456E+03
       471, 3.974999838E-01, 2.624999991E-01, 1.083906544E+03
       472, 3.374999943E-01, 3.224998798E-01, 1.088893605E+03
       473, 4.124999765E-01, 2.474999988E-01, 1.082540671E+03
       474, 4.274999527E-01, 2.324999979E-01, 1.081144824E+03
       475, 3.224999919E-01, 3.374998379E-01, 1.089932341E+03
       476, 3.074999995E-01, 3.524998981E-01, 1.090809612E+03
       477, 4.424999476E-01, 2.174999989E-01, 1.079724418E+03
       478, 4.574999231E-01, 2.024999976E-01, 1.078284224E+03
       479, 2.924999937E-01, 3.674998431E-01, 1.091446828E+03
       480, 2.775000069E-01, 3.824999189E-01, 1.091753432E+03
       481, 4.724999511E-01, 1.875000019E-01, 1.076828656E+03
       482, 4.874999024E-01, 1.724999907E-01, 1.075361968E+03
       483, 5.024999684E-01, 1.575000105E-01, 1.073888252E+03
       484, 3.824999755E-01, 2.624999970E-01, 1.085253804E+03
       485, 3.674999864E-01, 2.774999862E-01, 1.086544800E+03
       486, 3.524999949E-01, 2.924999348E-01, 1.087780494E+03
       487, 3.374999851E-01, 3.074997969E-01, 1.088942421E+03
       488, 3.974999576E-01, 2.474999970E-01, 1.083919364E+03
       489, 3.224999919E-01, 3.224997052E-01, 1.089999896E+03
       490, 4.124999216E-01, 2.324999966E-01, 1.082549730E+03
       491, 4.274999097E-01, 2.174999980E-01, 1.081151138E+03
       492, 3.074999936E-01, 3.374997615E-01, 1.090900091E+03
       493, 2.924999875E-01, 3.524997307E-01, 1.091556696E+03
       494, 4.424998665E-01, 2.024999947E-01, 1.079728733E+03
       495, 4.574999150E-01, 1.875000026E-01, 1.078287064E+03
       496, 2.775000108E-01, 3.674998656E-01, 1.091860282E+03
       497, 4.724998213E-01, 1.724999869E-01, 1.076830423E+03
       498, 4.874999054E-01, 1.575000102E-01, 1.075362899E+03
       499, 5.024999799E-01, 1.424999934E-01, 1.073888532E+03
       500, 3.824999311E-01, 2.474999942E-01, 1.085272409E+03
       501, 3.674999655E-01, 2.624999827E-01, 1.086571111E+03
       502, 3.524999808E-01, 2.774999125E-01, 1.087817716E+03
       503, 3.374999842E-01, 2.924996831E-01, 1.088995301E+03
       504, 3.224999785E-01, 3.074994829E-01, 1.090075228E+03
       505, 3.974998608E-01, 2.324999923E-01, 1.083932476E+03
       506, 3.074999932E-01, 3.224995429E-01, 1.091005791E+03
       507, 4.124998467E-01, 2.174999963E-01, 1.082558889E+03
       508, 4.274997811E-01, 2.024999921E-01, 1.081157456E+03
       509, 2.924999940E-01, 3.374995186E-01, 1.091694224E+03
       510, 2.775000173E-01, 3.524997813E-01, 1.092006485E+03
       511, 4.424998547E-01, 1.875000034E-01, 1.079732988E+03
       512, 4.574997036E-01, 1.724999812E-01, 1.078289855E+03
       513, 4.724998296E-01, 1.575000140E-01, 1.076832110E+03
       514, 4.874999399E-01, 1.424999937E-01, 1.075363779E+03
       515, 5.024999796E-01, 1.275000065E-01, 1.073888795E+03
       516, 3.824997770E-01, 2.324999888E-01, 1.085291377E+03
       517, 3.674999012E-01, 2.474999785E-01, 1.086598201E+03
       518, 3.524999522E-01, 2.624998886E-01, 1.087856487E+03
       519, 3.374999613E-01, 2.774995393E-01, 1.089051188E+03
       520, 3.224999778E-01, 2.924991717E-01, 1.090156675E+03
       521, 3.074999669E-01, 3.074991223E-01, 1.091124640E+03
       522, 3.974997081E-01, 2.174999871E-01, 1.083945702E+03
       523, 2.924999788E-01, 3.224991801E-01, 1.091859024E+03
       524, 4.124996454E-01, 2.024999886E-01, 1.082568040E+03
       525, 4.274997092E-01, 1.874999891E-01, 1.081163685E+03
       526, 2.775000273E-01, 3.374996476E-01, 1.092195697E+03
       527, 4.424995215E-01, 1.724999718E-01, 1.079737168E+03
       528, 4.574996995E-01, 1.575000139E-01, 1.078292521E+03
       529, 4.724998883E-01, 1.424999904E-01, 1.076833705E+03
       530, 4.874999347E-01, 1.275000048E-01, 1.075364603E+03
       531, 3.824994940E-01, 2.174999779E-01, 1.085310449E+03
       532, 3.674996861E-01, 2.324999705E-01, 1.086625687E+03
       533, 3.524998700E-01, 2.474998633E-01, 1.087896163E+03
       534, 3.374999275E-01, 2.624993639E-01, 1.089109003E+03
       535, 3.224999611E-01, 2.774987946E-01, 1.090242336E+03
       536, 3.074999658E-01, 2.924985009E-01, 1.091253862E+03
       537, 2.925000011E-01, 3.074985865E-01, 1.092049766E+03
       538, 3.974994069E-01, 2.024999925E-01, 1.083958883E+03
       539, 2.775000427E-01, 3.224994376E-01, 1.092433187E+03
       540, 4.124994708E-01, 1.874999949E-01, 1.082577053E+03
       541, 4.274991918E-01, 1.724999735E-01, 1.081169797E+03
       542, 4.424994272E-01, 1.575000029E-01, 1.079741167E+03
       543, 4.574997830E-01, 1.424999901E-01, 1.078295042E+03
       544, 4.724998745E-01, 1.275000084E-01, 1.076835201E+03
       545, 3.674992587E-01, 2.174999618E-01, 1.086653184E+03
       546, 3.824990396E-01, 2.024999796E-01, 1.085329383E+03
       547, 3.524996008E-01, 2.324998367E-01, 1.087936140E+03
       548, 3.374998319E-01, 2.474991762E-01, 1.089167661E+03
       549, 3.224999095E-01, 2.624983000E-01, 1.090330210E+03
       550, 3.074998816E-01, 2.774975830E-01, 1.091389817E+03
       551, 2.924999664E-01, 2.924976816E-01, 1.092263512E+03
       552, 2.775000657E-01, 3.074991119E-01, 1.092726260E+03
       553, 3.974990365E-01, 1.874999562E-01, 1.083971844E+03
       554, 4.124986783E-01, 1.724999497E-01, 1.082585879E+03
       555, 4.274988611E-01, 1.574999725E-01, 1.081175654E+03
       556, 4.424995314E-01, 1.425000001E-01, 1.079744941E+03
       557, 4.574997770E-01, 1.275000140E-01, 1.078297403E+03
       558, 3.674985625E-01, 2.024999441E-01, 1.086680338E+03
       559, 3.524990308E-01, 2.174998086E-01, 1.087975833E+03
       560, 3.824983851E-01, 1.874999643E-01, 1.085347940E+03
       561, 3.374995274E-01, 2.324989684E-01, 1.089226167E+03
       562, 3.224998022E-01, 2.474976902E-01, 1.090418280E+03
       563, 3.074998658E-01, 2.624963200E-01, 1.091528120E+03
       564, 2.924999958E-01, 2.774962669E-01, 1.092494221E+03
       565, 2.775000998E-01, 2.924986137E-01, 1.093085307E+03
       566, 3.974978423E-01, 1.724999628E-01, 1.083984499E+03
       567, 4.124980282E-01, 1.574999972E-01, 1.082594339E+03
       568, 4.274989705E-01, 1.425000263E-01, 1.081181164E+03
       569, 4.424996067E-01, 1.275000233E-01, 1.079748465E+03
       570, 3.674974556E-01, 1.874999041E-01, 1.086706818E+03
       571, 3.524979842E-01, 2.024997681E-01, 1.088014728E+03
       572, 3.374988417E-01, 2.174987574E-01, 1.089283604E+03
       573, 3.824966192E-01, 1.724999140E-01, 1.085365986E+03
       574, 3.224994790E-01, 2.324969541E-01, 1.090504767E+03
       575, 3.074997458E-01, 2.474948057E-01, 1.091664047E+03
       576, 2.924998968E-01, 2.624942400E-01, 1.092730606E+03
       577, 2.775001467E-01, 2.774978650E-01, 1.093524921E+03
       578, 3.974968793E-01, 1.574999845E-01, 1.083996599E+03
       579, 4.124980973E-01, 1.424999908E-01, 1.082602280E+03
       580, 3.524962397E-01, 1.874997683E-01, 1.088052356E+03
       581, 3.674948938E-01, 1.724998975E-01, 1.086732414E+03
       582, 3.374974301E-01, 2.024985571E-01, 1.089339216E+03
       583, 3.224987194E-01, 2.174961193E-01, 1.090588167E+03
       584, 3.824951363E-01, 1.574999557E-01, 1.085383184E+03
       585, 3.074994098E-01, 2.324928538E-01, 1.091793921E+03
       586, 2.924997729E-01, 2.474915630E-01, 1.092952015E+03
       587, 2.774996297E-01, 2.624950688E-01, 1.094066309E+03
       588, 3.974967987E-01, 1.424999777E-01, 1.084007947E+03
       589, 3.524925999E-01, 1.724996966E-01, 1.088088416E+03
       590, 3.374950067E-01, 1.874984579E-01, 1.089392353E+03
       591, 3.674925540E-01, 1.574998987E-01, 1.086756692E+03
       592, 3.224970449E-01, 2.024952493E-01, 1.090667374E+03
       593, 3.074986096E-01, 2.174904410E-01, 1.091915266E+03
       594, 3.824946745E-01, 1.424999492E-01, 1.085399281E+03
       595, 2.924992968E-01, 2.324874502E-01, 1.093150507E+03
       596, 2.774996637E-01, 2.474900837E-01, 1.094454139E+03
       597, 2.625000002E-01, 2.624966675E-01, 1.096923473E+03
       598, 3.374898330E-01, 1.724983665E-01, 1.089442651E+03
       599, 3.524882828E-01, 1.574995334E-01, 1.088122433E+03
       600, 3.224937888E-01, 1.874944484E-01, 1.090741601E+03
       601, 3.674900989E-01, 1.424994935E-01, 1.086779442E+03
       602, 3.074967814E-01, 2.024876212E-01, 1.092026763E+03
       603, 2.924986522E-01, 2.174821713E-01, 1.093324207E+03
       604, 2.774996396E-01, 2.324838056E-01, 1.094740086E+03
       605, 2.624999518E-01, 2.474900114E-01, 1.096963584E+03
       606, 3.374822888E-01, 1.574983386E-01, 1.089489656E+03
       607, 3.224867211E-01, 1.724938477E-01, 1.090810514E+03
       608, 3.524826157E-01, 1.424997618E-01, 1.088154176E+03
       609, 3.074928981E-01, 1.874845451E-01, 1.092127892E+03
       610, 2.924968199E-01, 2.024761481E-01, 1.093474287E+03
       611, 2.774988595E-01, 2.174761551E-01, 1.094956284E+03
       612, 2.624997511E-01, 2.324829641E-01, 1.097017018E+03
       613, 3.224757004E-01, 1.574937103E-01, 1.090873808E+03
       614, 3.374713908E-01, 1.424980186E-01, 1.089533167E+03
       615, 3.074840043E-01, 1.724814811E-01, 1.092218922E+03
       616, 2.924926927E-01, 1.874690896E-01, 1.093603054E+03
       617, 2.774971842E-01, 2.024671895E-01, 1.095123302E+03
       618, 2.624991696E-01, 2.174746801E-01, 1.097071236E+03
       619, 2.774931673E-01, 1.874563299E-01, 1.095254760E+03
       620, 2.624976879E-01, 2.024643992E-01, 1.097120958E+03
       621, 2.624940131E-01, 1.874516301E-01, 1.097164524E+03
       622, 2.174690389E-01, 1.574857673E-01, 1.102499146E+03
       623, 2.024743503E-01, 1.574978383E-01, 1.104005463E+03
       624, 2.174894905E-01, 1.724896135E-01, 1.102589804E+03
       625, 1.874802662E-01, 1.575015436E-01, 1.105430502E+03
       626, 2.024917710E-01, 1.724987121E-01, 1.104083679E+03
       627, 2.324876721E-01, 1.724703707E-01, 1.100943459E+03
       628, 2.174968989E-01, 1.874925836E-01, 1.102698382E+03
       629, 1.724861935E-01, 1.575012344E-01, 1.106813416E+03
       630, 1.874940416E-01, 1.725013680E-01, 1.105491482E+03
       631, 2.024977392E-01, 1.874992865E-01, 1.104173298E+03
       632, 2.324961768E-01, 1.874780838E-01, 1.101046747E+03
       633, 2.174990361E-01, 2.024948441E-01, 1.102826492E+03
       634, 1.724961251E-01, 1.725009213E-01, 1.106858828E+03
       635, 1.574907898E-01, 1.575005431E-01, 1.108179660E+03
       636, 1.874984226E-01, 1.875010559E-01, 1.105559349E+03
       637, 2.024992767E-01, 2.024996665E-01, 1.104273915E+03
       638, 2.474952513E-01, 1.874598754E-01, 1.099136918E+03
       639, 2.324988283E-01, 2.024842061E-01, 1.101177453E+03
       640, 2.174997686E-01, 2.174965255E-01, 1.102976296E+03
       641, 1.574975473E-01, 1.725002883E-01, 1.108212677E+03
       642, 1.724989869E-01, 1.875006214E-01, 1.106908406E+03
       643, 1.424937629E-01, 1.575002893E-01, 1.109544749E+03
       644, 1.874994751E-01, 2.025008267E-01, 1.105633187E+03
       645, 2.024997996E-01, 2.174998901E-01, 1.104385180E+03
       646, 2.474984150E-01, 2.024708097E-01, 1.099179621E+03
       647, 2.324999383E-01, 2.174894145E-01, 1.101344137E+03
       648, 2.175000195E-01, 2.324976956E-01, 1.103149880E+03
       649, 1.574993540E-01, 1.875001613E-01, 1.108248254E+03
       650, 1.424983848E-01, 1.725000965E-01, 1.109568399E+03
       651, 1.724996688E-01, 2.025004594E-01, 1.106961271E+03
       652, 1.274961224E-01, 1.575002926E-01, 1.110917811E+03
       653, 1.874998346E-01, 2.175006300E-01, 1.105712214E+03
       654, 2.024999870E-01, 2.325000015E-01, 1.104506423E+03
       655, 2.474994543E-01, 2.174798796E-01, 1.099229026E+03
       656, 2.325000825E-01, 2.324933721E-01, 1.101560250E+03
       657, 2.175000648E-01, 2.474984889E-01, 1.103348297E+03
       658, 1.574998124E-01, 2.025001148E-01, 1.108285692E+03
       659, 1.424995923E-01, 1.875000549E-01, 1.109593661E+03
       660, 1.274989792E-01, 1.725000518E-01, 1.110934617E+03
       661, 1.724998942E-01, 2.175003371E-01, 1.107016743E+03
       662, 1.274909730E-01, 1.425001763E-01, 1.110902225E+03
       663, 1.124979852E-01, 1.575001661E-01, 1.112304065E+03
       664, 1.874999682E-01, 2.325004611E-01, 1.105795535E+03
       665, 2.025000228E-01, 2.475000483E-01, 1.104636248E+03
       666, 2.475000704E-01, 2.324870091E-01, 1.099283083E+03
       667, 2.325002344E-01, 2.474961556E-01, 1.101846136E+03
       668, 2.175000559E-01, 2.624990184E-01, 1.103569671E+03
       669, 1.424998902E-01, 2.025000279E-01, 1.109620021E+03
       670, 1.574999452E-01, 2.175000797E-01, 1.108324488E+03
       671, 1.274997716E-01, 1.875000247E-01, 1.110952437E+03
       672, 1.124993629E-01, 1.725000417E-01, 1.112315953E+03
       673, 1.724999745E-01, 2.325002378E-01, 1.107074117E+03
       674, 1.274845310E-01, 1.275002495E-01, 1.110887939E+03
       675, 1.124947006E-01, 1.425000971E-01, 1.112293023E+03
       676, 9.749895322E-02, 1.575000577E-01, 1.113706121E+03
       677, 1.874999979E-01, 2.475003291E-01, 1.105881989E+03
       678, 2.025000211E-01, 2.625000608E-01, 1.104772151E+03
       679, 2.475001490E-01, 2.474926023E-01, 1.099336480E+03
       680, 2.325001731E-01, 2.624983815E-01, 1.102233993E+03
       681, 2.175000385E-01, 2.774993683E-01, 1.103806027E+03
       682, 1.424999696E-01, 2.175000185E-01, 1.109647111E+03
       683, 1.274999288E-01, 2.025000081E-01, 1.110970926E+03
       684, 1.574999869E-01, 2.325000532E-01, 1.108364132E+03
       685, 1.124998753E-01, 1.875000114E-01, 1.112328456E+03
       686, 9.749959634E-02, 1.725000387E-01, 1.113714464E+03
       687, 1.724999940E-01, 2.475001652E-01, 1.107132597E+03
       688, 1.124898315E-01, 1.275001412E-01, 1.112282929E+03
       689, 9.749689696E-02, 1.425001591E-01, 1.113698361E+03
       690, 8.249936882E-02, 1.575000375E-01, 1.115124675E+03
       691, 1.875000020E-01, 2.625002285E-01, 1.105970047E+03
       692, 2.025000117E-01, 2.775000569E-01, 1.104910440E+03
       693, 2.475003025E-01, 2.624976459E-01, 1.099376546E+03
       694, 2.324999584E-01, 2.774994043E-01, 1.102775260E+03
       695, 2.175000241E-01, 2.924996043E-01, 1.104036715E+03
       696, 1.424999920E-01, 2.325000124E-01, 1.109674573E+03
       697, 1.274999806E-01, 2.175000045E-01, 1.110989819E+03
       698, 1.124999556E-01, 2.025000063E-01, 1.112341380E+03
       699, 1.574999985E-01, 2.475000358E-01, 1.108404088E+03
       700, 9.749992368E-02, 1.875000145E-01, 1.113723190E+03
       701, 8.249974588E-02, 1.725000271E-01, 1.115130469E+03
       702, 1.724999982E-01, 2.625001125E-01, 1.107191249E+03
       703, 9.749385026E-02, 1.275002755E-01, 1.113691240E+03
       704, 8.249810430E-02, 1.425001086E-01, 1.115119271E+03
       705, 6.749962267E-02, 1.575000135E-01, 1.116559066E+03
       706, 1.875000012E-01, 2.775001503E-01, 1.106057914E+03
       707, 2.025000105E-01, 2.925000470E-01, 1.105046379E+03
       708, 2.324999721E-01, 2.924996143E-01, 1.103214901E+03
       709, 2.175000183E-01, 3.074997564E-01, 1.104250450E+03
       710, 1.274999949E-01, 2.325000026E-01, 1.111008868E+03
       711, 1.424999988E-01, 2.475000083E-01, 1.109702043E+03
       712, 1.124999888E-01, 2.175000039E-01, 1.112354535E+03
       713, 9.749997329E-02, 2.025000092E-01, 1.113732186E+03
       714, 1.575000008E-01, 2.625000235E-01, 1.108443760E+03
       715, 8.249995307E-02, 1.875000103E-01, 1.115136514E+03
       716, 6.749984239E-02, 1.725000115E-01, 1.116563037E+03
       717, 1.724999956E-01, 2.775000698E-01, 1.107249062E+03
       718, 8.249681682E-02, 1.275001521E-01, 1.115114241E+03
       719, 6.749885128E-02, 1.425000563E-01, 1.116555355E+03
       720, 5.249977536E-02, 1.575000066E-01, 1.118007646E+03
       721, 1.874999980E-01, 2.925000852E-01, 1.106143572E+03
       722, 2.025000028E-01, 3.075000349E-01, 1.105175594E+03
       723, 2.324999817E-01, 3.074997532E-01, 1.103573910E+03
       724, 2.175000119E-01, 3.224998478E-01, 1.104441184E+03
       725, 1.274999991E-01, 2.475000015E-01, 1.111027825E+03
       726, 1.124999968E-01, 2.325000018E-01, 1.112367750E+03
       727, 1.425000003E-01, 2.625000053E-01, 1.109729131E+03
       728, 9.749999420E-02, 2.175000047E-01, 1.113741320E+03
       729, 8.249998348E-02, 2.025000064E-01, 1.115142736E+03
       730, 1.574999998E-01, 2.775000154E-01, 1.108482532E+03
       731, 6.749997191E-02, 1.875000026E-01, 1.116567173E+03
       732, 5.249990315E-02, 1.725000067E-01, 1.118010300E+03
       733, 1.724999973E-01, 2.925000352E-01, 1.107304948E+03
       734, 6.749833180E-02, 1.274999973E-01, 1.116551873E+03
       735, 5.249930691E-02, 1.425000341E-01, 1.118005162E+03
       736, 3.749986812E-02, 1.575000037E-01, 1.119468005E+03
       737, 1.874999989E-01, 3.075000452E-01, 1.106225016E+03
       738, 2.025000017E-01, 3.225000237E-01, 1.105294437E+03
       739, 2.324999882E-01, 3.224998439E-01, 1.103867012E+03
       740, 2.175000079E-01, 3.374999056E-01, 1.104605982E+03
       741, 1.274999999E-01, 2.625000009E-01, 1.111046429E+03
       742, 1.124999995E-01, 2.475000010E-01, 1.112380856E+03
       743, 9.749999800E-02, 2.325000024E-01, 1.113750473E+03
       744, 1.425000000E-01, 2.775000035E-01, 1.109755443E+03
       745, 8.249999656E-02, 2.175000035E-01, 1.115149044E+03
       746, 6.749999044E-02, 2.025000017E-01, 1.116571427E+03
       747, 1.574999994E-01, 2.925000088E-01, 1.108519754E+03
       748, 5.249998323E-02, 1.875000011E-01, 1.118013063E+03
       749, 3.749994162E-02, 1.725000044E-01, 1.119469686E+03
       750, 1.724999992E-01, 3.075000170E-01, 1.107357829E+03
       751, 5.249900578E-02, 1.274999941E-01, 1.118002830E+03
       752, 3.749958849E-02, 1.425000219E-01, 1.119466431E+03
       753, 2.249993522E-02, 1.575000047E-01, 1.120937169E+03
       754, 1.874999992E-01, 3.225000277E-01, 1.106300345E+03
       755, 2.025000014E-01, 3.375000137E-01, 1.105400134E+03
       756, 2.324999924E-01, 3.374999023E-01, 1.104104479E+03
       757, 2.175000051E-01, 3.524999414E-01, 1.104743507E+03
       758, 1.124999999E-01, 2.625000004E-01, 1.112393675E+03
       759, 1.274999999E-01, 2.775000005E-01, 1.111064423E+03
       760, 9.749999973E-02, 2.475000012E-01, 1.113759530E+03
       761, 8.249999874E-02, 2.325000017E-01, 1.115155356E+03
       762, 1.424999998E-01, 2.925000020E-01, 1.109780571E+03
       763, 6.749999859E-02, 2.175000007E-01, 1.116575735E+03
       764, 5.249999420E-02, 2.025000007E-01, 1.118015903E+03
       765, 1.574999998E-01, 3.075000043E-01, 1.108554793E+03
       766, 3.749999010E-02, 1.875000006E-01, 1.119471436E+03
       767, 2.249996801E-02, 1.725000030E-01, 1.120938097E+03
       768, 1.724999995E-01, 3.225000101E-01, 1.107406643E+03
       769, 3.749946449E-02, 1.275000112E-01, 1.119464948E+03
       770, 2.249977980E-02, 1.425000133E-01, 1.120936301E+03
       771, 7.499983531E-03, 1.574999992E-01, 1.122411771E+03
       772, 1.874999991E-01, 3.375000142E-01, 1.106367899E+03
       773, 2.025000005E-01, 3.525000057E-01, 1.105490610E+03
       774, 2.324999952E-01, 3.524999394E-01, 1.104293711E+03
       775, 2.175000031E-01, 3.674999638E-01, 1.104853372E+03
       776, 1.124999999E-01, 2.775000003E-01, 1.112406037E+03
       777, 9.749999991E-02, 2.625000005E-01, 1.113768370E+03
       778, 1.275000000E-01, 2.925000004E-01, 1.111081541E+03
       779, 8.249999976E-02, 2.475000009E-01, 1.115161592E+03
       780, 6.749999938E-02, 2.325000005E-01, 1.116580042E+03
       781, 1.424999999E-01, 3.075000009E-01, 1.109804123E+03
       782, 5.249999916E-02, 2.175000002E-01, 1.118018777E+03
       783, 3.749999660E-02, 2.025000004E-01, 1.119473233E+03
       784, 1.574999998E-01, 3.225000024E-01, 1.108587021E+03
       785, 2.249999512E-02, 1.875000006E-01, 1.120939062E+03
       786, 7.499989702E-03, 1.725000031E-01, 1.122412068E+03
       787, 1.724999995E-01, 3.375000049E-01, 1.107450428E+03
       788, 2.249976570E-02, 1.274999919E-01, 1.120935478E+03
       789, 7.499931547E-03, 1.425000184E-01, 1.122411494E+03
       790, 1.874999995E-01, 3.525000050E-01, 1.106426255E+03
       791, 2.025000001E-01, 3.675000024E-01, 1.105564420E+03
       792, 2.324999970E-01, 3.674999628E-01, 1.104439899E+03
       793, 2.175000020E-01, 3.824999782E-01, 1.104935566E+03
       794, 1.125000000E-01, 2.925000001E-01, 1.112417767E+03
       795, 9.749999995E-02, 2.775000003E-01, 1.113776878E+03
       796, 8.249999992E-02, 2.625000004E-01, 1.115167670E+03
       797, 1.275000000E-01, 3.075000002E-01, 1.111097534E+03
       798, 6.749999994E-02, 2.475000003E-01, 1.116584294E+03
       799, 5.249999962E-02, 2.325000001E-01, 1.118021650E+03
       800, 1.425000000E-01, 3.225000004E-01, 1.109825711E+03
       801, 3.749999957E-02, 2.175000001E-01, 1.119475052E+03
       802, 2.249999818E-02, 2.025000003E-01, 1.120940054E+03
       803, 1.574999998E-01, 3.375000013E-01, 1.108615862E+03
       804, 7.499998769E-03, 1.875000001E-01, 1.122412376E+03
       805, 1.724999999E-01, 3.525000018E-01, 1.107488309E+03
       806, 7.499931291E-03, 1.274999819E-01, 1.122411231E+03
       807, 1.875000000E-01, 3.675000021E-01, 1.106474282E+03
       808, 2.025000000E-01, 3.825000014E-01, 1.105620553E+03
       809, 2.324999981E-01, 3.824999776E-01, 1.104546756E+03
       810, 2.175000014E-01, 3.974999878E-01, 1.104990275E+03
       811, 1.125000000E-01, 3.075000001E-01, 1.112428701E+03
       812, 9.749999998E-02, 2.925000001E-01, 1.113784937E+03
       813, 8.249999996E-02, 2.775000002E-01, 1.115173513E+03
       814, 6.749999995E-02, 2.625000001E-01, 1.116588436E+03
       815, 1.275000000E-01, 3.225000001E-01, 1.111112154E+03
       816, 5.249999998E-02, 2.475000001E-01, 1.118024484E+03
       817, 3.749999977E-02, 2.325000001E-01, 1.119476871E+03
       818, 1.425000000E-01, 3.375000002E-01, 1.109844983E+03
       819, 2.249999983E-02, 2.175000001E-01, 1.120941058E+03
       820, 7.499999399E-03, 2.025000002E-01, 1.122412692E+03
       821, 1.575000000E-01, 3.525000005E-01, 1.108640786E+03
       822, 1.725000000E-01, 3.675000010E-01, 1.107519557E+03
       823, 1.875000000E-01, 3.825000012E-01, 1.106511088E+03
       824, 2.025000000E-01, 3.975000007E-01, 1.105658365E+03
       825, 2.324999986E-01, 3.974999874E-01, 1.104616759E+03
       826, 2.175000015E-01, 4.124999959E-01, 1.105017667E+03
       827, 9.750000000E-02, 3.075000001E-01, 1.113792438E+03
       828, 1.125000000E-01, 3.225000000E-01, 1.112438678E+03
       829, 8.249999999E-02, 2.925000001E-01, 1.115179042E+03
       830, 6.749999998E-02, 2.775000001E-01, 1.116592414E+03
       831, 5.249999997E-02, 2.625000000E-01, 1.118027245E+03
       832, 1.275000000E-01, 3.375000001E-01, 1.111125180E+03
       833, 3.749999999E-02, 2.475000000E-01, 1.119478664E+03
       834, 2.249999987E-02, 2.325000000E-01, 1.120942061E+03
       835, 1.425000000E-01, 3.525000001E-01, 1.109861610E+03
       836, 7.499999950E-03, 2.175000000E-01, 1.122413013E+03
       837, 1.575000000E-01, 3.675000003E-01, 1.108661341E+03
       838, 1.725000000E-01, 3.825000006E-01, 1.107543569E+03
       839, 1.875000000E-01, 3.975000006E-01, 1.106536040E+03
       840, 2.025000000E-01, 4.125000002E-01, 1.105677458E+03
       841, 2.324999986E-01, 4.124999958E-01, 1.104651477E+03
       842, 9.750000000E-02, 3.225000000E-01, 1.113799276E+03
       843, 8.249999999E-02, 3.075000001E-01, 1.115184185E+03
       844, 1.125000000E-01, 3.375000000E-01, 1.112447557E+03
       845, 6.749999999E-02, 2.925000000E-01, 1.116596178E+03
       846, 5.249999999E-02, 2.775000000E-01, 1.118029896E+03
       847, 3.749999998E-02, 2.625000000E-01, 1.119480410E+03
       848, 1.275000000E-01, 3.525000000E-01, 1.111136404E+03
       849, 2.250000000E-02, 2.475000000E-01, 1.120943050E+03
       850, 7.499999955E-03, 2.325000000E-01, 1.122413333E+03
       851, 1.425000000E-01, 3.675000001E-01, 1.109875314E+03
       852, 1.575000000E-01, 3.825000002E-01, 1.108677148E+03
       853, 1.725000000E-01, 3.975000003E-01, 1.107559899E+03
       854, 1.875000000E-01, 4.125000002E-01, 1.106548720E+03
       855, 9.750000000E-02, 3.375000000E-01, 1.113805358E+03
       856, 8.250000000E-02, 3.225000000E-01, 1.115188872E+03
       857, 6.750000000E-02, 3.075000000E-01, 1.116599677E+03
       858, 1.125000000E-01, 3.525000000E-01, 1.112455202E+03
       859, 5.250000000E-02, 2.925000000E-01, 1.118032403E+03
       860, 3.749999999E-02, 2.775000000E-01, 1.119482087E+03
       861, 2.249999999E-02, 2.625000000E-01, 1.120944014E+03
       862, 1.275000000E-01, 3.675000000E-01, 1.111145651E+03
       863, 7.499999998E-03, 2.475000000E-01, 1.122413649E+03
       864, 1.425000000E-01, 3.825000000E-01, 1.109885856E+03
       865, 1.575000000E-01, 3.975000001E-01, 1.108687922E+03
       866, 1.725000000E-01, 4.125000001E-01, 1.107568246E+03
       867, 8.250000000E-02, 3.375000000E-01, 1.115193040E+03
       868, 9.750000000E-02, 3.525000000E-01, 1.113810595E+03
       869, 6.750000000E-02, 3.225000000E-01, 1.116602866E+03
       870, 5.250000000E-02, 3.075000000E-01, 1.118034735E+03
       871, 1.125000000E-01, 3.675000000E-01, 1.112461503E+03
       872, 3.750000000E-02, 2.925000000E-01, 1.119483674E+03
       873, 2.250000000E-02, 2.775000000E-01, 1.120944939E+03
       874, 7.499999997E-03, 2.625000000E-01, 1.122413957E+03
       875, 1.275000000E-01, 3.825000000E-01, 1.111152772E+03
       876, 1.425000000E-01, 3.975000000E-01, 1.109893059E+03
       877, 1.575000000E-01, 4.125000000E-01, 1.108693466E+03
       878, 6.750000000E-02, 3.375000000E-01, 1.116605704E+03
       879, 8.250000000E-02, 3.525000000E-01, 1.115196632E+03
       880, 9.750000000E-02, 3.675000000E-01, 1.113814916E+03
       881, 5.250000000E-02, 3.225000000E-01, 1.118036861E+03
       882, 3.750000000E-02, 3.075000000E-01, 1.119485150E+03
       883, 1.125000000E-01, 3.825000000E-01, 1.112466364E+03
       884, 2.250000000E-02, 2.925000000E-01, 1.120945815E+03
       885, 7.499999998E-03, 2.775000000E-01, 1.122414252E+03
       886, 1.275000000E-01, 3.975000000E-01, 1.111157655E+03
       887, 1.425000000E-01, 4.125000000E-01, 1.109896800E+03
       888, 6.750000000E-02, 3.525000000E-01, 1.116608153E+03
       889, 5.250000000E-02, 3.375000000E-01, 1.118038754E+03
       890, 8.250000000E-02, 3.675000000E-01, 1.115199601E+03
       891, 9.750000000E-02, 3.825000000E-01, 1.113818259E+03
       892, 3.750000000E-02, 3.225000000E-01, 1.119486496E+03
       893, 2.250000000E-02, 3.075000000E-01, 1.120946630E+03
       894, 1.125000000E-01, 3.975000000E-01, 1.112469713E+03
       895, 7.499999999E-03, 2.925000000E-01, 1.122414532E+03
       896, 1.275000000E-01, 4.125000000E-01, 1.111160222E+03
       897, 6.750000000E-02, 3.675000000E-01, 1.116610181E+03
       898, 5.250000000E-02, 3.525000000E-01, 1.118040391E+03
       899, 3.750000000E-02, 3.375000000E-01, 1.119487696E+03
       900, 8.250000000E-02, 3.825000000E-01, 1.115201905E+03
       901, 9.750000000E-02, 3.975000000E-01, 1.113820576E+03
       902, 2.250000000E-02, 3.225000000E-01, 1.120947373E+03
       903, 7.500000000E-03, 3.075000000E-01, 1.122414792E+03
       904, 1.125000000E-01, 4.125000000E-01, 1.112471502E+03
       905, 5.250000000E-02, 3.675000000E-01, 1.118041749E+03
       906, 6.750000000E-02, 3.825000000E-01, 1.116611762E+03
       907, 3.750000000E-02, 3.525000000E-01, 1.119488735E+03
       908, 2.250000000E-02, 3.375000000E-01, 1.120948037E+03
       909, 8.250000000E-02, 3.975000000E-01, 1.115203515E+03
       910, 9.750000000E-02, 4.125000000E-01, 1.113821837E+03
       911, 7.500000000E-03, 3.225000000E-01, 1.122415030E+03
       912, 3.750000000E-02, 3.675000000E-01, 1.119489599E+03
       913, 5.250000000E-02, 3.825000000E-01, 1.118042812E+03
       914, 6.750000000E-02, 3.975000000E-01, 1.116612875E+03
       915, 2.250000000E-02, 3.525000000E-01, 1.120948611E+03
       916, 7.500000000E-03, 3.375000000E-01, 1.122415242E+03
       917, 8.250000000E-02, 4.125000000E-01, 1.115204409E+03
       918, 3.750000000E-02, 3.825000000E-01, 1.119490278E+03
       919, 2.250000000E-02, 3.675000000E-01, 1.120949090E+03
       920, 5.250000000E-02, 3.975000000E-01, 1.118043566E+03
       921, 6.750000000E-02, 4.125000000E-01, 1.116613507E+03
       922, 7.500000000E-03, 3.525000000E-01, 1.122415426E+03
       923, 3.750000000E-02, 3.975000000E-01, 1.119490763E+03
       924, 2.250000000E-02, 3.825000000E-01, 1.120949468E+03
       925, 7.500000000E-03, 3.675000000E-01, 1.122415579E+03
       926, 5.250000000E-02, 4.125000000E-01, 1.118044004E+03
       927, 2.250000000E-02, 3.975000000E-01, 1.120949739E+03
       928, 3.750000000E-02, 4.125000000E-01, 1.119491050E+03
       929, 7.500000000E-03, 3.825000000E-01, 1.122415700E+03
       930, 7.500000000E-03, 3.975000000E-01, 1.122415787E+03
       931, 2.250000000E-02, 4.125000000E-01, 1.120949902E+03
       932, 7.500000000E-03, 4.125000000E-01, 1.122415840E+03
