cellnumber,    x-coordinate,    y-coordinate,     temperature
         1, 7.499955596E-03, 7.499985174E-03, 1.122447829E+03
         2, 2.249986720E-02, 7.499985246E-03, 1.121044000E+03
         3, 7.499923154E-03, 2.250000395E-02, 1.122447865E+03
         4, 2.249977006E-02, 2.250000381E-02, 1.121044111E+03
         5, 3.749976769E-02, 7.499981377E-03, 1.119641606E+03
         6, 7.499945085E-03, 3.750000333E-02, 1.122447935E+03
         7, 2.249983563E-02, 3.750000328E-02, 1.121044330E+03
         8, 3.749959090E-02, 2.250000258E-02, 1.119641810E+03
         9, 5.249963340E-02, 7.499973379E-03, 1.118241351E+03
        10, 7.499953010E-03, 5.249999930E-02, 1.122448045E+03
        11, 3.749961187E-02, 3.749997531E-02, 1.119642218E+03
        12, 2.249980262E-02, 5.249998035E-02, 1.121044680E+03
        13, 5.249933150E-02, 2.249999950E-02, 1.118241680E+03
        14, 6.749944054E-02, 7.499961317E-03, 1.116843540E+03
        15, 7.499906384E-03, 6.749998511E-02, 1.122448197E+03
        16, 5.249924452E-02, 3.749998416E-02, 1.118242338E+03
        17, 3.749949708E-02, 5.250001446E-02, 1.119642857E+03
        18, 2.249966234E-02, 6.750000382E-02, 1.121045156E+03
        19, 6.749893295E-02, 2.249999427E-02, 1.116844045E+03
        20, 8.249916225E-02, 7.499944646E-03, 1.115447884E+03
        21, 7.499900377E-03, 8.250001282E-02, 1.122448381E+03
        22, 5.249903729E-02, 5.249999129E-02, 1.118243348E+03
        23, 6.749871647E-02, 3.749997294E-02, 1.116845038E+03
        24, 3.749932809E-02, 6.749999386E-02, 1.119643711E+03
        25, 2.249963103E-02, 8.249998962E-02, 1.121045733E+03
        26, 8.249811426E-02, 2.249991600E-02, 1.115448657E+03
        27, 9.749876837E-02, 7.499918547E-03, 1.114053279E+03
        28, 7.499909761E-03, 9.749999039E-02, 1.122448597E+03
        29, 5.249883377E-02, 6.749998350E-02, 1.118244686E+03
        30, 6.749834675E-02, 5.249998690E-02, 1.116846550E+03
        31, 8.249728112E-02, 3.749990664E-02, 1.115450153E+03
        32, 3.749925778E-02, 8.250000280E-02, 1.119644755E+03
        33, 2.249965915E-02, 9.750001367E-02, 1.121046408E+03
        34, 9.749689965E-02, 2.249992995E-02, 1.114054432E+03
        35, 1.124982233E-01, 7.499880770E-03, 1.112657536E+03
        36, 7.499933227E-03, 1.125000177E-01, 1.122448842E+03
        37, 6.749800766E-02, 6.749997587E-02, 1.116848545E+03
        38, 5.249871348E-02, 8.249999685E-02, 1.118246329E+03
        39, 8.249640037E-02, 5.249995775E-02, 1.115452378E+03
        40, 9.749464125E-02, 3.749974941E-02, 1.114056671E+03
        41, 3.749930728E-02, 9.750000369E-02, 1.119645974E+03
        42, 2.249977068E-02, 1.125000083E-01, 1.121047170E+03
        43, 1.124950260E-01, 2.249976359E-02, 1.112659228E+03
        44, 1.274974942E-01, 7.499841780E-03, 1.111257081E+03
        45, 8.249620045E-02, 6.750011878E-02, 1.115455242E+03
        46, 6.749743968E-02, 8.249987561E-02, 1.116851026E+03
        47, 5.249879258E-02, 9.750000270E-02, 1.118248246E+03
        48, 9.749295079E-02, 5.250009199E-02, 1.114059885E+03
        49, 1.124910611E-01, 3.749987031E-02, 1.112662459E+03
        50, 3.749946500E-02, 1.124999916E-01, 1.119647356E+03
        51, 1.274924699E-01, 2.249977128E-02, 1.111259502E+03
        52, 1.424965448E-01, 7.499773009E-03, 1.109846636E+03
        53, 8.249539710E-02, 8.249994488E-02, 1.115458831E+03
        54, 9.749332976E-02, 6.750000844E-02, 1.114063905E+03
        55, 6.749756315E-02, 9.750012743E-02, 1.116853877E+03
        56, 5.249898224E-02, 1.125000120E-01, 1.118250423E+03
        57, 1.124879351E-01, 5.249966386E-02, 1.112667052E+03
        58, 1.274865248E-01, 3.749967472E-02, 1.111264033E+03
        59, 1.424893897E-01, 2.249961866E-02, 1.109849984E+03
        60, 1.574953937E-01, 7.499716511E-03, 1.108418964E+03
        61, 8.249558333E-02, 9.750007633E-02, 1.115462959E+03
        62, 9.749250690E-02, 8.249991484E-02, 1.114068989E+03
        63, 1.124876360E-01, 6.749987580E-02, 1.112672782E+03
        64, 6.749824947E-02, 1.125000211E-01, 1.116857077E+03
        65, 1.274813489E-01, 5.249977441E-02, 1.111270484E+03
        66, 1.424806989E-01, 3.749946052E-02, 1.109856223E+03
        67, 1.574854751E-01, 2.249948552E-02, 1.108423475E+03
        68, 1.724939737E-01, 7.499501138E-03, 1.106964856E+03
        69, 9.749201079E-02, 9.749984519E-02, 1.114074943E+03
        70, 8.249661677E-02, 1.124999130E-01, 1.115467591E+03
        71, 1.124861334E-01, 8.249986831E-02, 1.112679969E+03
        72, 1.274794326E-01, 6.749984795E-02, 1.111278575E+03
        73, 1.424730861E-01, 5.249956250E-02, 1.109865070E+03
        74, 1.574731319E-01, 3.749928730E-02, 1.108431853E+03
        75, 1.724808214E-01, 2.249897925E-02, 1.106970706E+03
        76, 1.874924709E-01, 7.498971058E-03, 1.105473624E+03
        77, 1.124856124E-01, 9.750028579E-02, 1.112688340E+03
        78, 9.749265312E-02, 1.125000767E-01, 1.114081629E+03
        79, 1.274769609E-01, 8.249984601E-02, 1.111288595E+03
        80, 1.424687064E-01, 6.749932075E-02, 1.109876275E+03
        81, 1.574622433E-01, 5.249937251E-02, 1.108443701E+03
        82, 1.724642180E-01, 3.749866287E-02, 1.106981537E+03
        83, 1.874758242E-01, 2.249741931E-02, 1.105480821E+03
        84, 2.024908657E-01, 7.497785422E-03, 1.103934728E+03
        85, 1.124871011E-01, 1.125000462E-01, 1.112697718E+03
        86, 1.274758805E-01, 9.749964769E-02, 1.111300280E+03
        87, 1.424650488E-01, 8.250010695E-02, 1.109890005E+03
        88, 1.574546187E-01, 6.749945684E-02, 1.108458811E+03
        89, 1.724491027E-01, 5.249858209E-02, 1.106996872E+03
        90, 1.874547548E-01, 3.749614649E-02, 1.105494085E+03
        91, 2.024717039E-01, 2.249419619E-02, 1.103942843E+03
        92, 2.174897755E-01, 7.496316737E-03, 1.102340843E+03
        93, 1.274790881E-01, 1.125005544E-01, 1.111313262E+03
        94, 1.424633139E-01, 9.749993175E-02, 1.109906058E+03
        95, 1.574493720E-01, 8.249972675E-02, 1.108477216E+03
        96, 1.724383088E-01, 6.749876902E-02, 1.107016445E+03
        97, 1.874350068E-01, 5.249541180E-02, 1.105512907E+03
        98, 2.024477671E-01, 3.749104757E-02, 1.103957711E+03
        99, 2.174686054E-01, 2.248953227E-02, 1.102349016E+03
       100, 2.324889637E-01, 7.494682677E-03, 1.100692740E+03
       101, 1.424678540E-01, 1.125003149E-01, 1.109923918E+03
       102, 1.574476843E-01, 9.749995432E-02, 1.108498733E+03
       103, 1.724306884E-01, 8.249914969E-02, 1.107040370E+03
       104, 1.874203939E-01, 6.749539571E-02, 1.105537008E+03
       105, 2.024239071E-01, 5.248843266E-02, 1.103978994E+03
       106, 2.174428680E-01, 3.748339975E-02, 1.102363743E+03
       107, 2.324674083E-01, 2.248431148E-02, 1.100699533E+03
       108, 2.474892422E-01, 7.493210868E-03, 1.099003513E+03
       109, 1.424768904E-01, 1.275002944E-01, 1.109943619E+03
       110, 1.574538650E-01, 1.125005244E-01, 1.108522860E+03
       111, 1.724269300E-01, 9.749946307E-02, 1.107068582E+03
       112, 1.874100996E-01, 8.249602396E-02, 1.105566602E+03
       113, 2.024057169E-01, 6.748740874E-02, 1.104006363E+03
       114, 2.174159309E-01, 5.247769726E-02, 1.102384923E+03
       115, 2.324421641E-01, 3.747373673E-02, 1.100711288E+03
       116, 2.474687797E-01, 2.247932767E-02, 1.099007472E+03
       117, 2.624905080E-01, 7.493239412E-03, 1.097298810E+03
       118, 1.424858256E-01, 1.425004067E-01, 1.109965422E+03
       119, 1.574653141E-01, 1.275001580E-01, 1.108549725E+03
       120, 1.724346177E-01, 1.125007029E-01, 1.107100327E+03
       121, 1.874032779E-01, 9.749699036E-02, 1.105601927E+03
       122, 2.023925146E-01, 8.248783595E-02, 1.104040225E+03
       123, 2.173940635E-01, 6.747430115E-02, 1.102412288E+03
       124, 2.324117737E-01, 5.246262526E-02, 1.100728446E+03
       125, 2.474456378E-01, 3.746546862E-02, 1.099013446E+03
       126, 2.624718437E-01, 2.247857775E-02, 1.097299304E+03
       127, 2.774926780E-01, 7.495459408E-03, 1.095609333E+03
       128, 1.574779493E-01, 1.425010107E-01, 1.108579549E+03
       129, 1.724493440E-01, 1.275008144E-01, 1.107135995E+03
       130, 1.874121930E-01, 1.124991289E-01, 1.105641927E+03
       131, 2.023819474E-01, 9.748884770E-02, 1.104081246E+03
       132, 2.173778400E-01, 8.247271811E-02, 1.102446328E+03
       133, 2.323849822E-01, 6.745445197E-02, 1.100750458E+03
       134, 2.474138610E-01, 5.245092885E-02, 1.099022243E+03
       135, 2.624516946E-01, 3.746268371E-02, 1.097298295E+03
       136, 2.774776818E-01, 2.248480481E-02, 1.095606625E+03
       137, 2.924945534E-01, 7.498190786E-03, 1.093960876E+03
       138, 1.724667949E-01, 1.425013993E-01, 1.107175904E+03
       139, 1.874315384E-01, 1.275001377E-01, 1.105687308E+03
       140, 2.023902458E-01, 1.124910166E-01, 1.104128242E+03
       141, 2.173632834E-01, 9.747182334E-02, 1.102488207E+03
       142, 2.323663316E-01, 8.244699358E-02, 1.100777394E+03
       143, 2.473839429E-01, 6.743643892E-02, 1.099032858E+03
       144, 2.624218657E-01, 5.244551100E-02, 1.097296636E+03
       145, 2.774617142E-01, 3.747324616E-02, 1.095599499E+03
       146, 2.924825409E-01, 2.249352450E-02, 1.093956293E+03
       147, 3.074963940E-01, 7.499586429E-03, 1.092366632E+03
       148, 1.874544845E-01, 1.425014031E-01, 1.105738875E+03
       149, 2.024136008E-01, 1.274938021E-01, 1.104182205E+03
       150, 2.173691661E-01, 1.124732361E-01, 1.102536808E+03
       151, 2.323507123E-01, 9.744369065E-02, 1.100810644E+03
       152, 2.473628899E-01, 8.242220019E-02, 1.099044717E+03
       153, 2.623934291E-01, 6.742892659E-02, 1.097292928E+03
       154, 2.774365827E-01, 5.246096224E-02, 1.095588624E+03
       155, 2.924699451E-01, 3.748876395E-02, 1.093945719E+03
       156, 3.074878955E-01, 2.249793842E-02, 1.092361402E+03
       157, 3.224978866E-01, 7.500086182E-03, 1.090827387E+03
       158, 2.024424568E-01, 1.424962136E-01, 1.104244749E+03
       159, 2.173955933E-01, 1.274765478E-01, 1.102593256E+03
       160, 2.323534133E-01, 1.124415938E-01, 1.100849510E+03
       161, 2.473453726E-01, 9.741176187E-02, 1.099058761E+03
       162, 2.623735695E-01, 8.241297400E-02, 1.097286114E+03
       163, 2.774112269E-01, 6.744725147E-02, 1.095572611E+03
       164, 2.924515577E-01, 5.248368969E-02, 1.093929465E+03
       165, 3.074783357E-01, 3.749588570E-02, 1.092350024E+03
       166, 3.224921519E-01, 2.249971126E-02, 1.090822445E+03
       167, 3.374989826E-01, 7.500139938E-03, 1.089335881E+03
       168, 2.174312863E-01, 1.424814728E-01, 1.102660196E+03
       169, 2.323792771E-01, 1.274453474E-01, 1.100894788E+03
       170, 2.473451805E-01, 1.124060687E-01, 1.099073753E+03
       171, 2.623542721E-01, 9.739959398E-02, 1.097276827E+03
       172, 2.773916304E-01, 8.243574999E-02, 1.095550198E+03
       173, 2.924306136E-01, 6.747705110E-02, 1.093906785E+03
       174, 3.074662783E-01, 5.249442984E-02, 1.092332477E+03
       175, 3.224854379E-01, 3.749957956E-02, 1.090811973E+03
       176, 3.374954699E-01, 2.250018213E-02, 1.089331663E+03
       177, 3.524996557E-01, 7.500077367E-03, 1.087881565E+03
       178, 2.324220851E-01, 1.424528185E-01, 1.100949000E+03
       179, 2.473680755E-01, 1.274065796E-01, 1.099089398E+03
       180, 2.623507332E-01, 1.123922198E-01, 1.097262865E+03
       181, 2.773717163E-01, 9.742506626E-02, 1.095521285E+03
       182, 2.924123780E-01, 8.247035856E-02, 1.093876551E+03
       183, 3.074509433E-01, 6.749128491E-02, 1.092308590E+03
       184, 3.224794097E-01, 5.249932272E-02, 1.090795730E+03
       185, 3.374915323E-01, 3.750011078E-02, 1.089322837E+03
       186, 3.524977079E-01, 2.250008122E-02, 1.087878191E+03
       187, 3.674999390E-01, 7.500019584E-03, 1.086453756E+03
       188, 2.474156838E-01, 1.424163139E-01, 1.099105951E+03
       189, 2.324654246E-01, 1.574614643E-01, 1.101016520E+03
       190, 2.623677543E-01, 1.273917056E-01, 1.097243034E+03
       191, 2.773640552E-01, 1.124183900E-01, 1.095483358E+03
       192, 2.923928067E-01, 9.746296767E-02, 1.093838474E+03
       193, 3.074350928E-01, 8.248865637E-02, 1.092277734E+03
       194, 3.224685207E-01, 6.749813584E-02, 1.090774166E+03
       195, 3.374896541E-01, 5.250011558E-02, 1.089309150E+03
       196, 3.524954127E-01, 3.750006521E-02, 1.087871212E+03
       197, 3.674989151E-01, 2.250013873E-02, 1.086451180E+03
       198, 3.824999976E-01, 7.500001079E-03, 1.085043217E+03
       199, 2.624124287E-01, 1.424022336E-01, 1.097215666E+03
       200, 2.474627037E-01, 1.574314033E-01, 1.099127088E+03
       201, 2.773768788E-01, 1.274165144E-01, 1.095433973E+03
       202, 2.923843553E-01, 1.124561139E-01, 1.093790264E+03
       203, 3.074185510E-01, 9.748578307E-02, 1.092239501E+03
       204, 3.224543945E-01, 8.249787182E-02, 1.090746978E+03
       205, 3.374821230E-01, 6.750017502E-02, 1.089291344E+03
       206, 3.524950535E-01, 5.250000660E-02, 1.087860433E+03
       207, 3.674976295E-01, 3.750006651E-02, 1.086445881E+03
       208, 3.824996486E-01, 2.250007016E-02, 1.085041299E+03
       209, 3.975000000E-01, 7.500000095E-03, 1.083642693E+03
       210, 2.774153140E-01, 1.424196523E-01, 1.095370549E+03
       211, 2.624600140E-01, 1.574192482E-01, 1.097182845E+03
       212, 2.474857628E-01, 1.724465204E-01, 1.099156714E+03
       213, 2.923943747E-01, 1.274517473E-01, 1.093729928E+03
       214, 3.074100552E-01, 1.124819173E-01, 1.092192485E+03
       215, 3.224436087E-01, 9.749774929E-02, 1.090713351E+03
       216, 3.374706830E-01, 8.249993039E-02, 1.089269238E+03
       217, 3.524913236E-01, 6.750061095E-02, 1.087846393E+03
       218, 3.674976258E-01, 5.249999850E-02, 1.086437747E+03
       219, 3.824992286E-01, 3.750002127E-02, 1.085037362E+03
       220, 3.974999230E-01, 2.250002086E-02, 1.083641306E+03
       221, 4.125000000E-01, 7.500000024E-03, 1.082246898E+03
       222, 2.924266770E-01, 1.424496544E-01, 1.093655620E+03
       223, 2.774601357E-01, 1.574304265E-01, 1.095292652E+03
       224, 2.624836764E-01, 1.724363794E-01, 1.097147284E+03
       225, 3.074163507E-01, 1.274798575E-01, 1.092135410E+03
       226, 3.224371482E-01, 1.124957188E-01, 1.090673038E+03
       227, 3.374656981E-01, 9.749988861E-02, 1.089241826E+03
       228, 3.524846189E-01, 8.250025637E-02, 1.087829105E+03
       229, 3.674963908E-01, 6.750023128E-02, 1.086427063E+03
       230, 3.824993461E-01, 5.249996511E-02, 1.085031381E+03
       231, 3.974998399E-01, 3.750000272E-02, 1.083638452E+03
       232, 4.124999922E-01, 2.250000257E-02, 1.082245920E+03
       233, 4.275000000E-01, 7.500000005E-03, 1.080852253E+03
       234, 3.074414393E-01, 1.424783458E-01, 1.092067269E+03
       235, 2.924631110E-01, 1.574537051E-01, 1.093567579E+03
       236, 2.774825813E-01, 1.724438229E-01, 1.095200373E+03
       237, 3.224396205E-01, 1.274949797E-01, 1.090625424E+03
       238, 3.374620749E-01, 1.124992010E-01, 1.089209638E+03
       239, 3.524829242E-01, 9.750009234E-02, 1.087807882E+03
       240, 3.674935372E-01, 8.250018686E-02, 1.086413935E+03
       241, 3.824989994E-01, 6.750011430E-02, 1.085023498E+03
       242, 3.974998756E-01, 5.249998724E-02, 1.083634145E+03
       243, 4.124999813E-01, 3.749999872E-02, 1.082243892E+03
       244, 4.274999998E-01, 2.250000004E-02, 1.080851577E+03
       245, 4.425000000E-01, 7.500000003E-03, 1.079456565E+03
       246, 3.074687683E-01, 1.574789168E-01, 1.091989134E+03
       247, 3.224567444E-01, 1.424934929E-01, 1.090569858E+03
       248, 2.924825760E-01, 1.724613825E-01, 1.093466109E+03
       249, 3.374617358E-01, 1.274988523E-01, 1.089172539E+03
       250, 3.524810067E-01, 1.125000917E-01, 1.087783324E+03
       251, 3.674932644E-01, 9.749991403E-02, 1.086398056E+03
       252, 3.824976517E-01, 8.249998143E-02, 1.085013830E+03
       253, 3.974998020E-01, 6.750002900E-02, 1.083628448E+03
       254, 4.124999796E-01, 5.249999988E-02, 1.082240834E+03
       255, 4.274999959E-01, 3.750000117E-02, 1.080850160E+03
       256, 4.424999999E-01, 2.250000002E-02, 1.079456108E+03
       257, 4.575000000E-01, 7.500000001E-03, 1.078058727E+03
       258, 3.524784160E-01, 1.274993847E-01, 1.087755599E+03
       259, 3.674924840E-01, 1.125002168E-01, 1.086379833E+03
       260, 3.824974485E-01, 9.749994743E-02, 1.085002257E+03
       261, 3.974991467E-01, 8.250011096E-02, 1.083621460E+03
       262, 4.124999587E-01, 6.750000284E-02, 1.082236781E+03
       263, 4.274999920E-01, 5.249999981E-02, 1.080848017E+03
       264, 4.424999996E-01, 3.750000005E-02, 1.079455135E+03
       265, 4.575000000E-01, 2.250000001E-02, 1.078058426E+03
       266, 4.725000000E-01, 7.500000001E-03, 1.076658449E+03
       267, 3.674893882E-01, 1.275000234E-01, 1.086359568E+03
       268, 3.824971594E-01, 1.125000833E-01, 1.084989001E+03
       269, 3.974988864E-01, 9.749994531E-02, 1.083613159E+03
       270, 4.124997750E-01, 8.250001602E-02, 1.082231790E+03
       271, 4.274999850E-01, 6.750000258E-02, 1.080845172E+03
       272, 4.424999987E-01, 5.250000010E-02, 1.079453658E+03
       273, 4.574999998E-01, 3.750000004E-02, 1.078057777E+03
       274, 4.725000000E-01, 2.250000000E-02, 1.076658262E+03
       275, 4.875000000E-01, 7.500000001E-03, 1.075256033E+03
       276, 3.824952810E-01, 1.275000683E-01, 1.084974317E+03
       277, 3.974987641E-01, 1.125000827E-01, 1.083603653E+03
       278, 4.124997015E-01, 9.749999177E-02, 1.082225887E+03
       279, 4.274998850E-01, 8.250000717E-02, 1.080841666E+03
       280, 4.424999986E-01, 6.750000006E-02, 1.079451694E+03
       281, 4.574999993E-01, 5.250000004E-02, 1.078056787E+03
       282, 4.725000000E-01, 3.750000001E-02, 1.076657852E+03
       283, 4.875000000E-01, 2.250000000E-02, 1.075255932E+03
       284, 5.025000000E-01, 7.500000001E-03, 1.073852182E+03
       285, 3.974974993E-01, 1.274999716E-01, 1.083593157E+03
       286, 4.124996708E-01, 1.125000129E-01, 1.082219145E+03
       287, 4.274998400E-01, 9.749999550E-02, 1.080837526E+03
       288, 4.424999435E-01, 8.250000562E-02, 1.079449272E+03
       289, 4.574999993E-01, 6.749999999E-02, 1.078055468E+03
       290, 4.724999997E-01, 5.250000003E-02, 1.076657224E+03
       291, 4.875000000E-01, 3.750000000E-02, 1.075255706E+03
       292, 5.025000000E-01, 2.250000000E-02, 1.073852149E+03
       293, 4.124987916E-01, 1.275000638E-01, 1.082211719E+03
       294, 4.274998264E-01, 1.125000069E-01, 1.080832800E+03
       295, 4.424999143E-01, 9.749999753E-02, 1.079446412E+03
       296, 4.574999697E-01, 8.250000304E-02, 1.078053839E+03
       297, 4.724999996E-01, 6.749999999E-02, 1.076656386E+03
       298, 4.874999998E-01, 5.250000002E-02, 1.075255359E+03
       299, 5.025000000E-01, 3.750000000E-02, 1.073852078E+03
       300, 4.274993093E-01, 1.275000387E-01, 1.080827591E+03
       301, 4.424999089E-01, 1.125000036E-01, 1.079443149E+03
       302, 4.574999542E-01, 9.749999868E-02, 1.078051916E+03
       303, 4.724999837E-01, 8.250000164E-02, 1.076655350E+03
       304, 4.874999998E-01, 6.750000000E-02, 1.075254896E+03
       305, 5.024999999E-01, 5.250000002E-02, 1.073851967E+03
       306, 4.574999525E-01, 1.125000019E-01, 1.078049722E+03
       307, 4.724999778E-01, 9.750000001E-02, 1.076654127E+03
       308, 4.874999937E-01, 8.250000168E-02, 1.075254323E+03
       309, 5.024999999E-01, 6.749999999E-02, 1.073851819E+03
       310, 4.724999777E-01, 1.125000002E-01, 1.076652731E+03
       311, 4.874999928E-01, 9.749999844E-02, 1.075253646E+03
       312, 5.024999994E-01, 8.250000021E-02, 1.073851636E+03
       313, 4.874999932E-01, 1.125000016E-01, 1.075252873E+03
       314, 5.024999991E-01, 9.749999990E-02, 1.073851419E+03
       315, 5.024999993E-01, 1.125000001E-01, 1.073851172E+03
       316, 5.025000000E-01, 4.125000000E-01, 1.073845800E+03
       317, 4.875000000E-01, 4.125000000E-01, 1.075236070E+03
       318, 5.025000000E-01, 3.975000000E-01, 1.073845848E+03
       319, 4.875000000E-01, 3.975000000E-01, 1.075236220E+03
       320, 4.725000000E-01, 4.125000000E-01, 1.076622344E+03
       321, 5.025000000E-01, 3.825000000E-01, 1.073845936E+03
       322, 4.875000000E-01, 3.825000000E-01, 1.075236494E+03
       323, 4.725000000E-01, 3.975000000E-01, 1.076622611E+03
       324, 4.575000000E-01, 4.125000000E-01, 1.078001850E+03
       325, 5.025000000E-01, 3.675000000E-01, 1.073846062E+03
       326, 4.725000000E-01, 3.825000000E-01, 1.076623104E+03
       327, 4.875000000E-01, 3.675000000E-01, 1.075236888E+03
       328, 4.575000000E-01, 3.975000000E-01, 1.078002266E+03
       329, 4.425000000E-01, 4.125000000E-01, 1.079371627E+03
       330, 5.025000000E-01, 3.525000000E-01, 1.073846225E+03
       331, 4.575000000E-01, 3.825000000E-01, 1.078003039E+03
       332, 4.725000000E-01, 3.675000000E-01, 1.076623816E+03
       333, 4.875000000E-01, 3.525000000E-01, 1.075237398E+03
       334, 4.425000000E-01, 3.975000000E-01, 1.079372239E+03
       335, 4.275000000E-01, 4.125000000E-01, 1.080728373E+03
       336, 5.025000000E-01, 3.375000000E-01, 1.073846423E+03
       337, 4.575000000E-01, 3.675000000E-01, 1.078004159E+03
       338, 4.425000000E-01, 3.825000000E-01, 1.079373390E+03
       339, 4.725000000E-01, 3.525000000E-01, 1.076624738E+03
       340, 4.875000000E-01, 3.375000000E-01, 1.075238017E+03
       341, 4.275000000E-01, 3.975000000E-01, 1.080729258E+03
       342, 4.125000000E-01, 4.125000000E-01, 1.082068220E+03
       343, 5.025000000E-01, 3.225000000E-01, 1.073846654E+03
       344, 4.575000000E-01, 3.525000000E-01, 1.078005613E+03
       345, 4.425000000E-01, 3.675000000E-01, 1.079375065E+03
       346, 4.275000000E-01, 3.825000000E-01, 1.080730939E+03
       347, 4.725000000E-01, 3.375000000E-01, 1.076625859E+03
       348, 4.875000000E-01, 3.225000000E-01, 1.075238738E+03
       349, 4.125000000E-01, 3.975000000E-01, 1.082069492E+03
       350, 3.975000000E-01, 4.125000000E-01, 1.083386358E+03
       351, 5.025000000E-01, 3.075000000E-01, 1.073846913E+03
       352, 4.425000000E-01, 3.525000000E-01, 1.079377242E+03
       353, 4.575000000E-01, 3.375000000E-01, 1.078007380E+03
       354, 4.275000000E-01, 3.675000000E-01, 1.080733392E+03
       355, 4.125000000E-01, 3.825000000E-01, 1.082071931E+03
       356, 4.725000000E-01, 3.225000000E-01, 1.076627163E+03
       357, 4.875000000E-01, 3.075000000E-01, 1.075239551E+03
       358, 3.975000000E-01, 3.975000000E-01, 1.083388192E+03
       359, 3.825000000E-01, 4.125000000E-01, 1.084676451E+03
       360, 5.025000000E-01, 2.925000000E-01, 1.073847199E+03
       361, 4.275000000E-01, 3.525000000E-01, 1.080736586E+03
       362, 4.425000000E-01, 3.375000000E-01, 1.079379891E+03
       363, 4.575000000E-01, 3.225000000E-01, 1.078009439E+03
       364, 4.125000000E-01, 3.675000000E-01, 1.082075504E+03
       365, 3.975000000E-01, 3.825000000E-01, 1.083391742E+03
       366, 4.725000000E-01, 3.075000000E-01, 1.076628635E+03
       367, 4.875000000E-01, 2.925000000E-01, 1.075240446E+03
       368, 3.825000000E-01, 3.975000000E-01, 1.084679120E+03
       369, 3.675000000E-01, 4.124999999E-01, 1.085929692E+03
       370, 5.025000000E-01, 2.775000000E-01, 1.073847508E+03
       371, 4.275000000E-01, 3.375000000E-01, 1.080740474E+03
       372, 4.125000000E-01, 3.525000000E-01, 1.082080160E+03
       373, 4.425000000E-01, 3.225000000E-01, 1.079382977E+03
       374, 4.574999999E-01, 3.075000000E-01, 1.078011762E+03
       375, 3.975000000E-01, 3.675000000E-01, 1.083396952E+03
       376, 3.825000000E-01, 3.825000000E-01, 1.084684319E+03
       377, 4.724999999E-01, 2.925000000E-01, 1.076630255E+03
       378, 4.874999999E-01, 2.775000000E-01, 1.075241411E+03
       379, 3.674999999E-01, 3.974999995E-01, 1.085933620E+03
       380, 3.524999998E-01, 4.124999990E-01, 1.087133260E+03
       381, 5.024999999E-01, 2.625000000E-01, 1.073847835E+03
       382, 4.275000000E-01, 3.225000000E-01, 1.080745005E+03
       383, 4.125000000E-01, 3.375000000E-01, 1.082085830E+03
       384, 3.975000000E-01, 3.525000000E-01, 1.083403745E+03
       385, 4.424999999E-01, 3.075000000E-01, 1.079386459E+03
       386, 4.574999999E-01, 2.925000000E-01, 1.078014319E+03
       387, 3.825000000E-01, 3.674999999E-01, 1.084691963E+03
       388, 3.674999999E-01, 3.824999991E-01, 1.085941311E+03
       389, 4.724999995E-01, 2.774999999E-01, 1.076632002E+03
       390, 4.874999996E-01, 2.625000000E-01, 1.075242434E+03
       391, 3.524999998E-01, 3.974999970E-01, 1.087139121E+03
       392, 3.375000000E-01, 4.124999984E-01, 1.088267832E+03
       393, 5.024999999E-01, 2.475000000E-01, 1.073848176E+03
       394, 4.125000000E-01, 3.225000000E-01, 1.082092435E+03
       395, 4.274999998E-01, 3.075000000E-01, 1.080750116E+03
       396, 3.975000000E-01, 3.375000000E-01, 1.083412017E+03
       397, 3.825000000E-01, 3.524999999E-01, 1.084701929E+03
       398, 4.424999998E-01, 2.925000000E-01, 1.079390291E+03
       399, 4.574999990E-01, 2.774999999E-01, 1.078017076E+03
       400, 3.674999999E-01, 3.674999985E-01, 1.085952631E+03
       401, 3.524999997E-01, 3.824999947E-01, 1.087150638E+03
       402, 4.724999989E-01, 2.625000000E-01, 1.076633854E+03
       403, 4.874999993E-01, 2.475000000E-01, 1.075243502E+03
       404, 3.374999995E-01, 3.974999938E-01, 1.088276691E+03
       405, 3.224999991E-01, 4.124999960E-01, 1.089303634E+03
       406, 5.024999986E-01, 2.324999996E-01, 1.073848528E+03
       407, 3.974999999E-01, 3.224999999E-01, 1.083421646E+03
       408, 4.124999996E-01, 3.075000000E-01, 1.082099880E+03
       409, 4.274999996E-01, 2.925000000E-01, 1.080755738E+03
       410, 3.824999999E-01, 3.374999998E-01, 1.084714059E+03
       411, 3.674999998E-01, 3.524999976E-01, 1.085967386E+03
       412, 4.424999983E-01, 2.774999999E-01, 1.079394422E+03
       413, 4.574999980E-01, 2.625000000E-01, 1.078019999E+03
       414, 3.524999996E-01, 3.674999915E-01, 1.087167600E+03
       415, 3.374999996E-01, 3.824999873E-01, 1.088294150E+03
       416, 4.724999977E-01, 2.474999997E-01, 1.076635788E+03
       417, 4.874999955E-01, 2.324999996E-01, 1.075244603E+03
       418, 3.224999997E-01, 3.974999865E-01, 1.089317120E+03
       419, 3.075000007E-01, 4.124999957E-01, 1.090194758E+03
       420, 5.024999985E-01, 2.175000004E-01, 1.073848885E+03
       421, 3.974999994E-01, 3.074999999E-01, 1.083432487E+03
       422, 3.824999999E-01, 3.224999996E-01, 1.084728159E+03
       423, 4.124999994E-01, 2.925000000E-01, 1.082108062E+03
       424, 4.274999970E-01, 2.774999997E-01, 1.080761793E+03
       425, 3.674999997E-01, 3.374999964E-01, 1.085985322E+03
       426, 3.524999994E-01, 3.524999868E-01, 1.087189698E+03
       427, 4.424999966E-01, 2.625000000E-01, 1.079398798E+03
       428, 4.574999952E-01, 2.474999997E-01, 1.078023049E+03
       429, 3.374999992E-01, 3.674999785E-01, 1.088319884E+03
       430, 3.224999992E-01, 3.824999740E-01, 1.089343777E+03
       431, 4.724999908E-01, 2.324999997E-01, 1.076637779E+03
       432, 4.874999954E-01, 2.175000004E-01, 1.075245720E+03
       433, 3.075000007E-01, 3.974999869E-01, 1.090215078E+03
       434, 2.924999953E-01, 4.124999837E-01, 1.090873295E+03
       435, 5.024999927E-01, 2.024999977E-01, 1.073849244E+03
       436, 3.824999991E-01, 3.074999993E-01, 1.084744007E+03
       437, 3.974999990E-01, 2.924999999E-01, 1.083444383E+03
       438, 3.674999996E-01, 3.224999945E-01, 1.086006136E+03
       439, 4.124999947E-01, 2.774999996E-01, 1.082116866E+03
       440, 4.274999941E-01, 2.625000000E-01, 1.080768203E+03
       441, 3.524999990E-01, 3.374999800E-01, 1.087216527E+03
       442, 3.374999986E-01, 3.524999643E-01, 1.088353412E+03
       443, 4.424999917E-01, 2.474999996E-01, 1.079403362E+03
       444, 4.574999835E-01, 2.324999992E-01, 1.078026188E+03
       445, 3.224999987E-01, 3.674999552E-01, 1.089383159E+03
       446, 3.075000009E-01, 3.824999757E-01, 1.090255430E+03
       447, 4.724999895E-01, 2.174999999E-01, 1.076639800E+03
       448, 4.874999782E-01, 2.024999977E-01, 1.075246843E+03
       449, 2.924999954E-01, 3.974999513E-01, 1.090902446E+03
       450, 2.775000051E-01, 4.124999848E-01, 1.091251344E+03
       451, 5.024999926E-01, 1.875000023E-01, 1.073849599E+03
       452, 3.824999984E-01, 2.924999988E-01, 1.084761359E+03
       453, 3.674999985E-01, 3.074999922E-01, 1.086029475E+03
       454, 3.974999923E-01, 2.774999994E-01, 1.083457161E+03
       455, 3.524999985E-01, 3.224999700E-01, 1.087247596E+03
       456, 4.124999901E-01, 2.625000000E-01, 1.082126172E+03
       457, 4.274999859E-01, 2.474999993E-01, 1.080774882E+03
       458, 3.374999939E-01, 3.374999308E-01, 1.088394090E+03
       459, 3.224999977E-01, 3.524999240E-01, 1.089434581E+03
       460, 4.424999719E-01, 2.324999987E-01, 1.079408056E+03
       461, 4.574999734E-01, 2.174999983E-01, 1.078029374E+03
       462, 3.074999980E-01, 3.674999472E-01, 1.090315389E+03
       463, 2.924999938E-01, 3.824999123E-01, 1.090960767E+03
       464, 4.724999589E-01, 2.024999975E-01, 1.076641831E+03
       465, 4.874999749E-01, 1.875000012E-01, 1.075247953E+03
       466, 2.775000050E-01, 3.974999546E-01, 1.091288286E+03
       467, 5.024999682E-01, 1.724999896E-01, 1.073849948E+03
       468, 3.824999894E-01, 2.774999978E-01, 1.084779951E+03
       469, 3.674999975E-01, 2.924999894E-01, 1.086054954E+03
       470, 3.524999961E-01, 3.074999545E-01, 1.087282338E+03
       471, 3.974999838E-01, 2.624999991E-01, 1.083470640E+03
       472, 3.374999943E-01, 3.224998798E-01, 1.088441131E+03
       473, 4.124999765E-01, 2.474999988E-01, 1.082135853E+03
       474, 4.274999527E-01, 2.324999979E-01, 1.080781744E+03
       475, 3.224999919E-01, 3.374998379E-01, 1.089497094E+03
       476, 3.074999995E-01, 3.524998981E-01, 1.090394257E+03
       477, 4.424999476E-01, 2.174999989E-01, 1.079412820E+03
       478, 4.574999231E-01, 2.024999976E-01, 1.078032573E+03
       479, 2.924999937E-01, 3.674998431E-01, 1.091048436E+03
       480, 2.775000069E-01, 3.824999189E-01, 1.091362867E+03
       481, 4.724999511E-01, 1.875000019E-01, 1.076643839E+03
       482, 4.874999024E-01, 1.724999907E-01, 1.075249046E+03
       483, 5.024999684E-01, 1.575000105E-01, 1.073850283E+03
       484, 3.824999755E-01, 2.624999970E-01, 1.084799507E+03
       485, 3.674999864E-01, 2.774999862E-01, 1.086082158E+03
       486, 3.524999949E-01, 2.924999348E-01, 1.087320129E+03
       487, 3.374999851E-01, 3.074997969E-01, 1.088493601E+03
       488, 3.974999576E-01, 2.474999970E-01, 1.083484634E+03
       489, 3.224999919E-01, 3.224997052E-01, 1.089569477E+03
       490, 4.124999216E-01, 2.324999966E-01, 1.082145786E+03
       491, 4.274999097E-01, 2.174999980E-01, 1.080788700E+03
       492, 3.074999936E-01, 3.374997615E-01, 1.090490954E+03
       493, 2.924999875E-01, 3.524997307E-01, 1.091165624E+03
       494, 4.424998665E-01, 2.024999947E-01, 1.079417597E+03
       495, 4.574999150E-01, 1.875000026E-01, 1.078035735E+03
       496, 2.775000108E-01, 3.674998656E-01, 1.091476718E+03
       497, 4.724998213E-01, 1.724999869E-01, 1.076645814E+03
       498, 4.874999054E-01, 1.575000102E-01, 1.075250093E+03
       499, 5.024999799E-01, 1.424999934E-01, 1.073850601E+03
       500, 3.824999311E-01, 2.474999942E-01, 1.084819745E+03
       501, 3.674999655E-01, 2.624999827E-01, 1.086110660E+03
       502, 3.524999808E-01, 2.774999125E-01, 1.087360297E+03
       503, 3.374999842E-01, 2.924996831E-01, 1.088550459E+03
       504, 3.224999785E-01, 3.074994829E-01, 1.089650214E+03
       505, 3.974998608E-01, 2.324999923E-01, 1.083498957E+03
       506, 3.074999932E-01, 3.224995429E-01, 1.090603920E+03
       507, 4.124998467E-01, 2.174999963E-01, 1.082155837E+03
       508, 4.274997811E-01, 2.024999921E-01, 1.080795668E+03
       509, 2.924999940E-01, 3.374995186E-01, 1.091312316E+03
       510, 2.775000173E-01, 3.524997813E-01, 1.091632486E+03
       511, 4.424998547E-01, 1.875000034E-01, 1.079422316E+03
       512, 4.574997036E-01, 1.724999812E-01, 1.078038844E+03
       513, 4.724998296E-01, 1.575000140E-01, 1.076647707E+03
       514, 4.874999399E-01, 1.424999937E-01, 1.075251087E+03
       515, 5.024999796E-01, 1.275000065E-01, 1.073850899E+03
       516, 3.824997770E-01, 2.324999888E-01, 1.084840389E+03
       517, 3.674999012E-01, 2.474999785E-01, 1.086140024E+03
       518, 3.524999522E-01, 2.624998886E-01, 1.087402155E+03
       519, 3.374999613E-01, 2.774995393E-01, 1.088610575E+03
       520, 3.224999778E-01, 2.924991717E-01, 1.089737521E+03
       521, 3.074999669E-01, 3.074991223E-01, 1.090730949E+03
       522, 3.974997081E-01, 2.174999871E-01, 1.083513417E+03
       523, 2.924999788E-01, 3.224991801E-01, 1.091488060E+03
       524, 4.124996454E-01, 2.024999886E-01, 1.082165889E+03
       525, 4.274997092E-01, 1.874999891E-01, 1.080802548E+03
       526, 2.775000273E-01, 3.374996476E-01, 1.091834037E+03
       527, 4.424995215E-01, 1.724999718E-01, 1.079426954E+03
       528, 4.574996995E-01, 1.575000139E-01, 1.078041824E+03
       529, 4.724998883E-01, 1.424999904E-01, 1.076649503E+03
       530, 4.874999347E-01, 1.275000048E-01, 1.075252021E+03
       531, 3.824994940E-01, 2.174999779E-01, 1.084861160E+03
       532, 3.674996861E-01, 2.324999705E-01, 1.086169831E+03
       533, 3.524998700E-01, 2.474998633E-01, 1.087445012E+03
       534, 3.374999275E-01, 2.624993639E-01, 1.088672785E+03
       535, 3.224999611E-01, 2.774987946E-01, 1.089829370E+03
       536, 3.074999658E-01, 2.924985009E-01, 1.090869062E+03
       537, 2.925000011E-01, 3.074985865E-01, 1.091691435E+03
       538, 3.974994069E-01, 2.024999925E-01, 1.083527837E+03
       539, 2.775000427E-01, 3.224994376E-01, 1.092086906E+03
       540, 4.124994708E-01, 1.874999949E-01, 1.082175800E+03
       541, 4.274991918E-01, 1.724999735E-01, 1.080809299E+03
       542, 4.424994272E-01, 1.575000029E-01, 1.079431402E+03
       543, 4.574997830E-01, 1.424999901E-01, 1.078044649E+03
       544, 4.724998745E-01, 1.275000084E-01, 1.076651190E+03
       545, 3.674992587E-01, 2.174999618E-01, 1.086199667E+03
       546, 3.824990396E-01, 2.024999796E-01, 1.084881793E+03
       547, 3.524996008E-01, 2.324998367E-01, 1.087488211E+03
       548, 3.374998319E-01, 2.474991762E-01, 1.088735929E+03
       549, 3.224999095E-01, 2.624983000E-01, 1.089923614E+03
       550, 3.074998816E-01, 2.774975830E-01, 1.091014388E+03
       551, 2.924999664E-01, 2.924976816E-01, 1.091919273E+03
       552, 2.775000657E-01, 3.074991119E-01, 1.092398822E+03
       553, 3.974990365E-01, 1.874999562E-01, 1.083542029E+03
       554, 4.124986783E-01, 1.724999497E-01, 1.082185508E+03
       555, 4.274988611E-01, 1.574999725E-01, 1.080815783E+03
       556, 4.424995314E-01, 1.425000001E-01, 1.079435611E+03
       557, 4.574997770E-01, 1.275000140E-01, 1.078047301E+03
       558, 3.674985625E-01, 2.024999441E-01, 1.086229144E+03
       559, 3.524990308E-01, 2.174998086E-01, 1.087531125E+03
       560, 3.824983851E-01, 1.874999643E-01, 1.084902028E+03
       561, 3.374995274E-01, 2.324989684E-01, 1.088798933E+03
       562, 3.224998022E-01, 2.474976902E-01, 1.090018105E+03
       563, 3.074998658E-01, 2.624963200E-01, 1.091162240E+03
       564, 2.924999958E-01, 2.774962669E-01, 1.092165154E+03
       565, 2.775000998E-01, 2.924986137E-01, 1.092780714E+03
       566, 3.974978423E-01, 1.724999628E-01, 1.083555888E+03
       567, 4.124980282E-01, 1.574999972E-01, 1.082194826E+03
       568, 4.274989705E-01, 1.425000263E-01, 1.080821897E+03
       569, 4.424996067E-01, 1.275000233E-01, 1.079439550E+03
       570, 3.674974556E-01, 1.874999041E-01, 1.086257905E+03
       571, 3.524979842E-01, 2.024997681E-01, 1.087573192E+03
       572, 3.374988417E-01, 2.174987574E-01, 1.088860815E+03
       573, 3.824966192E-01, 1.724999140E-01, 1.084921710E+03
       574, 3.224994790E-01, 2.324969541E-01, 1.090110927E+03
       575, 3.074997458E-01, 2.474948057E-01, 1.091307602E+03
       576, 2.924998968E-01, 2.624942400E-01, 1.092417059E+03
       577, 2.775001467E-01, 2.774978650E-01, 1.093248020E+03
       578, 3.974968793E-01, 1.574999845E-01, 1.083569155E+03
       579, 4.124980973E-01, 1.424999908E-01, 1.082203593E+03
       580, 3.524962397E-01, 1.874997683E-01, 1.087613911E+03
       581, 3.674948938E-01, 1.724998975E-01, 1.086285711E+03
       582, 3.374974301E-01, 2.024985571E-01, 1.088920754E+03
       583, 3.224987194E-01, 2.174961193E-01, 1.090200483E+03
       584, 3.824951363E-01, 1.574999557E-01, 1.084940485E+03
       585, 3.074994098E-01, 2.324928538E-01, 1.091446538E+03
       586, 2.924997729E-01, 2.474915630E-01, 1.092653088E+03
       587, 2.774996297E-01, 2.624950688E-01, 1.093823083E+03
       588, 3.974967987E-01, 1.424999777E-01, 1.083581620E+03
       589, 3.524925999E-01, 1.724996966E-01, 1.087652941E+03
       590, 3.374950067E-01, 1.874984579E-01, 1.088978055E+03
       591, 3.674925540E-01, 1.574998987E-01, 1.086312107E+03
       592, 3.224970449E-01, 2.024952493E-01, 1.090285573E+03
       593, 3.074986096E-01, 2.174904410E-01, 1.091576422E+03
       594, 3.824946745E-01, 1.424999492E-01, 1.084958082E+03
       595, 2.924992968E-01, 2.324874502E-01, 1.092864782E+03
       596, 2.774996637E-01, 2.474900837E-01, 1.094235322E+03
       597, 2.625000002E-01, 2.624966675E-01, 1.096850221E+03
       598, 3.374898330E-01, 1.724983665E-01, 1.089032309E+03
       599, 3.524882828E-01, 1.574995334E-01, 1.087689782E+03
       600, 3.224937888E-01, 1.874944484E-01, 1.090365355E+03
       601, 3.674900989E-01, 1.424994935E-01, 1.086336859E+03
       602, 3.074967814E-01, 2.024876212E-01, 1.091695825E+03
       603, 2.924986522E-01, 2.174821713E-01, 1.093050156E+03
       604, 2.774996396E-01, 2.324838056E-01, 1.094539474E+03
       605, 2.624999518E-01, 2.474900114E-01, 1.096892882E+03
       606, 3.374822888E-01, 1.574983386E-01, 1.089083033E+03
       607, 3.224867211E-01, 1.724938477E-01, 1.090439454E+03
       608, 3.524826157E-01, 1.424997618E-01, 1.087724173E+03
       609, 3.074928981E-01, 1.874845451E-01, 1.091804199E+03
       610, 2.924968199E-01, 2.024761481E-01, 1.093210424E+03
       611, 2.774988595E-01, 2.174761551E-01, 1.094769632E+03
       612, 2.624997511E-01, 2.324829641E-01, 1.096949752E+03
       613, 3.224757004E-01, 1.574937103E-01, 1.090507539E+03
       614, 3.374713908E-01, 1.424980186E-01, 1.089129997E+03
       615, 3.074840043E-01, 1.724814811E-01, 1.091901804E+03
       616, 2.924926927E-01, 1.874690896E-01, 1.093348040E+03
       617, 2.774971842E-01, 2.024671895E-01, 1.094947578E+03
       618, 2.624991696E-01, 2.174746801E-01, 1.097007496E+03
       619, 2.774931673E-01, 1.874563299E-01, 1.095087767E+03
       620, 2.624976879E-01, 2.024643992E-01, 1.097060484E+03
       621, 2.624940131E-01, 1.874516301E-01, 1.097106945E+03
       622, 2.174690389E-01, 1.574857673E-01, 1.102740134E+03
       623, 2.024743503E-01, 1.574978383E-01, 1.104316818E+03
       624, 2.174894905E-01, 1.724896135E-01, 1.102837221E+03
       625, 1.874802662E-01, 1.575015436E-01, 1.105796805E+03
       626, 2.024917710E-01, 1.724987121E-01, 1.104400804E+03
       627, 2.324876721E-01, 1.724703707E-01, 1.101103457E+03
       628, 2.174968989E-01, 1.874925836E-01, 1.102953354E+03
       629, 1.724861935E-01, 1.575012344E-01, 1.107219992E+03
       630, 1.874940416E-01, 1.725013680E-01, 1.105862490E+03
       631, 2.024977392E-01, 1.874992865E-01, 1.104496916E+03
       632, 2.324961768E-01, 1.874780838E-01, 1.101213721E+03
       633, 2.174990361E-01, 2.024948441E-01, 1.103090269E+03
       634, 1.724961251E-01, 1.725009213E-01, 1.107269076E+03
       635, 1.574907898E-01, 1.575005431E-01, 1.108612218E+03
       636, 1.874984226E-01, 1.875010559E-01, 1.105935496E+03
       637, 2.024992767E-01, 2.024996665E-01, 1.104604742E+03
       638, 2.474952513E-01, 1.874598754E-01, 1.099194457E+03
       639, 2.324988283E-01, 2.024842061E-01, 1.101353097E+03
       640, 2.174997686E-01, 2.174965255E-01, 1.103250238E+03
       641, 1.574975473E-01, 1.725002883E-01, 1.108648037E+03
       642, 1.724989869E-01, 1.875006214E-01, 1.107322586E+03
       643, 1.424937629E-01, 1.575002893E-01, 1.109989217E+03
       644, 1.874994751E-01, 2.025008267E-01, 1.106014869E+03
       645, 2.024997996E-01, 2.174998901E-01, 1.104723898E+03
       646, 2.474984150E-01, 2.024708097E-01, 1.099240005E+03
       647, 2.324999383E-01, 2.174894145E-01, 1.101530692E+03
       648, 2.175000195E-01, 2.324976956E-01, 1.103435485E+03
       649, 1.574993540E-01, 1.875001613E-01, 1.108686571E+03
       650, 1.424983848E-01, 1.725000965E-01, 1.110014978E+03
       651, 1.724996688E-01, 2.025004594E-01, 1.107379603E+03
       652, 1.274961224E-01, 1.575002926E-01, 1.111360387E+03
       653, 1.874998346E-01, 2.175006300E-01, 1.106099767E+03
       654, 2.024999870E-01, 2.325000015E-01, 1.104853671E+03
       655, 2.474994543E-01, 2.174798796E-01, 1.099292654E+03
       656, 2.325000825E-01, 2.324933721E-01, 1.101760742E+03
       657, 2.175000648E-01, 2.474984889E-01, 1.103647095E+03
       658, 1.574998124E-01, 2.025001148E-01, 1.108727093E+03
       659, 1.424995923E-01, 1.875000549E-01, 1.110042444E+03
       660, 1.274989792E-01, 1.725000518E-01, 1.111378768E+03
       661, 1.724998942E-01, 2.175003371E-01, 1.107439394E+03
       662, 1.274909730E-01, 1.425001763E-01, 1.111343303E+03
       663, 1.124979852E-01, 1.575001661E-01, 1.112731388E+03
       664, 1.874999682E-01, 2.325004611E-01, 1.106189235E+03
       665, 2.025000228E-01, 2.475000483E-01, 1.104992555E+03
       666, 2.475000704E-01, 2.324870091E-01, 1.099350228E+03
       667, 2.325002344E-01, 2.474961556E-01, 1.102064842E+03
       668, 2.175000559E-01, 2.624990184E-01, 1.103883086E+03
       669, 1.424998902E-01, 2.025000279E-01, 1.110071081E+03
       670, 1.574999452E-01, 2.175000797E-01, 1.108769056E+03
       671, 1.274997716E-01, 1.875000247E-01, 1.111398220E+03
       672, 1.124993629E-01, 1.725000417E-01, 1.112744443E+03
       673, 1.724999745E-01, 2.325002378E-01, 1.107501209E+03
       674, 1.274845310E-01, 1.275002495E-01, 1.111327612E+03
       675, 1.124947006E-01, 1.425000971E-01, 1.112719229E+03
       676, 9.749895322E-02, 1.575000577E-01, 1.114105521E+03
       677, 1.874999979E-01, 2.475003291E-01, 1.106282021E+03
       678, 2.025000211E-01, 2.625000608E-01, 1.105137889E+03
       679, 2.475001490E-01, 2.474926023E-01, 1.099407059E+03
       680, 2.325001731E-01, 2.624983815E-01, 1.102477088E+03
       681, 2.175000385E-01, 2.774993683E-01, 1.104134956E+03
       682, 1.424999696E-01, 2.175000185E-01, 1.110100490E+03
       683, 1.274999288E-01, 2.025000081E-01, 1.111418385E+03
       684, 1.574999869E-01, 2.325000532E-01, 1.108811918E+03
       685, 1.124998753E-01, 1.875000114E-01, 1.112758149E+03
       686, 9.749959634E-02, 1.725000387E-01, 1.114114723E+03
       687, 1.724999940E-01, 2.475001652E-01, 1.107564183E+03
       688, 1.124898315E-01, 1.275001412E-01, 1.112708079E+03
       689, 9.749689696E-02, 1.425001591E-01, 1.114096934E+03
       690, 8.249936882E-02, 1.575000375E-01, 1.115484445E+03
       691, 1.875000020E-01, 2.625002285E-01, 1.106376497E+03
       692, 2.025000117E-01, 2.775000569E-01, 1.105285725E+03
       693, 2.475003025E-01, 2.624976459E-01, 1.099449679E+03
       694, 2.324999584E-01, 2.774994043E-01, 1.103052048E+03
       695, 2.175000241E-01, 2.924996043E-01, 1.104380817E+03
       696, 1.424999920E-01, 2.325000124E-01, 1.110130288E+03
       697, 1.274999806E-01, 2.175000045E-01, 1.111438973E+03
       698, 1.124999556E-01, 2.025000063E-01, 1.112772302E+03
       699, 1.574999985E-01, 2.475000358E-01, 1.108855093E+03
       700, 9.749992368E-02, 1.875000145E-01, 1.114124330E+03
       701, 8.249974588E-02, 1.725000271E-01, 1.115490865E+03
       702, 1.724999982E-01, 2.625001125E-01, 1.107627318E+03
       703, 9.749385026E-02, 1.275002755E-01, 1.114089027E+03
       704, 8.249810430E-02, 1.425001086E-01, 1.115478435E+03
       705, 6.749962267E-02, 1.575000135E-01, 1.116868743E+03
       706, 1.875000012E-01, 2.775001503E-01, 1.106470731E+03
       707, 2.025000105E-01, 2.925000470E-01, 1.105431033E+03
       708, 2.324999721E-01, 2.924996143E-01, 1.103519355E+03
       709, 2.175000183E-01, 3.074997564E-01, 1.104608641E+03
       710, 1.274999949E-01, 2.325000026E-01, 1.111459719E+03
       711, 1.424999988E-01, 2.475000083E-01, 1.110160077E+03
       712, 1.124999888E-01, 2.175000039E-01, 1.112786693E+03
       713, 9.749997329E-02, 2.025000092E-01, 1.114134222E+03
       714, 1.575000008E-01, 2.625000235E-01, 1.108897943E+03
       715, 8.249995307E-02, 1.875000103E-01, 1.115497551E+03
       716, 6.749984239E-02, 1.725000115E-01, 1.116873164E+03
       717, 1.724999956E-01, 2.775000698E-01, 1.107689524E+03
       718, 8.249681682E-02, 1.275001521E-01, 1.115472830E+03
       719, 6.749885128E-02, 1.425000563E-01, 1.116864596E+03
       720, 5.249977536E-02, 1.575000066E-01, 1.118258272E+03
       721, 1.874999980E-01, 2.925000852E-01, 1.106562576E+03
       722, 2.025000028E-01, 3.075000349E-01, 1.105569138E+03
       723, 2.324999817E-01, 3.074997532E-01, 1.103901225E+03
       724, 2.175000119E-01, 3.224998478E-01, 1.104812008E+03
       725, 1.274999991E-01, 2.475000015E-01, 1.111480351E+03
       726, 1.124999968E-01, 2.325000018E-01, 1.112801140E+03
       727, 1.425000003E-01, 2.625000053E-01, 1.110189436E+03
       728, 9.749999420E-02, 2.175000047E-01, 1.114144255E+03
       729, 8.249998348E-02, 2.025000064E-01, 1.115504422E+03
       730, 1.574999998E-01, 2.775000154E-01, 1.108939800E+03
       731, 6.749997191E-02, 1.875000026E-01, 1.116877759E+03
       732, 5.249990315E-02, 1.725000067E-01, 1.118261240E+03
       733, 1.724999973E-01, 2.925000352E-01, 1.107749637E+03
       734, 6.749833180E-02, 1.274999973E-01, 1.116860697E+03
       735, 5.249930691E-02, 1.425000341E-01, 1.118255483E+03
       736, 3.749986812E-02, 1.575000037E-01, 1.119652357E+03
       737, 1.874999989E-01, 3.075000452E-01, 1.106649878E+03
       738, 2.025000017E-01, 3.225000237E-01, 1.105696160E+03
       739, 2.324999882E-01, 3.224998439E-01, 1.104213152E+03
       740, 2.175000079E-01, 3.374999056E-01, 1.104987748E+03
       741, 1.274999999E-01, 2.625000009E-01, 1.111500586E+03
       742, 1.124999995E-01, 2.475000010E-01, 1.112815456E+03
       743, 9.749999800E-02, 2.325000024E-01, 1.114154300E+03
       744, 1.425000000E-01, 2.775000035E-01, 1.110217937E+03
       745, 8.249999656E-02, 2.175000035E-01, 1.115511378E+03
       746, 6.749999044E-02, 2.025000017E-01, 1.116882476E+03
       747, 1.574999994E-01, 2.925000088E-01, 1.108979967E+03
       748, 5.249998323E-02, 1.875000011E-01, 1.118264323E+03
       749, 3.749994162E-02, 1.725000044E-01, 1.119654244E+03
       750, 1.724999992E-01, 3.075000170E-01, 1.107806494E+03
       751, 5.249900578E-02, 1.274999941E-01, 1.118252859E+03
       752, 3.749958849E-02, 1.425000219E-01, 1.119650581E+03
       753, 2.249993522E-02, 1.575000047E-01, 1.121049943E+03
       754, 1.874999992E-01, 3.225000277E-01, 1.106730612E+03
       755, 2.025000014E-01, 3.375000137E-01, 1.105809123E+03
       756, 2.324999924E-01, 3.374999023E-01, 1.104466009E+03
       757, 2.175000051E-01, 3.524999414E-01, 1.105134438E+03
       758, 1.124999999E-01, 2.625000004E-01, 1.112829448E+03
       759, 1.274999999E-01, 2.775000005E-01, 1.111520142E+03
       760, 9.749999973E-02, 2.475000012E-01, 1.114164229E+03
       761, 8.249999874E-02, 2.325000017E-01, 1.115518331E+03
       762, 1.424999998E-01, 2.925000020E-01, 1.110245142E+03
       763, 6.749999859E-02, 2.175000007E-01, 1.116887245E+03
       764, 5.249999420E-02, 2.025000007E-01, 1.118267483E+03
       765, 1.574999998E-01, 3.075000043E-01, 1.109017758E+03
       766, 3.749999010E-02, 1.875000006E-01, 1.119656202E+03
       767, 2.249996801E-02, 1.725000030E-01, 1.121050988E+03
       768, 1.724999995E-01, 3.225000101E-01, 1.107858963E+03
       769, 3.749946449E-02, 1.275000112E-01, 1.119648907E+03
       770, 2.249977980E-02, 1.425000133E-01, 1.121048961E+03
       771, 7.499983531E-03, 1.574999992E-01, 1.122449728E+03
       772, 1.874999991E-01, 3.375000142E-01, 1.106802993E+03
       773, 2.025000005E-01, 3.525000057E-01, 1.105905817E+03
       774, 2.324999952E-01, 3.524999394E-01, 1.104667570E+03
       775, 2.175000031E-01, 3.674999638E-01, 1.105251625E+03
       776, 1.124999999E-01, 2.775000003E-01, 1.112842928E+03
       777, 9.749999991E-02, 2.625000005E-01, 1.114173910E+03
       778, 1.275000000E-01, 2.925000004E-01, 1.111538734E+03
       779, 8.249999976E-02, 2.475000009E-01, 1.115525191E+03
       780, 6.749999938E-02, 2.325000005E-01, 1.116892007E+03
       781, 1.424999999E-01, 3.075000009E-01, 1.110270621E+03
       782, 5.249999916E-02, 2.175000002E-01, 1.118270677E+03
       783, 3.749999660E-02, 2.025000004E-01, 1.119658210E+03
       784, 1.574999998E-01, 3.225000024E-01, 1.109052500E+03
       785, 2.249999512E-02, 1.875000006E-01, 1.121052071E+03
       786, 7.499989702E-03, 1.725000031E-01, 1.122450063E+03
       787, 1.724999995E-01, 3.375000049E-01, 1.107906003E+03
       788, 2.249976570E-02, 1.274999919E-01, 1.121048029E+03
       789, 7.499931547E-03, 1.425000184E-01, 1.122449415E+03
       790, 1.874999995E-01, 3.525000050E-01, 1.106865504E+03
       791, 2.025000001E-01, 3.675000024E-01, 1.105984684E+03
       792, 2.324999970E-01, 3.674999628E-01, 1.104823331E+03
       793, 2.175000020E-01, 3.824999782E-01, 1.105339291E+03
       794, 1.125000000E-01, 2.925000001E-01, 1.112855706E+03
       795, 9.749999995E-02, 2.775000003E-01, 1.114183216E+03
       796, 8.249999992E-02, 2.625000004E-01, 1.115531870E+03
       797, 1.275000000E-01, 3.075000002E-01, 1.111556086E+03
       798, 6.749999994E-02, 2.475000003E-01, 1.116896700E+03
       799, 5.249999962E-02, 2.325000001E-01, 1.118273863E+03
       800, 1.425000000E-01, 3.225000004E-01, 1.110293960E+03
       801, 3.749999957E-02, 2.175000001E-01, 1.119660237E+03
       802, 2.249999818E-02, 2.025000003E-01, 1.121053182E+03
       803, 1.574999998E-01, 3.375000013E-01, 1.109083569E+03
       804, 7.499998769E-03, 1.875000001E-01, 1.122450409E+03
       805, 1.724999999E-01, 3.525000018E-01, 1.107946681E+03
       806, 7.499931291E-03, 1.274999819E-01, 1.122449116E+03
       807, 1.875000000E-01, 3.675000021E-01, 1.106916925E+03
       808, 2.025000000E-01, 3.825000014E-01, 1.106044642E+03
       809, 2.324999981E-01, 3.824999776E-01, 1.104937186E+03
       810, 2.175000014E-01, 3.974999878E-01, 1.105397611E+03
       811, 1.125000000E-01, 3.075000001E-01, 1.112867602E+03
       812, 9.749999998E-02, 2.925000001E-01, 1.114192020E+03
       813, 8.249999996E-02, 2.775000002E-01, 1.115538280E+03
       814, 6.749999995E-02, 2.625000001E-01, 1.116901265E+03
       815, 1.275000000E-01, 3.225000001E-01, 1.111571935E+03
       816, 5.249999998E-02, 2.475000001E-01, 1.118277002E+03
       817, 3.749999977E-02, 2.325000001E-01, 1.119662259E+03
       818, 1.425000000E-01, 3.375000002E-01, 1.110314774E+03
       819, 2.249999983E-02, 2.175000001E-01, 1.121054303E+03
       820, 7.499999399E-03, 2.025000002E-01, 1.122450764E+03
       821, 1.575000000E-01, 3.525000005E-01, 1.109110397E+03
       822, 1.725000000E-01, 3.675000010E-01, 1.107980208E+03
       823, 1.875000000E-01, 3.825000012E-01, 1.106956306E+03
       824, 2.025000000E-01, 3.975000007E-01, 1.106084991E+03
       825, 2.324999986E-01, 3.974999874E-01, 1.105011759E+03
       826, 2.175000015E-01, 4.124999959E-01, 1.105426758E+03
       827, 9.750000000E-02, 3.075000001E-01, 1.114200202E+03
       828, 1.125000000E-01, 3.225000000E-01, 1.112878444E+03
       829, 8.249999999E-02, 2.925000001E-01, 1.115544336E+03
       830, 6.749999998E-02, 2.775000001E-01, 1.116905641E+03
       831, 5.249999997E-02, 2.625000000E-01, 1.118280052E+03
       832, 1.275000000E-01, 3.375000001E-01, 1.111586036E+03
       833, 3.749999999E-02, 2.475000000E-01, 1.119664249E+03
       834, 2.249999987E-02, 2.325000000E-01, 1.121055420E+03
       835, 1.425000000E-01, 3.525000001E-01, 1.110332711E+03
       836, 7.499999950E-03, 2.175000000E-01, 1.122451123E+03
       837, 1.575000000E-01, 3.675000003E-01, 1.109132495E+03
       838, 1.725000000E-01, 3.825000006E-01, 1.108005941E+03
       839, 1.875000000E-01, 3.975000006E-01, 1.106982962E+03
       840, 2.025000000E-01, 4.125000002E-01, 1.106105309E+03
       841, 2.324999986E-01, 4.124999958E-01, 1.105048694E+03
       842, 9.750000000E-02, 3.225000000E-01, 1.114207648E+03
       843, 8.249999999E-02, 3.075000001E-01, 1.115549958E+03
       844, 1.125000000E-01, 3.375000000E-01, 1.112888073E+03
       845, 6.749999999E-02, 2.925000000E-01, 1.116909772E+03
       846, 5.249999999E-02, 2.775000000E-01, 1.118282974E+03
       847, 3.749999998E-02, 2.625000000E-01, 1.119666183E+03
       848, 1.275000000E-01, 3.525000000E-01, 1.111598165E+03
       849, 2.250000000E-02, 2.475000000E-01, 1.121056520E+03
       850, 7.499999955E-03, 2.325000000E-01, 1.122451480E+03
       851, 1.425000000E-01, 3.675000001E-01, 1.110347466E+03
       852, 1.575000000E-01, 3.825000002E-01, 1.109149457E+03
       853, 1.725000000E-01, 3.975000003E-01, 1.108023399E+03
       854, 1.875000000E-01, 4.125000002E-01, 1.106996445E+03
       855, 9.750000000E-02, 3.375000000E-01, 1.114214253E+03
       856, 8.250000000E-02, 3.225000000E-01, 1.115555069E+03
       857, 6.750000000E-02, 3.075000000E-01, 1.116913604E+03
       858, 1.125000000E-01, 3.525000000E-01, 1.112896346E+03
       859, 5.250000000E-02, 2.925000000E-01, 1.118285732E+03
       860, 3.749999999E-02, 2.775000000E-01, 1.119668035E+03
       861, 2.249999999E-02, 2.625000000E-01, 1.121057589E+03
       862, 1.275000000E-01, 3.675000000E-01, 1.111608132E+03
       863, 7.499999998E-03, 2.475000000E-01, 1.122451831E+03
       864, 1.425000000E-01, 3.825000000E-01, 1.110358785E+03
       865, 1.575000000E-01, 3.975000001E-01, 1.109160974E+03
       866, 1.725000000E-01, 4.125000001E-01, 1.108032257E+03
       867, 8.250000000E-02, 3.375000000E-01, 1.115559600E+03
       868, 9.750000000E-02, 3.525000000E-01, 1.114219924E+03
       869, 6.750000000E-02, 3.225000000E-01, 1.116917087E+03
       870, 5.250000000E-02, 3.075000000E-01, 1.118288289E+03
       871, 1.125000000E-01, 3.675000000E-01, 1.112903139E+03
       872, 3.750000000E-02, 2.925000000E-01, 1.119669783E+03
       873, 2.250000000E-02, 2.775000000E-01, 1.121058612E+03
       874, 7.499999997E-03, 2.625000000E-01, 1.122452173E+03
       875, 1.275000000E-01, 3.825000000E-01, 1.111615776E+03
       876, 1.425000000E-01, 3.975000000E-01, 1.110366476E+03
       877, 1.575000000E-01, 4.125000000E-01, 1.109166834E+03
       878, 6.750000000E-02, 3.375000000E-01, 1.116920173E+03
       879, 8.250000000E-02, 3.525000000E-01, 1.115563489E+03
       880, 9.750000000E-02, 3.675000000E-01, 1.114224579E+03
       881, 5.250000000E-02, 3.225000000E-01, 1.118290612E+03
       882, 3.750000000E-02, 3.075000000E-01, 1.119671403E+03
       883, 1.125000000E-01, 3.825000000E-01, 1.112908349E+03
       884, 2.250000000E-02, 2.925000000E-01, 1.121059577E+03
       885, 7.499999998E-03, 2.775000000E-01, 1.122452500E+03
       886, 1.275000000E-01, 3.975000000E-01, 1.111620974E+03
       887, 1.425000000E-01, 4.125000000E-01, 1.110370404E+03
       888, 6.750000000E-02, 3.525000000E-01, 1.116922822E+03
       889, 5.250000000E-02, 3.375000000E-01, 1.118292671E+03
       890, 8.250000000E-02, 3.675000000E-01, 1.115566683E+03
       891, 9.750000000E-02, 3.825000000E-01, 1.114228153E+03
       892, 3.750000000E-02, 3.225000000E-01, 1.119672875E+03
       893, 2.250000000E-02, 3.075000000E-01, 1.121060472E+03
       894, 1.125000000E-01, 3.975000000E-01, 1.112911898E+03
       895, 7.499999999E-03, 2.925000000E-01, 1.122452808E+03
       896, 1.275000000E-01, 4.125000000E-01, 1.111623643E+03
       897, 6.750000000E-02, 3.675000000E-01, 1.116924999E+03
       898, 5.250000000E-02, 3.525000000E-01, 1.118294439E+03
       899, 3.750000000E-02, 3.375000000E-01, 1.119674179E+03
       900, 8.250000000E-02, 3.825000000E-01, 1.115569137E+03
       901, 9.750000000E-02, 3.975000000E-01, 1.114230593E+03
       902, 2.250000000E-02, 3.225000000E-01, 1.121061285E+03
       903, 7.500000000E-03, 3.075000000E-01, 1.122453094E+03
       904, 1.125000000E-01, 4.125000000E-01, 1.112913733E+03
       905, 5.250000000E-02, 3.675000000E-01, 1.118295893E+03
       906, 6.750000000E-02, 3.825000000E-01, 1.116926674E+03
       907, 3.750000000E-02, 3.525000000E-01, 1.119675300E+03
       908, 2.250000000E-02, 3.375000000E-01, 1.121062006E+03
       909, 8.250000000E-02, 3.975000000E-01, 1.115570817E+03
       910, 9.750000000E-02, 4.125000000E-01, 1.114231864E+03
       911, 7.500000000E-03, 3.225000000E-01, 1.122453354E+03
       912, 3.750000000E-02, 3.675000000E-01, 1.119676222E+03
       913, 5.250000000E-02, 3.825000000E-01, 1.118297014E+03
       914, 6.750000000E-02, 3.975000000E-01, 1.116927825E+03
       915, 2.250000000E-02, 3.525000000E-01, 1.121062625E+03
       916, 7.500000000E-03, 3.375000000E-01, 1.122453584E+03
       917, 8.250000000E-02, 4.125000000E-01, 1.115571702E+03
       918, 3.750000000E-02, 3.825000000E-01, 1.119676934E+03
       919, 2.250000000E-02, 3.675000000E-01, 1.121063136E+03
       920, 5.250000000E-02, 3.975000000E-01, 1.118297787E+03
       921, 6.750000000E-02, 4.125000000E-01, 1.116928438E+03
       922, 7.500000000E-03, 3.525000000E-01, 1.122453782E+03
       923, 3.750000000E-02, 3.975000000E-01, 1.119677427E+03
       924, 2.250000000E-02, 3.825000000E-01, 1.121063530E+03
       925, 7.500000000E-03, 3.675000000E-01, 1.122453946E+03
       926, 5.250000000E-02, 4.125000000E-01, 1.118298202E+03
       927, 2.250000000E-02, 3.975000000E-01, 1.121063803E+03
       928, 3.750000000E-02, 4.125000000E-01, 1.119677694E+03
       929, 7.500000000E-03, 3.825000000E-01, 1.122454072E+03
       930, 7.500000000E-03, 3.975000000E-01, 1.122454159E+03
       931, 2.250000000E-02, 4.125000000E-01, 1.121063953E+03
       932, 7.500000000E-03, 4.125000000E-01, 1.122454208E+03
