case,T_G_avg,T_C_avg,T_C_max,T_G_min
100.0, 835.02504658588, 852.1730734201177, 857.5691162109375, 830.061669921875
10.0, 700.0042259532697, 861.925543398503, 908.91591796875, 652.4508911132813
15.0, 749.0482686961246, 859.2225883078264, 892.1455322265625, 716.8626342773438
20.0, 774.1649832883514, 857.670755143418, 883.0073486328125, 749.837060546875
30.0, 799.5251242817927, 855.7958902942108, 873.128076171875, 783.1792236328125
40.0, 812.2267495839311, 854.6626833803028, 867.8305908203125, 799.9157958984375
5.0, 563.1061966975687, 869.0265997659075, 950.6638427734375, 471.8929077148438
60.0, 824.9002824582138, 853.3522788031929, 862.249658203125, 816.6572509765625
80.0, 831.2109414899377, 852.6109030402876, 859.3281494140625, 825.0139404296875
